pair_ID	entailment_judgment	relatedness_score
6	NA	2.2131443
7	NA	2.2325885
8	NA	2.5786712
10	NA	2.9961693
11	NA	2.9986253
13	NA	2.1010072
15	NA	1.8317015
16	NA	1.4633014
17	NA	1.4300435
19	NA	2.989375
20	NA	2.8630037
21	NA	2.8647163
22	NA	2.7231596
23	NA	2.8171296
27	NA	2.4721622
29	NA	2.429622
31	NA	2.675598
32	NA	2.699868
33	NA	2.879502
34	NA	2.951109
36	NA	2.3846912
37	NA	2.3451877
38	NA	2.5313692
39	NA	2.2388415
41	NA	2.9848955
43	NA	2.9576678
46	NA	2.1689525
48	NA	2.1359928
50	NA	2.1399367
51	NA	2.1161518
52	NA	2.982033
53	NA	2.9851954
54	NA	1.7529365
57	NA	2.7812283
59	NA	2.780332
60	NA	2.7766027
61	NA	1.7465438
63	NA	2.9884453
64	NA	2.6361861
66	NA	2.4138942
67	NA	2.8174381
68	NA	2.6043272
69	NA	2.5556939
71	NA	2.708533
74	NA	2.9767065
75	NA	2.7439244
76	NA	2.8124475
80	NA	2.3727777
86	NA	2.2625914
89	NA	2.9952638
92	NA	2.149521
95	NA	2.1300871
96	NA	1.8567725
101	NA	2.9982595
102	NA	2.7762048
103	NA	2.0665395
104	NA	1.9934049
106	NA	2.0583475
108	NA	2.8171277
109	NA	2.219891
110	NA	2.9466596
111	NA	2.1269398
114	NA	1.889336
115	NA	2.2068582
118	NA	2.9143429
121	NA	2.9922323
123	NA	2.4133604
125	NA	2.2467313
128	NA	2.4150302
132	NA	2.8487172
134	NA	2.8955443
135	NA	2.2920034
137	NA	2.3912342
138	NA	2.571926
142	NA	2.3232288
143	NA	2.5211892
144	NA	2.4165103
145	NA	1.4684978
147	NA	2.009585
149	NA	2.536965
151	NA	2.980322
152	NA	1.458651
153	NA	2.9239972
154	NA	1.5546362
155	NA	2.409222
156	NA	2.1367
157	NA	2.9381075
158	NA	2.7642086
160	NA	2.8122864
162	NA	2.498746
165	NA	2.390863
166	NA	2.396612
167	NA	2.966751
168	NA	2.98911
169	NA	2.9883046
171	NA	2.9399369
172	NA	2.9292965
174	NA	2.8814025
175	NA	2.910123
177	NA	2.9038458
178	NA	2.9107952
179	NA	2.7799332
180	NA	2.8680413
181	NA	2.8740947
182	NA	2.8636048
187	NA	2.286661
189	NA	2.3844128
190	NA	2.3259938
191	NA	2.824292
193	NA	2.9616406
195	NA	2.6706212
196	NA	2.638368
198	NA	2.5438097
199	NA	2.5394258
203	NA	2.8762429
204	NA	2.6587436
206	NA	2.6995993
207	NA	2.6536894
208	NA	2.698877
209	NA	2.9305942
210	NA	2.6217427
212	NA	2.9748566
213	NA	1.9987378
214	NA	1.9909837
220	NA	2.992338
221	NA	2.7288074
222	NA	3.0
229	NA	2.9997778
230	NA	2.227444
231	NA	2.9868782
235	NA	2.22049
239	NA	2.4856765
242	NA	2.970247
243	NA	2.6841862
244	NA	2.6238587
245	NA	2.4361193
246	NA	2.2743778
247	NA	2.3496664
250	NA	2.2234473
251	NA	2.1513596
252	NA	2.1991682
255	NA	2.9266932
261	NA	2.6176488
262	NA	2.941852
263	NA	2.997592
264	NA	2.7020345
267	NA	1.9762794
268	NA	1.9299684
270	NA	1.942343
271	NA	2.4660544
274	NA	2.8244982
275	NA	2.9827468
278	NA	2.3644614
281	NA	2.3472745
282	NA	2.9950218
284	NA	2.8709767
288	NA	2.4592273
290	NA	2.4503918
292	NA	2.4531271
294	NA	2.9893866
295	NA	2.0484169
297	NA	2.0416746
298	NA	1.9200935
299	NA	1.9862249
300	NA	2.885401
306	NA	2.1761653
307	NA	2.665502
308	NA	2.674498
314	NA	2.9752674
316	NA	2.7688267
318	NA	2.7311041
319	NA	2.712876
320	NA	2.6333303
321	NA	2.7011378
322	NA	2.9991467
324	NA	2.976674
325	NA	2.6708188
326	NA	2.7190027
328	NA	2.7120616
330	NA	2.708461
334	NA	2.9974387
336	NA	2.4743526
337	NA	2.376072
343	NA	2.5913987
345	NA	1.9889884
348	NA	2.5953052
349	NA	2.528793
350	NA	2.625169
352	NA	2.6931016
353	NA	2.9521782
355	NA	2.6200616
356	NA	2.4739606
357	NA	2.4441223
359	NA	2.1459298
364	NA	2.935349
365	NA	2.855216
368	NA	2.8012726
369	NA	2.7840018
371	NA	2.9969072
376	NA	2.8746395
383	NA	2.8252218
385	NA	2.980357
386	NA	2.7021182
388	NA	2.8954537
389	NA	2.7701821
399	NA	2.3600488
400	NA	2.388799
401	NA	2.690321
405	NA	2.950379
406	NA	1.601084
407	NA	1.6543132
408	NA	1.6989492
411	NA	2.9343352
412	NA	2.7329388
414	NA	2.8344061
416	NA	2.2417552
418	NA	2.4410124
419	NA	2.599085
420	NA	2.4141197
421	NA	2.405975
424	NA	2.8782582
425	NA	2.5608835
426	NA	2.5919719
429	NA	2.721564
430	NA	2.7283287
431	NA	2.508218
432	NA	2.525863
433	NA	2.8316684
437	NA	2.3472965
443	NA	2.8390954
444	NA	2.5175505
445	NA	2.6675494
448	NA	2.447299
452	NA	2.424086
453	NA	2.6376822
455	NA	2.790288
456	NA	2.5324404
458	NA	2.2030103
459	NA	2.4882836
460	NA	2.4969306
463	NA	2.6219015
464	NA	2.9848301
466	NA	2.8485084
467	NA	2.750077
468	NA	2.6934075
469	NA	2.987687
471	NA	2.7647905
472	NA	2.7653248
474	NA	2.6157656
478	NA	2.189641
479	NA	2.5277655
480	NA	2.444199
481	NA	2.558591
482	NA	2.9908936
483	NA	2.177353
487	NA	2.5229003
488	NA	2.4827046
490	NA	2.508533
492	NA	2.841676
493	NA	2.565146
495	NA	2.769878
498	NA	2.6913943
501	NA	2.561182
502	NA	2.607193
503	NA	2.4580097
504	NA	2.7055423
509	NA	2.434276
510	NA	2.6707153
511	NA	2.757085
512	NA	2.6998973
517	NA	2.7873302
518	NA	2.9989836
519	NA	2.9155369
521	NA	2.6236627
523	NA	2.0585442
525	NA	2.5563514
532	NA	2.8393302
533	NA	2.7886505
534	NA	2.652531
536	NA	2.4423704
537	NA	2.5460327
539	NA	2.440692
540	NA	2.4276621
543	NA	2.5369067
544	NA	2.723008
546	NA	2.9432554
547	NA	2.2596138
549	NA	2.4164593
553	NA	2.5378087
554	NA	2.9924748
558	NA	2.9923534
559	NA	2.4491765
562	NA	2.4317784
563	NA	2.8022676
566	NA	2.8033504
567	NA	2.9832275
569	NA	2.8593447
571	NA	2.8266227
572	NA	2.6334105
573	NA	2.6668956
574	NA	2.3620417
575	NA	2.7258384
576	NA	2.633482
577	NA	2.6125925
578	NA	2.627235
579	NA	2.6650126
580	NA	2.9933157
582	NA	2.9303994
583	NA	2.902881
584	NA	2.9392712
585	NA	2.6667926
589	NA	2.6789613
590	NA	2.7204027
591	NA	2.940677
593	NA	2.926329
594	NA	2.82719
595	NA	2.821736
596	NA	2.6286979
598	NA	2.683281
600	NA	2.57447
602	NA	1.6247612
607	NA	2.3624017
608	NA	2.4148917
610	NA	2.4468935
612	NA	2.4589384
613	NA	2.9999545
614	NA	2.8657582
615	NA	2.353346
616	NA	2.9299493
618	NA	1.8910053
620	NA	2.4691477
623	NA	2.4815695
624	NA	2.1794891
627	NA	2.5203142
633	NA	2.7185996
635	NA	1.9587432
636	NA	1.9121572
639	NA	2.7296417
640	NA	2.995104
642	NA	2.931053
644	NA	2.3814313
652	NA	2.2562177
654	NA	2.2550535
656	NA	2.9666808
658	NA	1.8006839
659	NA	1.8407226
662	NA	2.4464335
664	NA	1.8225363
665	NA	2.8544464
666	NA	2.63887
667	NA	2.771401
669	NA	2.7972815
670	NA	2.586956
673	NA	2.2284799
674	NA	2.2791934
675	NA	2.258893
677	NA	2.9743838
681	NA	2.7969391
682	NA	2.5081513
683	NA	2.4853988
684	NA	2.1643493
686	NA	2.4330182
688	NA	2.5114353
694	NA	2.6620605
695	NA	2.5617123
700	NA	2.696518
701	NA	2.5646267
705	NA	2.2483976
706	NA	2.122856
707	NA	2.2716928
708	NA	1.7931962
710	NA	2.430816
711	NA	2.6264231
712	NA	2.679526
713	NA	2.5381227
714	NA	2.7813182
716	NA	2.9894242
719	NA	2.177727
720	NA	2.174638
721	NA	1.9947863
724	NA	1.0
726	NA	2.8919148
739	NA	2.7927408
740	NA	2.5350792
742	NA	2.7942548
743	NA	2.1238365
744	NA	2.1258044
750	NA	1.0
751	NA	2.500303
753	NA	2.906675
755	NA	2.429231
756	NA	1.9963592
758	NA	2.6189754
763	NA	2.9744546
767	NA	2.4112935
770	NA	1.5946189
771	NA	1.6523684
773	NA	2.9410658
775	NA	2.894777
776	NA	2.5679517
778	NA	2.4638054
779	NA	2.4975135
781	NA	2.7515926
782	NA	2.7853456
786	NA	2.4674866
787	NA	2.3611832
788	NA	2.0950634
790	NA	1.8787478
794	NA	2.9786448
795	NA	2.9958541
798	NA	2.8697603
800	NA	2.2584085
801	NA	2.7645314
803	NA	2.7387836
805	NA	2.918231
806	NA	2.9963434
807	NA	2.7995677
808	NA	2.9680521
809	NA	2.7342846
810	NA	2.3817704
814	NA	2.4962242
815	NA	2.3853872
817	NA	2.995513
818	NA	2.7069697
819	NA	2.7823348
821	NA	2.239394
823	NA	2.0189717
826	NA	2.3473032
828	NA	2.9033353
829	NA	2.8383477
832	NA	2.3039274
833	NA	2.6615684
834	NA	2.435736
835	NA	2.5103664
837	NA	2.6466732
838	NA	2.8475895
840	NA	2.7940485
842	NA	2.6485465
843	NA	2.8927383
847	NA	2.6507337
849	NA	2.6260476
850	NA	2.675249
853	NA	2.9369884
854	NA	2.167043
856	NA	2.999952
861	NA	2.027094
863	NA	2.1867187
865	NA	2.3310335
871	NA	1.8452108
875	NA	2.146117
877	NA	2.9874125
884	NA	1.5013195
885	NA	1.734005
886	NA	1.905905
890	NA	2.9699523
891	NA	2.4307754
894	NA	2.6960049
896	NA	2.605288
897	NA	2.174682
900	NA	2.9383721
901	NA	2.9296587
903	NA	2.837703
905	NA	2.730803
907	NA	2.539582
911	NA	2.5501266
912	NA	2.9879863
914	NA	2.9992313
916	NA	2.6518557
918	NA	2.1970682
919	NA	2.1336505
921	NA	2.1702213
923	NA	2.7051792
924	NA	2.685742
925	NA	2.6627629
926	NA	2.938411
928	NA	2.4354546
929	NA	2.53651
930	NA	2.86814
934	NA	2.9442937
937	NA	2.8479035
938	NA	2.7437303
939	NA	2.5700076
941	NA	2.7580755
942	NA	2.6031322
946	NA	2.4834654
951	NA	2.9675176
952	NA	2.3977172
954	NA	2.091945
955	NA	2.4236944
958	NA	2.1071482
964	NA	2.704216
965	NA	2.7350562
966	NA	2.815219
968	NA	2.3794525
969	NA	2.6808605
971	NA	2.7140448
972	NA	2.6823127
974	NA	2.5916576
976	NA	2.9268053
977	NA	2.8993936
981	NA	2.4784687
982	NA	2.7229714
983	NA	2.4416764
986	NA	2.9965997
990	NA	2.9976137
992	NA	2.4084377
993	NA	2.1707382
995	NA	2.167849
997	NA	2.1417782
999	NA	2.936615
1001	NA	2.9956586
1003	NA	2.7079334
1005	NA	2.5892274
1006	NA	2.5539618
1011	NA	2.655072
1012	NA	2.478655
1013	NA	2.6056578
1014	NA	2.582186
1015	NA	2.7425642
1017	NA	2.3988326
1020	NA	2.4081576
1023	NA	2.486816
1024	NA	2.878465
1025	NA	2.8539157
1027	NA	2.4253707
1030	NA	2.4523313
1032	NA	2.6672564
1034	NA	2.7942483
1035	NA	2.9998071
1036	NA	2.6518993
1040	NA	2.588326
1041	NA	2.3652954
1042	NA	2.3437803
1051	NA	2.5507524
1056	NA	2.5430763
1058	NA	2.9112191
1059	NA	2.9032233
1060	NA	2.7938857
1062	NA	2.860639
1063	NA	2.66964
1066	NA	2.6035187
1067	NA	2.611963
1070	NA	2.7249355
1071	NA	2.8961055
1072	NA	2.814486
1073	NA	2.9996834
1075	NA	2.6640205
1077	NA	2.4781854
1078	NA	2.2753525
1079	NA	2.6666584
1081	NA	2.6720746
1085	NA	3.0
1086	NA	2.9690897
1089	NA	2.6891105
1098	NA	2.9817295
1100	NA	2.7774749
1101	NA	2.616835
1103	NA	2.7771192
1106	NA	2.9779334
1107	NA	2.989256
1110	NA	2.7308702
1113	NA	2.2990654
1114	NA	2.2918713
1116	NA	2.3055658
1121	NA	2.453365
1123	NA	2.853354
1124	NA	2.5789292
1126	NA	2.967506
1127	NA	2.9229321
1130	NA	2.81926
1131	NA	3.0
1132	NA	1.5679381
1134	NA	1.4983394
1136	NA	1.5478319
1138	NA	1.4983394
1139	NA	2.3673687
1140	NA	1.740375
1141	NA	2.997915
1142	NA	2.7153075
1143	NA	2.7738783
1144	NA	2.3993893
1146	NA	1.6799488
1148	NA	2.9336727
1150	NA	2.91458
1151	NA	2.6379023
1152	NA	2.8956997
1156	NA	2.9840446
1158	NA	2.7299187
1159	NA	2.9874907
1160	NA	2.9286823
1163	NA	2.7619755
1164	NA	2.7941113
1166	NA	2.7840958
1168	NA	2.7847335
1171	NA	2.5697415
1172	NA	2.772438
1173	NA	2.5698278
1174	NA	2.9956708
1176	NA	2.8586843
1181	NA	2.8151731
1183	NA	2.7994587
1185	NA	2.9959002
1186	NA	2.8605206
1187	NA	2.9793928
1189	NA	2.7918758
1197	NA	2.7125132
1198	NA	2.5071702
1199	NA	2.784723
1201	NA	2.4658155
1203	NA	2.7045414
1204	NA	2.7954156
1208	NA	2.9992423
1209	NA	2.9323006
1210	NA	1.5655464
1211	NA	1.6215965
1216	NA	2.6020403
1217	NA	2.3877666
1218	NA	2.66145
1220	NA	2.5967715
1223	NA	2.7063606
1224	NA	2.9927206
1225	NA	2.5854983
1226	NA	2.963212
1229	NA	2.588792
1231	NA	2.5785646
1233	NA	2.8412764
1234	NA	2.7916112
1235	NA	2.2390645
1238	NA	2.6431491
1243	NA	2.5776813
1245	NA	2.5734186
1247	NA	2.5726688
1250	NA	2.995497
1252	NA	2.0614455
1253	NA	2.9911032
1254	NA	2.981417
1256	NA	1.8935448
1257	NA	1.8860397
1258	NA	1.935361
1260	NA	2.9861276
1261	NA	2.950685
1262	NA	2.957721
1263	NA	2.1236715
1264	NA	2.8093724
1265	NA	1.7552977
1267	NA	2.7460444
1269	NA	2.8989305
1272	NA	2.929203
1277	NA	2.8896217
1278	NA	2.9494991
1279	NA	2.9754612
1281	NA	2.2110336
1285	NA	2.9442945
1286	NA	2.9318929
1288	NA	2.6816266
1289	NA	2.865787
1290	NA	2.9829738
1295	NA	2.9853566
1296	NA	2.748009
1298	NA	2.7811248
1299	NA	2.7516186
1300	NA	2.231484
1301	NA	2.9689
1304	NA	2.9527223
1306	NA	2.2010863
1307	NA	2.7864807
1309	NA	2.8162022
1310	NA	2.5812416
1312	NA	2.8968277
1313	NA	2.6784341
1314	NA	2.7511232
1315	NA	2.7338986
1316	NA	2.5385654
1320	NA	3.0
1322	NA	1.5068836
1323	NA	3.0
1324	NA	2.8814132
1325	NA	1.5183642
1327	NA	2.9933968
1330	NA	2.996111
1331	NA	2.9849846
1332	NA	2.8934133
1334	NA	2.5749772
1337	NA	2.7995543
1338	NA	2.6572342
1339	NA	2.799538
1340	NA	2.4381196
1343	NA	2.463334
1347	NA	2.5449364
1348	NA	2.9181068
1349	NA	2.743647
1351	NA	2.999843
1353	NA	2.828606
1356	NA	2.6359394
1357	NA	2.8251708
1360	NA	2.5882688
1362	NA	2.2770479
1363	NA	2.408852
1364	NA	1.9832922
1366	NA	1.9057496
1367	NA	2.864981
1369	NA	2.9520628
1370	NA	2.9318755
1374	NA	2.4508655
1375	NA	2.5129116
1377	NA	2.9386766
1382	NA	2.6441166
1383	NA	2.760075
1391	NA	2.9511523
1392	NA	2.4153564
1393	NA	2.516297
1394	NA	2.9953575
1395	NA	2.9944193
1397	NA	2.0453358
1398	NA	2.995968
1401	NA	2.9979098
1402	NA	2.9958825
1406	NA	2.8589056
1411	NA	2.7977755
1413	NA	2.9083788
1416	NA	2.992806
1418	NA	2.633639
1420	NA	2.7138565
1422	NA	2.9379888
1423	NA	2.5140426
1424	NA	2.9026055
1425	NA	2.6953094
1426	NA	2.5258849
1428	NA	2.562164
1430	NA	2.5546641
1433	NA	2.6331296
1436	NA	2.5114832
1437	NA	2.9254467
1439	NA	2.448295
1440	NA	2.0526052
1441	NA	2.4736006
1442	NA	2.9870305
1445	NA	2.4672368
1447	NA	2.9829595
1449	NA	2.9911551
1450	NA	2.9934332
1451	NA	2.7119188
1452	NA	2.7115834
1454	NA	2.4133365
1456	NA	2.7224243
1457	NA	2.9750593
1459	NA	2.8508093
1460	NA	2.9881322
1462	NA	2.9190567
1465	NA	2.9208882
1468	NA	2.9998593
1471	NA	2.2475348
1472	NA	2.6427486
1475	NA	2.986063
1477	NA	2.9691405
1478	NA	2.94081
1485	NA	2.8791962
1490	NA	2.2743309
1491	NA	2.617016
1492	NA	2.7323256
1496	NA	2.6463716
1497	NA	2.8408232
1500	NA	1.8357159
1502	NA	2.9536195
1507	NA	2.6537445
1508	NA	2.6354752
1510	NA	2.6267018
1512	NA	1.8590846
1515	NA	2.0345635
1516	NA	2.0486212
1518	NA	1.0
1520	NA	2.965473
1522	NA	2.9778023
1526	NA	2.8497593
1528	NA	2.8550916
1529	NA	2.9254694
1530	NA	2.9411743
1533	NA	2.828717
1537	NA	2.5715315
1539	NA	2.6073258
1540	NA	2.9414463
1542	NA	2.5978377
1543	NA	1.602026
1544	NA	2.6133096
1546	NA	2.5909445
1548	NA	1.7126861
1554	NA	1.7166044
1555	NA	2.2192621
1556	NA	2.97837
1560	NA	2.741385
1561	NA	2.9921927
1562	NA	2.9113255
1564	NA	2.9384398
1567	NA	2.9900248
1568	NA	2.780211
1569	NA	2.9963818
1571	NA	2.4307246
1572	NA	2.484978
1577	NA	2.4808888
1578	NA	2.7519958
1579	NA	2.727806
1581	NA	2.4810355
1583	NA	2.383978
1589	NA	2.392433
1590	NA	2.314331
1593	NA	2.6127977
1594	NA	2.4954784
1596	NA	2.7630024
1597	NA	2.7103834
1598	NA	2.998873
1600	NA	2.5263379
1602	NA	2.16905
1603	NA	2.119755
1605	NA	2.4782414
1611	NA	2.9139178
1613	NA	1.7919016
1616	NA	2.0676296
1617	NA	1.9981698
1619	NA	2.9672918
1620	NA	3.0
1622	NA	2.394322
1623	NA	1.0
1624	NA	2.7729485
1630	NA	2.9887075
1633	NA	2.6197965
1634	NA	2.5447547
1636	NA	2.8588917
1637	NA	2.5905168
1638	NA	1.8757449
1642	NA	2.5247219
1644	NA	2.409335
1645	NA	1.904457
1654	NA	2.4813316
1656	NA	2.7601213
1658	NA	2.3745584
1662	NA	2.3211508
1664	NA	2.9985273
1665	NA	2.4551797
1666	NA	2.7428896
1667	NA	2.7292135
1672	NA	2.745283
1674	NA	1.5156134
1678	NA	2.8302107
1679	NA	1.5064336
1681	NA	2.7201953
1683	NA	2.6356769
1684	NA	2.6630251
1685	NA	2.7563207
1686	NA	1.6726718
1688	NA	1.0
1689	NA	2.6794062
1692	NA	2.310772
1693	NA	2.9039495
1695	NA	2.9557593
1696	NA	2.385167
1698	NA	2.3816113
1699	NA	1.9667073
1701	NA	2.7581954
1704	NA	2.9986455
1709	NA	2.7450652
1710	NA	2.7454348
1713	NA	2.3959188
1717	NA	1.6390098
1718	NA	2.4341002
1720	NA	2.2924638
1722	NA	2.7261071
1725	NA	2.7971277
1726	NA	2.8796852
1727	NA	2.5154457
1728	NA	1.0
1730	NA	2.409444
1731	NA	1.0
1732	NA	1.5975119
1734	NA	2.5715313
1735	NA	2.5332441
1737	NA	2.7906642
1738	NA	1.6582359
1739	NA	1.0
1740	NA	1.8089414
1742	NA	1.8345441
1743	NA	2.7804165
1744	NA	2.7476513
1745	NA	2.965181
1746	NA	2.8402646
1748	NA	2.1430652
1749	NA	2.154394
1750	NA	2.037301
1752	NA	2.1872466
1758	NA	2.5397809
1760	NA	2.5535922
1761	NA	2.5081043
1762	NA	2.4672446
1763	NA	2.5323472
1764	NA	2.5290697
1767	NA	2.8788357
1768	NA	2.9807265
1769	NA	2.8910782
1770	NA	2.5316408
1774	NA	2.5210476
1775	NA	1.0
1778	NA	3.0
1779	NA	2.8333185
1785	NA	2.482469
1786	NA	2.8137584
1788	NA	2.8137584
1790	NA	2.7025998
1793	NA	1.9539491
1794	NA	2.4118085
1795	NA	2.566662
1796	NA	1.5454994
1797	NA	2.2217531
1799	NA	2.4199803
1800	NA	2.424941
1801	NA	2.6824696
1802	NA	2.126263
1803	NA	2.888095
1804	NA	2.5348792
1805	NA	2.580451
1806	NA	2.5088468
1810	NA	2.346804
1813	NA	2.4618685
1816	NA	2.9675617
1817	NA	2.2574794
1819	NA	2.5846255
1821	NA	1.974934
1824	NA	1.8853978
1826	NA	2.7793045
1827	NA	2.6878395
1828	NA	2.8953474
1831	NA	2.9342976
1833	NA	2.0548613
1834	NA	2.3753393
1835	NA	2.2768815
1836	NA	2.2858665
1837	NA	2.438332
1838	NA	2.3974354
1843	NA	2.6838777
1845	NA	2.4285676
1848	NA	2.0729506
1850	NA	2.7361436
1855	NA	2.7962847
1856	NA	2.9031324
1857	NA	1.668272
1858	NA	2.7474122
1859	NA	2.9993272
1860	NA	2.6406486
1862	NA	1.8390552
1863	NA	1.9816002
1864	NA	1.0
1865	NA	2.7959707
1867	NA	2.6316507
1868	NA	1.4209282
1870	NA	1.544149
1871	NA	1.4171563
1872	NA	2.1057286
1875	NA	2.80371
1880	NA	1.6237106
1883	NA	2.4003143
1885	NA	2.6989648
1889	NA	2.9483898
1890	NA	1.0
1891	NA	2.4016209
1893	NA	2.071069
1895	NA	1.7124853
1896	NA	2.005382
1899	NA	2.6590626
1901	NA	1.0
1902	NA	2.041139
1903	NA	1.8149691
1905	NA	2.0072045
1906	NA	1.828834
1911	NA	2.3979456
1913	NA	2.7927256
1914	NA	2.8259137
1915	NA	2.5427265
1916	NA	2.4879951
1917	NA	2.7218065
1920	NA	2.4204645
1922	NA	1.4184381
1923	NA	2.4524224
1924	NA	2.43295
1925	NA	2.8220382
1926	NA	2.8075852
1928	NA	2.1417594
1929	NA	2.032514
1930	NA	2.1805956
1931	NA	2.332531
1932	NA	2.817795
1933	NA	2.3010044
1937	NA	2.9998343
1938	NA	2.0533617
1941	NA	2.7781668
1945	NA	2.8768804
1947	NA	2.7308922
1950	NA	2.6235483
1951	NA	2.4021072
1953	NA	2.9991248
1956	NA	2.9142015
1957	NA	2.7126417
1958	NA	1.7805486
1959	NA	1.8025049
1960	NA	1.7789841
1962	NA	1.4540871
1965	NA	2.130869
1966	NA	2.1266203
1968	NA	2.4845848
1971	NA	1.6172953
1973	NA	2.624454
1976	NA	2.6020212
1977	NA	2.998561
1979	NA	2.3706512
1980	NA	1.7777233
1982	NA	1.8618376
1983	NA	2.4449224
1985	NA	2.3844428
1986	NA	2.8434696
1990	NA	2.4585733
1995	NA	2.2070606
1997	NA	2.5450478
1998	NA	2.514095
2002	NA	2.7806406
2003	NA	2.3194854
2010	NA	2.485956
2013	NA	2.3050957
2017	NA	2.6402066
2021	NA	2.437789
2022	NA	2.1763594
2026	NA	2.4599779
2028	NA	2.9756713
2031	NA	2.819698
2032	NA	2.7996197
2033	NA	2.3158977
2034	NA	1.885971
2036	NA	2.3050609
2039	NA	2.3015995
2042	NA	2.4827862
2043	NA	2.6434774
2044	NA	2.7117503
2046	NA	2.3510387
2048	NA	1.0
2050	NA	1.0
2053	NA	2.8157585
2054	NA	2.9047134
2057	NA	2.4542112
2060	NA	2.8077083
2062	NA	2.1447597
2063	NA	2.6582518
2065	NA	2.9540894
2069	NA	2.3300865
2071	NA	2.7488332
2074	NA	2.501238
2077	NA	2.0614994
2083	NA	2.5687275
2085	NA	2.5839772
2093	NA	2.6016712
2095	NA	2.3673193
2099	NA	2.552812
2101	NA	2.996908
2106	NA	2.6408577
2108	NA	2.7434566
2110	NA	2.599066
2111	NA	2.3420389
2114	NA	2.6422052
2116	NA	2.5822434
2120	NA	2.2865813
2126	NA	2.5025616
2127	NA	2.999854
2128	NA	2.7131953
2129	NA	1.8250123
2131	NA	1.7437309
2133	NA	2.9606998
2134	NA	2.7273896
2135	NA	2.961112
2137	NA	2.5776813
2138	NA	2.9106157
2140	NA	2.8675325
2142	NA	1.4977196
2143	NA	1.4747229
2147	NA	1.5474762
2149	NA	3.0
2151	NA	2.8371892
2152	NA	2.9486384
2154	NA	2.6684961
2155	NA	1.6856242
2156	NA	1.513201
2158	NA	1.5897778
2159	NA	2.2119884
2160	NA	2.2181568
2161	NA	1.5897778
2168	NA	2.8567271
2169	NA	2.8540306
2173	NA	2.8459933
2174	NA	2.8475056
2177	NA	2.4573462
2178	NA	2.449954
2182	NA	2.9996057
2185	NA	2.7793257
2186	NA	2.2223034
2187	NA	2.1345553
2189	NA	2.0848038
2190	NA	2.1894982
2191	NA	2.8037558
2193	NA	2.4754941
2194	NA	2.9813662
2197	NA	2.3227904
2200	NA	2.6315324
2201	NA	2.5949032
2204	NA	2.7867575
2206	NA	2.606155
2209	NA	2.3946755
2211	NA	2.6487668
2214	NA	2.6673048
2216	NA	2.748729
2219	NA	2.9571836
2220	NA	2.43221
2223	NA	2.3329957
2224	NA	2.3676584
2225	NA	2.452527
2227	NA	2.249596
2230	NA	2.8179817
2237	NA	2.8841012
2241	NA	1.0
2244	NA	2.050414
2245	NA	2.0175285
2246	NA	3.0
2248	NA	2.653556
2249	NA	2.0171466
2254	NA	1.7248167
2255	NA	2.9779239
2256	NA	2.9517963
2257	NA	2.9721909
2258	NA	2.6710217
2262	NA	2.5266113
2265	NA	2.6211417
2267	NA	2.959501
2268	NA	2.0662048
2269	NA	2.1388042
2270	NA	2.0559163
2271	NA	1.9993421
2273	NA	2.8093789
2276	NA	2.996193
2278	NA	2.7876818
2279	NA	2.6772723
2280	NA	2.7912483
2283	NA	2.6913095
2285	NA	2.8283784
2290	NA	2.6179585
2292	NA	2.6317556
2293	NA	2.5247927
2294	NA	2.449835
2295	NA	2.530383
2296	NA	2.4372244
2298	NA	2.577392
2300	NA	1.8360687
2301	NA	2.4695807
2306	NA	2.4603603
2312	NA	2.567275
2313	NA	2.9641535
2320	NA	2.7253802
2321	NA	2.644307
2323	NA	2.925027
2324	NA	2.614438
2325	NA	2.3500786
2326	NA	2.4195287
2328	NA	2.3500786
2331	NA	2.989314
2335	NA	2.7840958
2336	NA	2.5714455
2337	NA	2.820483
2342	NA	2.7389307
2343	NA	2.3645258
2345	NA	2.2895985
2346	NA	2.9503243
2347	NA	2.939576
2349	NA	2.987453
2353	NA	1.6118329
2354	NA	1.4298468
2355	NA	1.0
2356	NA	1.4369122
2357	NA	2.7365792
2361	NA	2.7303357
2367	NA	1.5538452
2370	NA	2.5383317
2371	NA	2.7776783
2372	NA	2.8865786
2373	NA	2.141196
2376	NA	2.4962668
2378	NA	2.8667614
2379	NA	2.8374972
2380	NA	2.6670015
2382	NA	2.6511834
2384	NA	2.5370908
2387	NA	2.9988708
2389	NA	2.9698935
2390	NA	2.935283
2393	NA	2.4758327
2394	NA	2.5388412
2395	NA	2.5617778
2396	NA	2.5364585
2398	NA	2.4524877
2399	NA	2.9735515
2403	NA	2.5107965
2406	NA	2.785568
2408	NA	2.8699155
2411	NA	2.395334
2412	NA	2.2112632
2416	NA	2.3050468
2417	NA	2.9486504
2418	NA	3.0
2419	NA	2.926554
2420	NA	2.3279374
2421	NA	2.336908
2424	NA	2.338346
2425	NA	2.3279374
2427	NA	2.897991
2428	NA	2.589796
2432	NA	2.511044
2433	NA	2.5357122
2434	NA	2.5884058
2435	NA	2.8622198
2437	NA	2.9295728
2439	NA	2.758972
2442	NA	2.606611
2443	NA	1.5725408
2444	NA	2.6689074
2446	NA	2.8625195
2448	NA	2.4560406
2449	NA	2.9424758
2451	NA	2.828132
2452	NA	2.5564945
2453	NA	2.1391218
2454	NA	2.440482
2460	NA	2.45908
2461	NA	2.777904
2462	NA	2.7762258
2463	NA	2.9490447
2464	NA	2.3328798
2468	NA	2.1961303
2469	NA	2.983155
2470	NA	2.8502505
2471	NA	2.9413636
2473	NA	1.445333
2475	NA	1.5652283
2477	NA	2.998575
2478	NA	2.945637
2479	NA	2.7774265
2480	NA	2.9331105
2481	NA	2.3332486
2482	NA	2.4658904
2483	NA	2.5182447
2484	NA	2.4626114
2487	NA	2.9815996
2489	NA	2.9381151
2490	NA	2.9724274
2492	NA	1.9510735
2493	NA	2.949763
2498	NA	1.8412821
2501	NA	1.621987
2502	NA	2.8634028
2503	NA	2.8523917
2504	NA	2.7701511
2507	NA	2.7190485
2511	NA	1.546342
2512	NA	1.671969
2513	NA	1.6103817
2516	NA	1.6073024
2517	NA	2.7773173
2519	NA	2.907203
2520	NA	2.9161277
2522	NA	2.3298268
2523	NA	2.4020207
2524	NA	2.430281
2526	NA	1.8891802
2528	NA	2.9987233
2531	NA	2.6859612
2532	NA	2.5482597
2533	NA	2.2943375
2534	NA	2.455519
2536	NA	2.4606571
2537	NA	2.9824555
2541	NA	2.4967763
2542	NA	1.9982411
2546	NA	2.8586237
2547	NA	2.7645297
2548	NA	2.850779
2550	NA	2.455461
2552	NA	2.5831723
2556	NA	2.978776
2558	NA	2.8861747
2559	NA	1.6133809
2560	NA	1.6182406
2562	NA	1.6102746
2563	NA	1.6991909
2564	NA	2.9996932
2565	NA	2.8765874
2567	NA	2.833265
2568	NA	1.0
2570	NA	1.0
2571	NA	1.0
2573	NA	2.7849662
2575	NA	2.762703
2576	NA	2.9285672
2580	NA	2.47862
2581	NA	2.5388691
2584	NA	2.9876735
2585	NA	2.332217
2586	NA	2.6844401
2587	NA	1.688445
2595	NA	3.0
2598	NA	2.8995972
2600	NA	2.8557982
2603	NA	2.467949
2605	NA	2.9193091
2607	NA	2.7462578
2609	NA	2.9920666
2610	NA	2.4963396
2611	NA	2.4536574
2612	NA	2.9920666
2613	NA	2.997492
2614	NA	2.396721
2616	NA	2.9084501
2617	NA	1.674555
2618	NA	1.8599921
2620	NA	1.7214739
2621	NA	1.794436
2624	NA	2.7421403
2629	NA	2.6439128
2631	NA	2.9962444
2633	NA	2.5993824
2635	NA	2.7812057
2639	NA	2.590085
2641	NA	2.4761033
2642	NA	2.2252517
2644	NA	2.9925363
2645	NA	2.578316
2646	NA	1.4361548
2647	NA	2.8702002
2648	NA	2.0684817
2649	NA	1.4796263
2652	NA	1.441487
2653	NA	2.9954066
2658	NA	2.70191
2659	NA	2.4949915
2661	NA	2.7086744
2663	NA	2.711718
2665	NA	2.665654
2667	NA	2.5675523
2669	NA	1.7590145
2671	NA	1.7263745
2674	NA	2.545156
2676	NA	2.953635
2677	NA	2.6495779
2681	NA	2.4562526
2683	NA	2.8896732
2685	NA	2.883792
2686	NA	2.6944485
2690	NA	2.4083006
2693	NA	2.4001052
2694	NA	2.502426
2695	NA	2.999858
2697	NA	1.4636546
2698	NA	1.7411084
2699	NA	2.4328227
2700	NA	2.487198
2706	NA	2.0255742
2717	NA	2.4577475
2719	NA	2.3978033
2723	NA	2.8369007
2725	NA	2.8970366
2727	NA	2.6599321
2729	NA	2.56502
2732	NA	2.686004
2733	NA	2.6542108
2736	NA	2.928416
2737	NA	2.5258176
2740	NA	2.3731077
2742	NA	2.8131983
2743	NA	2.8210921
2745	NA	2.4709492
2746	NA	2.5778735
2747	NA	2.4417017
2749	NA	2.7771492
2750	NA	2.9659758
2753	NA	2.8405082
2759	NA	2.1980548
2760	NA	2.9984484
2762	NA	2.7363536
2767	NA	2.863767
2769	NA	2.904306
2771	NA	2.8724535
2773	NA	2.7544885
2780	NA	2.803742
2781	NA	2.851982
2782	NA	2.8088498
2785	NA	2.76308
2786	NA	2.951718
2790	NA	2.583652
2793	NA	2.433671
2794	NA	2.0617464
2796	NA	2.3589964
2798	NA	2.999725
2801	NA	2.9065192
2804	NA	1.0
2805	NA	1.0
2806	NA	1.0
2808	NA	2.8616815
2810	NA	2.8446057
2814	NA	1.7423465
2816	NA	2.9941008
2819	NA	2.9963806
2820	NA	2.7670794
2823	NA	2.6204915
2824	NA	2.2533762
2825	NA	2.6031303
2826	NA	2.614143
2830	NA	2.9053137
2831	NA	2.625634
2832	NA	2.6783953
2833	NA	2.6722474
2834	NA	2.625948
2835	NA	2.6771529
2836	NA	2.9715953
2840	NA	2.587478
2841	NA	2.8469155
2843	NA	1.9394864
2846	NA	2.0743983
2847	NA	2.999032
2848	NA	2.8879118
2849	NA	1.9538894
2852	NA	2.0142186
2855	NA	2.9429128
2858	NA	2.2708118
2859	NA	1.8903258
2866	NA	2.8342416
2869	NA	2.3805633
2871	NA	2.991459
2872	NA	2.9706101
2873	NA	2.6358612
2876	NA	2.4668636
2877	NA	2.4850707
2878	NA	2.5089967
2880	NA	2.5476968
2882	NA	2.9308949
2884	NA	2.9377096
2885	NA	1.0
2887	NA	1.0
2888	NA	1.0
2889	NA	1.0
2892	NA	2.2333107
2893	NA	2.5531647
2895	NA	2.5267937
2897	NA	2.9866376
2901	NA	2.882038
2902	NA	2.693782
2904	NA	2.6747878
2906	NA	2.6746156
2912	NA	2.458391
2914	NA	1.9057254
2921	NA	2.965741
2922	NA	2.9261692
2923	NA	2.6512735
2925	NA	2.9834616
2928	NA	2.9905982
2929	NA	2.9200876
2931	NA	2.3618457
2934	NA	2.357343
2940	NA	2.8774562
2942	NA	2.8112102
2944	NA	2.732892
2946	NA	2.5665364
2947	NA	2.6058853
2948	NA	2.2178164
2949	NA	2.2394223
2950	NA	2.9052727
2953	NA	1.780383
2954	NA	2.1845582
2962	NA	2.4532547
2963	NA	2.677877
2973	NA	2.957665
2975	NA	2.5266895
2978	NA	2.9946206
2979	NA	1.7369933
2982	NA	2.123671
2985	NA	2.1715968
2986	NA	2.4947975
2987	NA	2.618023
2990	NA	2.7448535
2991	NA	2.7137854
2993	NA	2.426647
2999	NA	2.8613374
3000	NA	1.6331813
3001	NA	2.500617
3003	NA	2.548269
3004	NA	2.8673322
3006	NA	2.999683
3008	NA	2.3578513
3009	NA	1.5674659
3011	NA	2.4623604
3012	NA	2.1520758
3013	NA	1.731828
3017	NA	2.9806814
3020	NA	2.3977487
3021	NA	2.6700454
3023	NA	2.421336
3025	NA	2.8017523
3026	NA	2.7389364
3028	NA	2.9370055
3029	NA	2.444077
3030	NA	2.6619534
3032	NA	2.6768758
3034	NA	2.9485703
3035	NA	2.8222992
3037	NA	2.8143766
3040	NA	2.9320312
3044	NA	2.8939686
3045	NA	2.9818084
3048	NA	2.955937
3051	NA	2.609248
3052	NA	2.683198
3053	NA	2.8370175
3055	NA	2.836231
3056	NA	2.724988
3057	NA	2.5852718
3058	NA	2.661297
3060	NA	3.0
3063	NA	2.992196
3064	NA	2.9674249
3066	NA	2.1923895
3067	NA	2.1243289
3070	NA	2.1243289
3074	NA	2.9999287
3075	NA	2.5044336
3076	NA	2.6023612
3077	NA	2.793722
3078	NA	2.521939
3080	NA	2.6211755
3082	NA	2.9984555
3083	NA	2.8586793
3084	NA	1.8415406
3086	NA	1.803774
3087	NA	1.8402982
3088	NA	1.8360415
3089	NA	2.9990873
3090	NA	1.5546595
3093	NA	2.1771607
3095	NA	2.3508615
3096	NA	1.492166
3099	NA	2.8564167
3101	NA	2.898954
3103	NA	2.8359575
3104	NA	2.7585394
3106	NA	2.726366
3108	NA	2.8645332
3109	NA	2.3656266
3112	NA	2.9778407
3113	NA	1.9024146
3115	NA	1.9531163
3116	NA	1.9066453
3117	NA	1.958613
3118	NA	2.9875433
3119	NA	2.5358768
3120	NA	2.8338058
3124	NA	2.6938112
3125	NA	2.434147
3127	NA	1.8124907
3128	NA	2.984762
3131	NA	2.6038144
3133	NA	1.7546798
3135	NA	2.607414
3136	NA	2.6320882
3137	NA	2.843016
3138	NA	3.0
3139	NA	2.65923
3141	NA	2.150806
3142	NA	1.7122264
3144	NA	2.2432334
3145	NA	2.1205735
3146	NA	2.1205735
3147	NA	2.999713
3148	NA	2.5519078
3149	NA	2.9562297
3151	NA	2.780934
3152	NA	2.3877335
3154	NA	2.5100875
3155	NA	2.839796
3159	NA	2.9720051
3160	NA	1.0
3163	NA	2.990283
3167	NA	2.7632117
3168	NA	2.9255116
3169	NA	2.8692694
3171	NA	2.6637673
3172	NA	2.5357301
3173	NA	2.3869529
3175	NA	2.5770104
3176	NA	2.9914713
3177	NA	2.9957736
3178	NA	2.9998543
3179	NA	2.9549282
3180	NA	2.6713367
3183	NA	2.6685035
3184	NA	2.6759334
3185	NA	2.485243
3189	NA	2.9746752
3190	NA	2.9407287
3191	NA	2.4378932
3193	NA	2.980043
3194	NA	2.9111142
3195	NA	2.8504953
3196	NA	2.9843938
3197	NA	2.9489663
3198	NA	2.5252035
3199	NA	2.4754558
3204	NA	2.9406917
3205	NA	2.6889272
3206	NA	2.74816
3207	NA	2.221226
3209	NA	2.6649482
3210	NA	2.777823
3211	NA	2.7431006
3212	NA	2.832219
3215	NA	2.942199
3216	NA	2.6125078
3219	NA	2.3536596
3220	NA	2.6243808
3225	NA	2.7567647
3226	NA	2.8033473
3229	NA	2.9599364
3231	NA	2.9095492
3233	NA	2.829009
3234	NA	2.3211854
3235	NA	2.4200063
3236	NA	2.3331451
3237	NA	2.3606958
3239	NA	2.3820615
3240	NA	2.373613
3241	NA	3.0
3244	NA	1.5469224
3245	NA	2.3555882
3246	NA	2.3813527
3247	NA	2.333419
3249	NA	2.9790032
3251	NA	2.8954325
3259	NA	2.492181
3263	NA	2.5947733
3266	NA	2.8732302
3267	NA	2.7216625
3268	NA	2.8670073
3269	NA	2.9535518
3270	NA	1.9651055
3276	NA	2.5208073
3279	NA	2.4026768
3282	NA	2.4851713
3284	NA	2.4878466
3289	NA	2.89126
3290	NA	2.0763445
3293	NA	2.7120857
3295	NA	2.291399
3296	NA	2.8723445
3297	NA	2.7390974
3300	NA	2.4424431
3301	NA	2.4615164
3302	NA	2.7615182
3305	NA	2.4666822
3306	NA	2.9982402
3307	NA	2.7142642
3308	NA	2.8893259
3309	NA	2.960423
3310	NA	2.3281488
3312	NA	2.2202177
3315	NA	2.865448
3317	NA	2.7758303
3318	NA	2.9161153
3320	NA	2.2520437
3323	NA	2.5599744
3326	NA	2.6630578
3328	NA	1.8258908
3331	NA	2.8306465
3333	NA	2.837186
3334	NA	2.9375381
3335	NA	2.975606
3337	NA	2.855221
3341	NA	2.7177076
3343	NA	2.8430893
3348	NA	2.2389498
3350	NA	1.9139918
3352	NA	2.1090071
3354	NA	2.084526
3355	NA	3.0
3360	NA	2.9551141
3365	NA	2.5860038
3377	NA	2.916721
3379	NA	2.3971813
3380	NA	2.4067616
3381	NA	2.3033583
3383	NA	2.441539
3387	NA	2.8576381
3388	NA	2.5703259
3390	NA	1.7780074
3391	NA	1.7647749
3392	NA	1.8568949
3393	NA	2.9774287
3394	NA	2.9751174
3399	NA	1.5359409
3401	NA	1.5453223
3402	NA	2.9891956
3403	NA	2.9976192
3404	NA	2.7778227
3406	NA	2.7537217
3408	NA	2.9562786
3409	NA	2.9645777
3410	NA	2.9673095
3415	NA	2.9990232
3417	NA	2.9799547
3419	NA	2.9817507
3421	NA	2.9799123
3423	NA	2.635543
3430	NA	2.6393113
3431	NA	2.7977712
3434	NA	2.580323
3439	NA	2.728394
3441	NA	2.870516
3442	NA	2.9889069
3445	NA	2.7811549
3446	NA	2.489417
3447	NA	1.6782075
3449	NA	1.9440858
3450	NA	1.7181816
3455	NA	2.3099246
3456	NA	2.6583278
3457	NA	2.6619656
3458	NA	2.6782238
3463	NA	2.948125
3464	NA	2.9809494
3466	NA	2.7923098
3469	NA	2.9267418
3470	NA	2.898256
3473	NA	2.7663095
3474	NA	1.9409302
3475	NA	2.0426688
3476	NA	2.752251
3477	NA	2.8894703
3478	NA	2.8845797
3481	NA	2.842652
3482	NA	2.9227612
3483	NA	2.9997892
3489	NA	1.9719472
3490	NA	2.3500273
3493	NA	1.0
3497	NA	3.0
3498	NA	2.9896894
3499	NA	2.7758527
3502	NA	2.5887995
3506	NA	2.620019
3509	NA	1.8576374
3513	NA	1.9020158
3515	NA	2.9884758
3519	NA	2.9612765
3520	NA	1.9341466
3521	NA	1.8766524
3522	NA	1.988467
3523	NA	2.1370087
3524	NA	2.6116226
3525	NA	2.9494781
3526	NA	2.7869933
3527	NA	2.756011
3531	NA	1.8906204
3532	NA	2.48092
3535	NA	2.7686908
3540	NA	2.9337692
3545	NA	2.8886116
3550	NA	1.942685
3551	NA	2.888774
3553	NA	3.0
3555	NA	2.429716
3557	NA	2.376746
3558	NA	2.3786156
3559	NA	2.5100052
3560	NA	2.4036672
3562	NA	2.535926
3563	NA	2.9802551
3564	NA	2.8169205
3570	NA	2.1123807
3573	NA	1.0
3575	NA	1.0
3578	NA	2.606261
3581	NA	2.5511205
3583	NA	2.5162547
3585	NA	2.5522668
3587	NA	2.97368
3588	NA	2.9533641
3590	NA	2.4781737
3591	NA	2.5287156
3593	NA	2.9302502
3594	NA	2.9595926
3595	NA	2.0868142
3596	NA	2.8935978
3597	NA	2.0682914
3599	NA	2.0506613
3600	NA	2.9416952
3601	NA	1.9443809
3604	NA	2.79022
3605	NA	2.503806
3606	NA	2.99717
3608	NA	2.8813448
3609	NA	2.9691885
3610	NA	2.6007633
3612	NA	2.7315145
3613	NA	2.4255862
3615	NA	1.8792632
3616	NA	2.8510034
3617	NA	2.9240122
3619	NA	1.0
3621	NA	1.0
3622	NA	1.0
3628	NA	2.8893752
3631	NA	2.3952825
3632	NA	2.3810952
3634	NA	2.3842316
3636	NA	2.6154146
3637	NA	2.7562938
3641	NA	2.4846847
3642	NA	2.380787
3644	NA	2.9371128
3645	NA	2.957101
3648	NA	2.9699478
3652	NA	2.5755444
3654	NA	1.8406602
3655	NA	1.8657783
3656	NA	1.8657783
3659	NA	2.8508046
3660	NA	2.6325343
3662	NA	2.612916
3663	NA	2.6028433
3664	NA	2.4162977
3665	NA	2.7031348
3667	NA	2.994951
3671	NA	2.1111758
3674	NA	2.1325276
3675	NA	2.1328468
3676	NA	2.130367
3677	NA	2.90781
3678	NA	2.0819647
3679	NA	2.906933
3681	NA	2.9356189
3683	NA	2.6384537
3688	NA	2.8768814
3698	NA	2.997498
3700	NA	2.7362282
3704	NA	1.8127546
3706	NA	2.7362282
3714	NA	2.991978
3715	NA	2.701627
3716	NA	2.998023
3717	NA	2.645108
3722	NA	2.8683379
3723	NA	1.0
3724	NA	1.905211
3726	NA	1.7477611
3729	NA	2.6250567
3730	NA	2.5845616
3731	NA	2.8673327
3732	NA	2.2133207
3734	NA	1.5718217
3735	NA	1.9580748
3738	NA	1.6808124
3741	NA	2.565692
3744	NA	2.6341803
3745	NA	2.7800863
3749	NA	2.9842598
3754	NA	2.4618287
3757	NA	2.4350924
3760	NA	2.7802885
3763	NA	2.9083426
3764	NA	2.835209
3768	NA	2.9416542
3769	NA	2.6459115
3771	NA	2.957412
3772	NA	2.683957
3773	NA	2.6657588
3775	NA	2.3595855
3778	NA	2.8144782
3782	NA	2.8406863
3786	NA	2.1558313
3787	NA	2.4705255
3791	NA	2.9979687
3792	NA	2.921562
3793	NA	2.8325338
3794	NA	2.45256
3796	NA	2.688189
3798	NA	2.330703
3802	NA	2.8567812
3806	NA	2.4104416
3808	NA	2.867217
3810	NA	2.7971492
3811	NA	2.8607297
3813	NA	2.6134198
3815	NA	2.8861668
3816	NA	2.7309403
3817	NA	2.5355728
3818	NA	1.9793352
3819	NA	2.6267211
3822	NA	2.6525857
3824	NA	2.668735
3829	NA	2.8749263
3830	NA	2.7623477
3832	NA	2.797986
3833	NA	2.6327581
3835	NA	2.9661145
3837	NA	2.6884668
3841	NA	2.4615335
3842	NA	2.6898828
3843	NA	3.0
3848	NA	1.5682284
3849	NA	1.675273
3850	NA	2.8897572
3851	NA	2.761225
3854	NA	2.9998965
3858	NA	2.619728
3859	NA	2.1080506
3863	NA	2.573248
3865	NA	2.9806545
3867	NA	2.6331086
3875	NA	2.2870862
3876	NA	2.9991226
3877	NA	2.830246
3878	NA	2.6526024
3879	NA	2.6515872
3881	NA	2.3570578
3888	NA	2.9632168
3889	NA	2.9878416
3890	NA	2.961963
3891	NA	2.8721833
3894	NA	1.8204155
3896	NA	2.9538386
3900	NA	1.8341181
3902	NA	2.9409184
3906	NA	2.8201349
3907	NA	2.5311635
3911	NA	2.5340912
3913	NA	2.3925722
3916	NA	1.7871604
3918	NA	1.769427
3919	NA	1.604296
3923	NA	3.0
3925	NA	2.9106686
3926	NA	2.831178
3927	NA	2.4164617
3928	NA	2.1877766
3931	NA	2.3868694
3932	NA	2.3958697
3933	NA	2.3958697
3937	NA	2.8693082
3944	NA	2.949654
3945	NA	2.9565566
3946	NA	2.513062
3950	NA	2.6420033
3952	NA	2.7894366
3953	NA	2.4942684
3954	NA	2.949457
3959	NA	2.4564276
3960	NA	2.8848515
3962	NA	2.8967934
3963	NA	2.8673964
3964	NA	2.996952
3965	NA	2.640551
3966	NA	2.7099981
3967	NA	2.225444
3968	NA	2.3444474
3969	NA	2.6909266
3971	NA	2.749607
3974	NA	2.8359632
3975	NA	2.8604515
3977	NA	2.8116298
3978	NA	2.9372358
3979	NA	2.1268463
3981	NA	2.4725604
3983	NA	2.78453
3988	NA	2.995266
3991	NA	2.6223216
3997	NA	2.3240066
4000	NA	2.761785
4003	NA	2.7028153
4005	NA	2.5315225
4008	NA	2.9479313
4009	NA	2.9548242
4010	NA	2.7391021
4016	NA	2.9618678
4018	NA	2.531967
4019	NA	2.5128565
4022	NA	2.5204663
4023	NA	2.5734773
4024	NA	2.570995
4025	NA	2.626129
4026	NA	2.9931314
4027	NA	2.813326
4029	NA	2.479793
4030	NA	2.776563
4032	NA	2.4425063
4035	NA	2.9641142
4039	NA	2.9905608
4042	NA	1.9118174
4044	NA	2.588523
4048	NA	2.6690772
4051	NA	2.4113345
4052	NA	2.4780698
4053	NA	2.4761062
4055	NA	2.66447
4057	NA	2.6845584
4059	NA	2.6314287
4064	NA	2.9014893
4070	NA	2.6227963
4073	NA	2.633697
4075	NA	2.9917912
4077	NA	2.9302409
4078	NA	2.5449324
4080	NA	2.4817057
4081	NA	2.947562
4082	NA	2.4800272
4089	NA	2.8775306
4091	NA	1.5620663
4092	NA	1.6041554
4093	NA	2.7899811
4095	NA	1.8756183
4096	NA	1.5207926
4097	NA	1.5639627
4098	NA	2.038162
4099	NA	2.9509804
4101	NA	2.5458567
4103	NA	1.9125357
4104	NA	2.9641201
4106	NA	2.0070057
4107	NA	2.7557464
4110	NA	2.6088064
4111	NA	2.6531608
4116	NA	2.777856
4121	NA	1.4927492
4122	NA	1.6010273
4124	NA	1.6790719
4128	NA	2.6687388
4129	NA	2.973799
4130	NA	2.9932375
4131	NA	2.9678113
4138	NA	2.9834015
4139	NA	2.7961493
4143	NA	2.4266474
4144	NA	2.49958
4150	NA	2.6066003
4151	NA	2.6284225
4153	NA	2.657269
4158	NA	2.3388598
4159	NA	1.702866
4160	NA	2.4759943
4161	NA	2.5090976
4166	NA	2.9917572
4167	NA	2.8601565
4169	NA	2.862967
4170	NA	2.8521926
4171	NA	2.863744
4172	NA	2.9927173
4175	NA	2.3455513
4177	NA	1.0
4180	NA	2.5279698
4182	NA	2.5909925
4184	NA	2.70665
4186	NA	2.7843883
4188	NA	2.8035717
4189	NA	2.7977724
4190	NA	2.5241852
4192	NA	2.8822296
4198	NA	2.8576486
4200	NA	2.9809036
4201	NA	2.8890545
4203	NA	2.9673624
4204	NA	2.8966823
4206	NA	2.5638866
4208	NA	1.6887059
4210	NA	2.7734835
4211	NA	2.5646346
4215	NA	1.0
4217	NA	1.6975828
4218	NA	1.0
4222	NA	2.9916751
4224	NA	1.6932433
4225	NA	1.7834035
4226	NA	1.8333076
4227	NA	1.7055146
4229	NA	2.946874
4230	NA	2.8523836
4233	NA	2.7853837
4234	NA	2.026559
4237	NA	2.7826188
4240	NA	2.5443358
4241	NA	2.2827864
4243	NA	2.4564068
4245	NA	2.4980965
4249	NA	2.629973
4250	NA	3.0
4255	NA	1.9831125
4256	NA	2.3976934
4258	NA	2.978954
4261	NA	2.9616916
4262	NA	2.7752156
4263	NA	2.6922822
4264	NA	2.7731597
4268	NA	2.996194
4270	NA	2.9518337
4271	NA	2.9167235
4273	NA	2.631203
4276	NA	2.953897
4278	NA	2.6974518
4281	NA	1.0
4285	NA	2.4826841
4286	NA	2.9847925
4292	NA	1.8700936
4293	NA	2.0008664
4294	NA	2.8616815
4296	NA	2.2982125
4297	NA	2.008904
4298	NA	2.1854722
4300	NA	1.734474
4302	NA	2.8884196
4303	NA	2.1838887
4309	NA	1.5857068
4310	NA	2.799768
4311	NA	2.992798
4313	NA	2.9925048
4314	NA	2.9823482
4317	NA	2.9690518
4319	NA	2.977869
4324	NA	2.8761158
4326	NA	1.9558322
4327	NA	1.9964224
4331	NA	1.6172082
4332	NA	1.9720985
4333	NA	2.9868438
4334	NA	2.9846895
4337	NA	2.9400604
4343	NA	2.610641
4345	NA	2.4391937
4352	NA	1.9497585
4353	NA	2.9539132
4355	NA	2.8864486
4356	NA	2.7748802
4358	NA	1.8160641
4362	NA	2.6975815
4366	NA	2.691902
4367	NA	2.8356044
4368	NA	2.7150726
4372	NA	2.9393735
4373	NA	2.62468
4374	NA	2.5449424
4375	NA	2.4821317
4380	NA	2.7923098
4383	NA	2.6028464
4384	NA	2.5063858
4389	NA	2.7803407
4391	NA	2.7978673
4397	NA	2.600828
4399	NA	2.6501288
4400	NA	2.8093405
4402	NA	2.4004521
4403	NA	2.5056772
4404	NA	2.5333655
4405	NA	2.511316
4406	NA	2.5653615
4409	NA	2.984444
4413	NA	2.660802
4415	NA	2.692515
4416	NA	2.868755
4419	NA	2.8903308
4420	NA	2.499791
4421	NA	2.667176
4422	NA	2.595037
4423	NA	2.158775
4424	NA	2.6917722
4425	NA	2.5641346
4427	NA	2.8692286
4428	NA	2.813889
4430	NA	1.9099331
4433	NA	1.9583288
4434	NA	2.461443
4435	NA	2.5793939
4436	NA	2.9888334
4437	NA	2.3761868
4438	NA	2.4018698
4441	NA	1.8912233
4444	NA	2.7433987
4448	NA	2.3883688
4449	NA	2.3917582
4450	NA	2.3557525
4451	NA	2.3974829
4452	NA	2.9834108
4453	NA	2.7125964
4455	NA	2.9465902
4456	NA	1.0
4459	NA	1.4870825
4460	NA	1.0
4461	NA	2.9442508
4462	NA	2.5765464
4463	NA	2.7493634
4465	NA	2.3799934
4466	NA	2.0035563
4467	NA	2.0729425
4470	NA	2.9891744
4474	NA	2.4792936
4475	NA	2.5729113
4476	NA	2.5804598
4478	NA	2.5723405
4479	NA	2.5228176
4480	NA	2.9387527
4482	NA	2.9480338
4483	NA	2.5910406
4484	NA	2.7127726
4485	NA	2.3235478
4488	NA	2.999422
4489	NA	2.2466226
4491	NA	2.8178494
4493	NA	2.8140616
4494	NA	2.9979708
4495	NA	2.252138
4496	NA	2.997993
4499	NA	2.8114853
4500	NA	2.9384565
4502	NA	2.3149064
4504	NA	2.273055
4506	NA	2.2251225
4508	NA	2.8066337
4510	NA	2.9302814
4512	NA	2.6528873
4518	NA	2.6270082
4521	NA	2.7622657
4527	NA	2.6397085
4528	NA	2.5074568
4530	NA	2.4913151
4531	NA	2.5945203
4532	NA	2.9604137
4533	NA	2.5771973
4535	NA	2.689312
4536	NA	2.9570162
4537	NA	2.9992235
4538	NA	2.6694806
4539	NA	2.7359326
4542	NA	2.7055516
4543	NA	2.7339861
4547	NA	2.620666
4548	NA	2.7829978
4550	NA	2.7792032
4552	NA	2.9836166
4554	NA	2.9977543
4555	NA	2.9306378
4557	NA	2.6706204
4560	NA	2.744895
4561	NA	2.7384107
4563	NA	2.5650525
4566	NA	2.2425582
4568	NA	1.4366844
4571	NA	2.9921186
4572	NA	1.0
4575	NA	1.6490825
4576	NA	1.6663934
4577	NA	1.6351293
4578	NA	1.0
4582	NA	2.2260437
4584	NA	2.2260437
4586	NA	2.7912738
4587	NA	2.9345157
4589	NA	2.8178225
4591	NA	2.3417337
4592	NA	2.9002948
4593	NA	1.8488524
4594	NA	2.5795927
4598	NA	2.7947023
4599	NA	2.6463716
4600	NA	2.7211356
4602	NA	2.8436103
4603	NA	2.4553287
4604	NA	2.6680777
4607	NA	2.8030746
4608	NA	2.6397085
4609	NA	2.9844575
4613	NA	2.8030746
4618	NA	2.9976027
4620	NA	1.6377757
4621	NA	1.7248857
4622	NA	1.6293331
4623	NA	1.6190404
4624	NA	1.6626357
4625	NA	2.7849236
4627	NA	2.9991872
4628	NA	2.9131932
4629	NA	1.4135382
4631	NA	1.5312659
4639	NA	2.6050355
4640	NA	2.7815585
4641	NA	2.6394405
4642	NA	2.9893806
4645	NA	2.9874802
4647	NA	2.9887757
4649	NA	2.993617
4654	NA	2.9916084
4655	NA	2.8358407
4657	NA	2.5010116
4658	NA	2.1359549
4667	NA	2.5153203
4670	NA	2.9995334
4672	NA	2.8757257
4675	NA	2.929433
4676	NA	2.9193
4677	NA	2.9155824
4678	NA	2.9184136
4682	NA	2.9019084
4684	NA	2.851502
4690	NA	2.710036
4691	NA	2.9804356
4692	NA	2.952056
4693	NA	2.962135
4694	NA	2.6532478
4695	NA	2.6649766
4698	NA	2.662026
4703	NA	2.8723958
4704	NA	2.8731425
4705	NA	2.9902732
4706	NA	2.963139
4708	NA	2.8409712
4709	NA	2.789517
4714	NA	2.1476834
4715	NA	2.1279478
4719	NA	3.0
4721	NA	2.1756299
4722	NA	2.6606941
4723	NA	1.5206404
4726	NA	2.6851044
4727	NA	2.6851044
4730	NA	2.9967854
4732	NA	2.9922228
4733	NA	2.8469772
4736	NA	2.9924963
4737	NA	2.7297225
4738	NA	2.9704638
4739	NA	2.9985745
4741	NA	2.8291934
4744	NA	2.6882374
4747	NA	2.7887154
4748	NA	2.8789089
4749	NA	2.834485
4750	NA	2.9378564
4751	NA	2.9324646
4754	NA	2.2960806
4757	NA	2.975644
4758	NA	2.9917815
4765	NA	2.3117
4768	NA	2.970422
4770	NA	1.5642096
4772	NA	1.5401464
4773	NA	1.9435828
4775	NA	2.7312386
4778	NA	2.9879518
4779	NA	2.8863435
4781	NA	2.7740896
4783	NA	2.888107
4784	NA	2.829648
4785	NA	2.9904528
4786	NA	2.6195495
4787	NA	2.5903747
4789	NA	1.6386698
4791	NA	2.337295
4792	NA	2.3341484
4801	NA	2.8870997
4804	NA	3.0
4809	NA	2.4467845
4818	NA	2.385202
4827	NA	2.6752563
4828	NA	2.8864322
4829	NA	2.4271615
4830	NA	2.8798156
4833	NA	2.7928054
4834	NA	2.1959543
4835	NA	2.9979708
4837	NA	2.9650593
4838	NA	2.8587396
4840	NA	2.222587
4841	NA	2.956693
4846	NA	2.675859
4850	NA	2.8481495
4854	NA	2.5443358
4856	NA	2.0217803
4861	NA	2.870921
4862	NA	2.9426126
4864	NA	2.8989081
4865	NA	2.033901
4868	NA	2.947163
4870	NA	2.0526276
4871	NA	2.0749023
4873	NA	2.1471138
4875	NA	2.9862473
4876	NA	2.0060792
4878	NA	2.6896338
4884	NA	2.6640048
4887	NA	2.9906766
4889	NA	2.465358
4890	NA	2.8711243
4892	NA	1.9785596
4893	NA	1.922709
4894	NA	1.8747137
4895	NA	1.9106869
4896	NA	2.798865
4897	NA	2.6414864
4899	NA	2.6086814
4902	NA	2.7451048
4904	NA	2.966418
4906	NA	2.8495715
4907	NA	2.6036377
4908	NA	2.6850274
4909	NA	2.4092174
4910	NA	2.4524586
4914	NA	2.7947023
4917	NA	2.75974
4923	NA	2.9960074
4924	NA	2.9615152
4925	NA	2.9805107
4927	NA	2.7743173
4930	NA	2.772505
4931	NA	2.7789478
4935	NA	2.9991982
4936	NA	2.9505708
4939	NA	2.438836
4943	NA	1.0
4945	NA	2.818517
4952	NA	2.8316355
4955	NA	2.9785786
4956	NA	2.909619
4958	NA	2.8219035
4962	NA	2.6897254
4969	NA	2.4883146
4972	NA	2.9970193
4973	NA	2.8613176
4976	NA	1.8074912
4979	NA	1.8093169
4980	NA	1.7635521
4984	NA	2.9493766
4986	NA	2.83871
4987	NA	2.4746258
4988	NA	1.6031555
4993	NA	2.9303284
4994	NA	2.4603174
4995	NA	2.4897578
4999	NA	2.9211862
5001	NA	2.9947286
5004	NA	2.7989433
5006	NA	2.8091729
5008	NA	2.9918537
5009	NA	2.4294245
5013	NA	2.3680964
5016	NA	2.9610636
5019	NA	2.9834874
5020	NA	2.858433
5021	NA	2.956378
5028	NA	2.9823604
5029	NA	2.9537187
5034	NA	2.8560827
5035	NA	2.8611186
5036	NA	2.9782689
5038	NA	2.9938698
5041	NA	2.740037
5042	NA	2.396721
5043	NA	2.4662685
5044	NA	1.8369781
5054	NA	2.3418288
5055	NA	2.4726355
5057	NA	2.7968416
5059	NA	2.9993377
5061	NA	2.994409
5062	NA	2.590021
5063	NA	2.7742198
5065	NA	2.992798
5066	NA	2.7774265
5067	NA	2.9331105
5068	NA	2.9923642
5069	NA	2.73043
5070	NA	2.383836
5071	NA	2.245077
5075	NA	2.7725906
5076	NA	2.5711675
5077	NA	2.756149
5084	NA	2.9633784
5087	NA	2.890572
5088	NA	2.6121147
5090	NA	2.61065
5093	NA	2.9935758
5094	NA	2.7120132
5095	NA	2.7714763
5098	NA	2.675974
5099	NA	2.69084
5101	NA	2.6814082
5103	NA	2.994243
5104	NA	2.989611
5106	NA	2.7000387
5108	NA	2.3238811
5111	NA	2.92122
5112	NA	2.8377447
5118	NA	1.0
5120	NA	2.7872903
5122	NA	2.7893229
5126	NA	2.7159553
5128	NA	2.9362686
5129	NA	2.9997404
5130	NA	2.6933339
5131	NA	2.9539056
5138	NA	2.984624
5140	NA	2.953806
5143	NA	2.463483
5144	NA	2.531453
5146	NA	2.5303738
5150	NA	2.6568549
5151	NA	2.675731
5152	NA	2.393893
5156	NA	2.991473
5157	NA	2.8303924
5158	NA	2.4678073
5159	NA	2.4730597
5162	NA	2.4013252
5164	NA	2.394602
5165	NA	2.8861208
5168	NA	2.9411805
5170	NA	2.428753
5172	NA	2.3930058
5173	NA	2.3851614
5174	NA	2.6840956
5179	NA	2.7530582
5180	NA	2.6761334
5181	NA	2.2478445
5182	NA	2.8771389
5183	NA	2.445314
5184	NA	2.9950314
5185	NA	2.998347
5188	NA	2.550149
5190	NA	2.567379
5192	NA	2.9475303
5193	NA	1.9742459
5194	NA	2.8721833
5196	NA	2.8776906
5200	NA	2.8466463
5202	NA	2.712564
5205	NA	2.6492596
5207	NA	2.4393978
5209	NA	2.4574804
5210	NA	2.993701
5211	NA	2.6054163
5213	NA	2.876202
5214	NA	1.9897606
5217	NA	1.0
5218	NA	1.0
5221	NA	2.7971342
5222	NA	2.9935079
5224	NA	2.7628605
5228	NA	2.839886
5229	NA	2.6197257
5230	NA	2.9884064
5233	NA	2.6763053
5235	NA	2.5874698
5237	NA	2.9454722
5240	NA	2.9940755
5241	NA	2.5502276
5243	NA	2.613777
5245	NA	2.5565567
5250	NA	2.38213
5252	NA	2.303229
5255	NA	2.797986
5257	NA	2.9748878
5259	NA	1.0
5265	NA	2.957629
5266	NA	2.9906232
5268	NA	2.9053683
5270	NA	2.5222852
5271	NA	2.8875625
5272	NA	2.908579
5273	NA	2.7581587
5274	NA	2.5402205
5275	NA	2.7847548
5279	NA	2.9581673
5280	NA	2.2383816
5281	NA	2.7358785
5283	NA	2.687227
5284	NA	2.9975348
5285	NA	2.7043107
5286	NA	2.9900594
5287	NA	2.6687994
5289	NA	2.6831279
5290	NA	2.982141
5292	NA	2.965325
5293	NA	2.9749403
5295	NA	2.773513
5297	NA	2.7325752
5299	NA	2.7664158
5300	NA	2.1568043
5301	NA	2.0498316
5302	NA	2.7737045
5305	NA	2.5363445
5307	NA	1.8370916
5308	NA	2.578185
5309	NA	2.769249
5312	NA	2.987538
5315	NA	2.7789247
5316	NA	2.6441212
5320	NA	2.123348
5322	NA	1.6069655
5323	NA	1.8433938
5326	NA	1.8758736
5328	NA	2.9852843
5330	NA	2.7478364
5331	NA	2.5585353
5332	NA	2.7478364
5336	NA	2.7239227
5337	NA	2.8949203
5339	NA	2.935392
5343	NA	2.1752653
5344	NA	2.540125
5353	NA	2.966564
5354	NA	2.781049
5355	NA	2.926614
5360	NA	1.0
5364	NA	2.6270082
5365	NA	2.999585
5366	NA	2.9311216
5367	NA	2.966212
5368	NA	2.9022222
5371	NA	2.9672818
5375	NA	2.9031703
5381	NA	2.5228639
5382	NA	2.9297178
5386	NA	2.561384
5388	NA	2.91552
5390	NA	2.9913306
5392	NA	2.9879394
5394	NA	1.5801721
5396	NA	1.5380085
5400	NA	2.7451146
5402	NA	2.6060514
5403	NA	2.5405927
5408	NA	2.7789388
5410	NA	2.988762
5412	NA	1.0
5413	NA	1.4620856
5416	NA	1.4071834
5417	NA	2.988398
5418	NA	2.993746
5421	NA	2.438115
5422	NA	2.4143167
5424	NA	2.458803
5425	NA	2.43838
5428	NA	2.959315
5430	NA	2.5858138
5431	NA	2.566855
5433	NA	2.6905255
5438	NA	2.8286927
5441	NA	2.79169
5442	NA	2.8205278
5444	NA	2.6443198
5445	NA	2.1293838
5448	NA	2.6538794
5450	NA	2.6270542
5451	NA	2.0606122
5452	NA	2.9748769
5453	NA	2.553323
5465	NA	2.0663686
5469	NA	1.8497254
5470	NA	2.523154
5472	NA	2.954261
5473	NA	2.774156
5475	NA	2.6416736
5479	NA	2.7729878
5481	NA	2.7757761
5482	NA	2.9685636
5484	NA	2.8241215
5485	NA	2.83164
5486	NA	2.8104784
5488	NA	2.8252203
5490	NA	2.0929396
5493	NA	2.154537
5494	NA	2.8386176
5499	NA	2.982449
5506	NA	2.9711027
5508	NA	2.2667933
5509	NA	2.9866688
5511	NA	2.6405296
5515	NA	2.6382496
5516	NA	2.9643855
5517	NA	2.9579203
5519	NA	2.9854481
5524	NA	2.7152627
5527	NA	2.9823084
5528	NA	2.859018
5529	NA	2.9734795
5536	NA	2.9941463
5539	NA	2.812915
5541	NA	2.79895
5542	NA	2.8141456
5543	NA	2.979126
5544	NA	2.6677659
5547	NA	2.390905
5550	NA	2.4062028
5551	NA	2.6998727
5557	NA	2.4395964
5559	NA	2.4182193
5562	NA	2.616323
5564	NA	2.989494
5566	NA	1.0
5567	NA	1.4180021
5570	NA	2.9962785
5571	NA	2.8761828
5572	NA	2.993348
5573	NA	2.9964488
5574	NA	2.5024261
5576	NA	2.5316868
5577	NA	2.5955436
5578	NA	2.510019
5579	NA	2.5821657
5581	NA	2.9889588
5583	NA	2.8736644
5585	NA	2.4101233
5589	NA	2.9850311
5590	NA	2.998834
5592	NA	2.9853213
5594	NA	2.7795277
5596	NA	2.985583
5597	NA	2.9431868
5598	NA	2.1469014
5599	NA	2.922737
5600	NA	2.0526052
5601	NA	2.8927946
5605	NA	2.9479144
5606	NA	2.7142224
5611	NA	2.8181696
5616	NA	2.845783
5622	NA	2.644836
5625	NA	2.9910226
5626	NA	2.9990644
5628	NA	2.8160176
5629	NA	2.5006633
5630	NA	2.732071
5631	NA	2.8222942
5635	NA	2.9595766
5636	NA	2.7705863
5638	NA	2.3216732
5639	NA	2.3394873
5644	NA	2.9960928
5648	NA	2.3845031
5649	NA	2.405484
5650	NA	2.4205885
5652	NA	2.9501932
5654	NA	2.9391282
5655	NA	2.8455846
5658	NA	2.8268466
5660	NA	2.665645
5661	NA	2.969294
5662	NA	2.7444985
5665	NA	2.3984034
5666	NA	2.14543
5667	NA	2.4049647
5669	NA	2.662598
5670	NA	2.9940042
5672	NA	2.8493922
5673	NA	2.6250117
5674	NA	2.5102024
5681	NA	1.9571643
5682	NA	2.5894692
5684	NA	2.974785
5685	NA	2.9519083
5686	NA	2.994539
5688	NA	2.9436085
5689	NA	2.9735649
5690	NA	2.6254113
5692	NA	1.5834543
5699	NA	2.6684482
5700	NA	1.5838478
5702	NA	1.7156395
5703	NA	1.8256888
5704	NA	1.6644847
5705	NA	2.9829166
5707	NA	2.9870367
5708	NA	2.6128232
5709	NA	2.9857068
5711	NA	2.9730442
5713	NA	2.9941285
5714	NA	2.948864
5715	NA	2.669403
5716	NA	2.9713285
5719	NA	2.9360635
5720	NA	2.9237003
5721	NA	2.6294107
5723	NA	2.9651496
5724	NA	2.860842
5726	NA	2.8587139
5727	NA	2.5845633
5729	NA	2.9761384
5730	NA	2.8509886
5731	NA	2.9824793
5734	NA	2.9994562
5735	NA	2.9849157
5738	NA	2.87647
5743	NA	2.9941082
5746	NA	2.6716409
5748	NA	2.9256723
5754	NA	2.7567656
5757	NA	2.3616405
5759	NA	2.4981487
5760	NA	2.980395
5763	NA	2.9593337
5766	NA	2.335629
5767	NA	2.7204072
5769	NA	2.745181
5771	NA	2.933246
5774	NA	2.4773054
5775	NA	1.4934585
5778	NA	2.513123
5780	NA	2.9927516
5782	NA	2.687643
5783	NA	2.728015
5784	NA	2.2899683
5785	NA	2.691187
5786	NA	2.7064514
5789	NA	2.6253715
5790	NA	2.8029318
5793	NA	2.9750166
5795	NA	2.609761
5796	NA	2.993224
5798	NA	2.7630224
5800	NA	2.5835905
5802	NA	2.7042713
5803	NA	2.6187441
5804	NA	2.7109249
5805	NA	2.6711185
5807	NA	2.982681
5808	NA	2.9898055
5809	NA	2.986346
5814	NA	2.8216019
5817	NA	2.9774115
5818	NA	2.6494086
5827	NA	2.9393735
5830	NA	2.7839034
5831	NA	2.9719737
5832	NA	2.9780684
5833	NA	2.9708009
5837	NA	2.7790556
5838	NA	2.6041474
5840	NA	2.5356092
5843	NA	2.9855871
5844	NA	2.9735017
5849	NA	2.9855871
5854	NA	2.989223
5856	NA	2.397068
5858	NA	2.4354568
5862	NA	2.8413894
5863	NA	2.9953878
5866	NA	2.2162282
5868	NA	2.2544498
5869	NA	2.4269571
5870	NA	2.999483
5871	NA	2.932388
5873	NA	1.0
5877	NA	1.0
5878	NA	2.977623
5880	NA	2.998592
5881	NA	2.8618598
5884	NA	2.9739523
5888	NA	2.9825692
5889	NA	2.0255473
5891	NA	2.414279
5892	NA	2.3188899
5893	NA	2.3651958
5896	NA	2.894847
5897	NA	2.5079694
5903	NA	2.1018794
5908	NA	2.93589
5910	NA	1.0
5912	NA	1.0
5913	NA	1.0
5915	NA	2.9827714
5916	NA	2.1120777
5917	NA	1.9803494
5921	NA	2.849034
5925	NA	2.9310024
5926	NA	2.9485135
5927	NA	1.0
5929	NA	1.0
5932	NA	2.6487577
5933	NA	2.8053575
5934	NA	2.5323296
5935	NA	2.9842772
5939	NA	2.6246572
5940	NA	2.8660693
5942	NA	2.9427412
5945	NA	2.9451518
5946	NA	2.6836207
5949	NA	2.6549985
5950	NA	2.6339955
5951	NA	2.6621795
5953	NA	2.6089725
5954	NA	2.9998617
5957	NA	2.6215012
5958	NA	2.530811
5959	NA	2.6450808
5961	NA	2.9996102
5962	NA	2.5886786
5963	NA	2.6363893
5967	NA	2.2963963
5969	NA	2.745665
5971	NA	2.4307091
5972	NA	2.9981608
5973	NA	2.9803848
5974	NA	2.8356712
5980	NA	2.7371168
5981	NA	2.7569818
5984	NA	2.9449291
5985	NA	2.723378
5993	NA	2.7937713
5994	NA	2.9997404
5995	NA	2.7275743
5997	NA	2.743096
5998	NA	2.850287
5999	NA	2.600136
6002	NA	2.877146
6003	NA	2.98672
6004	NA	2.9286098
6008	NA	2.6959312
6009	NA	2.5534735
6010	NA	2.7334406
6011	NA	2.7245448
6012	NA	2.8005147
6013	NA	2.7316258
6016	NA	2.7759478
6018	NA	2.8543072
6019	NA	2.8307357
6021	NA	2.7890496
6023	NA	2.844704
6024	NA	2.8315606
6025	NA	2.8434818
6026	NA	2.7096503
6031	NA	2.0697186
6033	NA	1.9366466
6034	NA	2.998831
6036	NA	2.7111125
6039	NA	2.5993242
6040	NA	2.5624661
6043	NA	2.490175
6046	NA	2.874541
6048	NA	2.6824353
6049	NA	2.4907668
6055	NA	2.8008232
6057	NA	2.805636
6058	NA	1.6186581
6059	NA	1.7536949
6062	NA	1.5624173
6063	NA	2.5321343
6064	NA	2.9385195
6066	NA	2.9163473
6067	NA	2.8599062
6069	NA	2.4458456
6070	NA	2.4259777
6071	NA	2.6514442
6073	NA	2.4931326
6074	NA	2.856439
6076	NA	2.8995223
6079	NA	2.6487708
6081	NA	2.6252725
6087	NA	2.1956778
6089	NA	2.8745098
6090	NA	2.2165606
6091	NA	2.2091637
6094	NA	2.9120672
6097	NA	2.3181581
6100	NA	2.3652313
6102	NA	2.8389874
6107	NA	2.6133676
6110	NA	2.1451516
6111	NA	2.714441
6113	NA	2.6069953
6114	NA	2.9389143
6115	NA	2.8012147
6116	NA	2.9115868
6118	NA	2.8994272
6121	NA	2.7987309
6124	NA	2.7125878
6125	NA	2.8488946
6126	NA	2.8788571
6129	NA	2.94941
6130	NA	2.6072357
6132	NA	2.8673754
6134	NA	2.4744565
6138	NA	2.663913
6139	NA	2.4919875
6140	NA	2.4860067
6141	NA	2.5909562
6142	NA	2.5061946
6143	NA	2.565188
6148	NA	2.2087147
6149	NA	2.3305283
6151	NA	2.619282
6156	NA	2.1639931
6162	NA	2.8472202
6163	NA	2.999906
6165	NA	1.9374511
6166	NA	1.9932537
6167	NA	1.9677956
6168	NA	1.8745846
6172	NA	2.9078906
6173	NA	2.7505968
6177	NA	2.3676417
6181	NA	2.404134
6182	NA	2.380749
6184	NA	2.9894526
6189	NA	2.4149356
6190	NA	2.3888571
6192	NA	3.0
6196	NA	1.9985932
6201	NA	2.9407055
6204	NA	2.572066
6207	NA	1.5820566
6210	NA	2.0963724
6216	NA	2.9571638
6217	NA	2.7790148
6220	NA	2.960356
6221	NA	2.9904695
6222	NA	2.9307697
6223	NA	2.9323573
6226	NA	2.6456864
6227	NA	2.620239
6229	NA	2.6327608
6230	NA	2.9997869
6235	NA	1.8484323
6237	NA	1.695123
6238	NA	1.7627234
6240	NA	2.3669
6244	NA	2.648033
6245	NA	2.2542427
6247	NA	2.2306538
6251	NA	2.7099876
6252	NA	2.7228591
6254	NA	2.3687038
6255	NA	2.3780613
6256	NA	2.5699537
6257	NA	2.5109835
6260	NA	2.7202008
6261	NA	2.9503841
6262	NA	2.9890869
6264	NA	2.7911491
6265	NA	2.689085
6268	NA	2.891262
6269	NA	2.6543064
6270	NA	2.999967
6271	NA	2.8873613
6273	NA	2.6343777
6274	NA	2.5242095
6275	NA	2.472743
6276	NA	2.6769607
6277	NA	2.930284
6279	NA	2.8786883
6281	NA	2.9832835
6282	NA	2.8019693
6283	NA	2.786688
6284	NA	2.779955
6285	NA	2.80176
6289	NA	2.798834
6294	NA	1.0
6296	NA	1.0
6298	NA	2.629782
6303	NA	2.4500654
6304	NA	1.4976432
6312	NA	2.4874227
6314	NA	2.670642
6320	NA	2.2186778
6322	NA	2.3419704
6323	NA	2.3658035
6324	NA	2.999928
6325	NA	2.8278294
6328	NA	2.898067
6329	NA	2.3353593
6331	NA	2.1464438
6332	NA	2.0059886
6339	NA	2.9227471
6340	NA	2.642964
6341	NA	2.670539
6343	NA	2.7716491
6351	NA	2.359588
6352	NA	2.7295368
6354	NA	2.7299316
6355	NA	2.8830564
6356	NA	2.971348
6361	NA	2.7234588
6364	NA	3.0
6365	NA	2.998633
6367	NA	2.8789248
6369	NA	1.8093055
6371	NA	1.8082144
6374	NA	1.6541831
6376	NA	2.7707067
6378	NA	2.6527143
6379	NA	2.6651447
6380	NA	2.6925561
6383	NA	2.5721006
6384	NA	2.3802383
6388	NA	2.9071615
6389	NA	2.9676006
6391	NA	1.7183635
6393	NA	1.8719542
6398	NA	2.998414
6399	NA	2.479481
6400	NA	2.8780432
6401	NA	2.8675768
6403	NA	2.8745475
6406	NA	2.7559726
6408	NA	2.986072
6409	NA	2.6407855
6410	NA	2.6226568
6413	NA	2.476922
6414	NA	2.6429758
6415	NA	2.7847297
6416	NA	2.6019576
6418	NA	2.9430354
6422	NA	2.3431458
6425	NA	2.6484005
6427	NA	2.93746
6428	NA	2.8550613
6430	NA	2.9233203
6431	NA	1.8128433
6433	NA	1.7751313
6435	NA	1.9098793
6436	NA	1.813265
6437	NA	2.935407
6438	NA	2.7080042
6439	NA	2.9545376
6440	NA	2.987813
6441	NA	2.1245534
6442	NA	2.156245
6445	NA	2.1764405
6446	NA	2.9275389
6449	NA	2.8679996
6451	NA	2.5773041
6453	NA	2.732888
6455	NA	2.4132547
6456	NA	2.570839
6457	NA	2.8661568
6459	NA	2.9889123
6461	NA	2.5950227
6462	NA	2.0902452
6464	NA	2.1127255
6465	NA	2.0686622
6466	NA	2.181041
6472	NA	2.2448435
6473	NA	2.2840815
6474	NA	2.2388237
6475	NA	2.2439184
6476	NA	2.241593
6479	NA	2.997422
6481	NA	1.9348884
6483	NA	2.0409508
6484	NA	2.0971482
6485	NA	1.9154114
6486	NA	2.9070053
6487	NA	2.846409
6490	NA	2.1741657
6492	NA	2.1959465
6493	NA	2.1829078
6494	NA	2.1817675
6498	NA	2.9514716
6501	NA	2.2799757
6502	NA	2.2499716
6503	NA	2.282961
6504	NA	2.2936337
6505	NA	2.2743027
6507	NA	2.7354927
6509	NA	2.8361871
6512	NA	2.4819105
6515	NA	2.7977152
6516	NA	2.8768654
6518	NA	2.9369786
6519	NA	2.9889266
6520	NA	1.9494032
6522	NA	2.2525413
6523	NA	2.2188525
6524	NA	2.6338987
6525	NA	2.2953413
6526	NA	2.9998307
6528	NA	2.8061035
6530	NA	2.7582126
6533	NA	2.8089683
6534	NA	2.701776
6537	NA	2.8977256
6538	NA	2.8285081
6541	NA	2.6129513
6542	NA	2.5682633
6547	NA	2.7830544
6551	NA	2.6020048
6553	NA	2.3300087
6556	NA	2.3274655
6560	NA	2.7851872
6561	NA	2.600608
6562	NA	2.2608771
6564	NA	2.9941986
6570	NA	2.2998304
6571	NA	2.3946102
6573	NA	2.3183181
6574	NA	2.3327045
6581	NA	2.727422
6583	NA	2.7184784
6585	NA	2.8947477
6586	NA	3.0
6587	NA	2.7614615
6594	NA	2.675247
6596	NA	2.81017
6601	NA	2.6015747
6602	NA	2.8433297
6608	NA	2.7733016
6609	NA	2.381385
6611	NA	2.9962988
6612	NA	2.9752693
6613	NA	2.952468
6616	NA	2.4729412
6621	NA	2.4274843
6622	NA	2.9898918
6623	NA	2.7812066
6624	NA	2.4882004
6627	NA	2.7189937
6628	NA	2.5202644
6629	NA	2.9902556
6630	NA	2.9613903
6633	NA	2.6790636
6636	NA	2.7859044
6637	NA	2.7732735
6639	NA	2.7913442
6641	NA	2.9384007
6642	NA	2.8535035
6643	NA	2.9867754
6645	NA	2.3173358
6650	NA	2.65043
6651	NA	2.988418
6652	NA	2.98261
6653	NA	2.8374305
6654	NA	1.4956152
6655	NA	1.0
6660	NA	2.9947321
6661	NA	2.7934363
6662	NA	2.9188616
6663	NA	2.8068671
6666	NA	2.4307575
6667	NA	2.142032
6668	NA	2.4217877
6672	NA	2.8922138
6676	NA	2.7592583
6677	NA	2.7674773
6679	NA	2.898143
6680	NA	2.7692046
6681	NA	2.2851226
6682	NA	2.4799383
6685	NA	2.6095698
6686	NA	2.4868588
6689	NA	2.8436456
6690	NA	2.6739097
6691	NA	2.159628
6693	NA	2.1608906
6699	NA	2.9792871
6702	NA	2.5801914
6703	NA	2.5678318
6704	NA	2.5717967
6706	NA	2.9854481
6707	NA	2.9798665
6708	NA	2.8596087
6710	NA	2.8987172
6712	NA	2.924545
6713	NA	2.9277008
6716	NA	2.8712575
6718	NA	2.963953
6719	NA	2.458555
6722	NA	2.4375713
6724	NA	2.4429338
6726	NA	2.7970028
6727	NA	2.7992828
6730	NA	2.6011207
6732	NA	2.2750213
6734	NA	2.8438811
6737	NA	2.9798093
6739	NA	2.4910553
6741	NA	2.0207338
6743	NA	2.3568301
6744	NA	2.4921832
6749	NA	2.6258087
6751	NA	2.271522
6753	NA	2.6313133
6755	NA	2.9745548
6759	NA	2.2086294
6763	NA	2.988914
6767	NA	2.974775
6774	NA	2.80949
6776	NA	2.999254
6779	NA	2.7850788
6780	NA	2.789913
6782	NA	2.7761474
6783	NA	2.9997654
6785	NA	2.8906345
6786	NA	2.8079042
6787	NA	2.5346713
6788	NA	2.5773664
6790	NA	2.109784
6792	NA	2.787006
6793	NA	2.7665892
6794	NA	2.7172549
6795	NA	2.8473682
6796	NA	2.237457
6797	NA	2.5095077
6798	NA	2.3326218
6801	NA	2.9125314
6803	NA	2.7526283
6806	NA	2.2035131
6807	NA	2.565079
6808	NA	2.6300035
6809	NA	2.3678718
6811	NA	2.3396246
6815	NA	2.8583717
6817	NA	2.3160481
6818	NA	2.6258852
6820	NA	2.6278768
6821	NA	2.8662047
6823	NA	2.382997
6826	NA	2.760789
6827	NA	1.8103657
6828	NA	2.83609
6829	NA	2.7495804
6831	NA	2.7740135
6832	NA	2.9847686
6835	NA	2.8957994
6836	NA	2.357294
6837	NA	2.0662112
6838	NA	1.9896677
6839	NA	2.0218158
6841	NA	2.9340818
6842	NA	2.743356
6844	NA	2.9865708
6846	NA	2.1639097
6848	NA	2.0332584
6850	NA	1.6385611
6852	NA	2.9590049
6853	NA	2.9968264
6854	NA	2.806712
6856	NA	2.6792772
6858	NA	2.8556366
6859	NA	2.8567016
6860	NA	2.8540688
6861	NA	2.7507994
6864	NA	2.4795337
6867	NA	2.4487512
6871	NA	2.9742115
6872	NA	2.7199771
6873	NA	2.7958882
6874	NA	1.8408197
6876	NA	2.1969721
6878	NA	2.202248
6881	NA	2.892984
6882	NA	2.9131765
6883	NA	1.6124263
6886	NA	1.4856062
6888	NA	2.9613087
6889	NA	2.9392865
6891	NA	2.9620638
6892	NA	2.3349872
6893	NA	2.511528
6895	NA	2.6200078
6898	NA	2.9623392
6900	NA	2.906836
6904	NA	2.7234964
6906	NA	2.8372104
6908	NA	2.9687371
6909	NA	2.9441552
6910	NA	2.8367434
6911	NA	2.859075
6915	NA	3.0
6916	NA	2.7814422
6917	NA	2.9775662
6925	NA	2.9047086
6926	NA	2.8163686
6928	NA	2.9981322
6929	NA	2.9739592
6930	NA	2.223387
6933	NA	2.3344781
6935	NA	2.901212
6936	NA	2.7937322
6937	NA	2.9693134
6938	NA	2.9999897
6939	NA	2.9986491
6941	NA	2.4775438
6943	NA	2.4654193
6944	NA	2.5098302
6949	NA	2.9944966
6951	NA	2.6553907
6952	NA	2.6675057
6953	NA	2.5179749
6954	NA	2.6562676
6956	NA	2.660101
6959	NA	2.21027
6960	NA	2.886138
6962	NA	1.4904381
6963	NA	1.0
6965	NA	1.7739549
6967	NA	1.4382831
6972	NA	2.8930352
6973	NA	2.9478488
6976	NA	2.8527818
6977	NA	2.892757
6984	NA	2.5571895
6985	NA	2.7115955
6986	NA	2.787563
6988	NA	2.9809859
6989	NA	2.9161246
6990	NA	2.9994009
6999	NA	2.794283
7003	NA	1.4505494
7010	NA	2.1798847
7011	NA	2.252318
7012	NA	2.3569903
7014	NA	2.4899106
7015	NA	2.9971027
7017	NA	2.9954703
7023	NA	1.8195897
7024	NA	2.113063
7029	NA	2.931391
7030	NA	1.8104675
7031	NA	1.8246272
7032	NA	2.521585
7033	NA	2.4731212
7034	NA	1.8157232
7036	NA	2.4517822
7037	NA	2.7525563
7038	NA	2.9757671
7039	NA	2.9867914
7041	NA	2.2772937
7042	NA	2.210251
7046	NA	2.858048
7047	NA	2.8040268
7048	NA	2.8397207
7049	NA	2.9759383
7050	NA	2.7281225
7051	NA	2.7428315
7052	NA	2.7625222
7053	NA	2.3536131
7055	NA	2.9654253
7057	NA	2.7275755
7059	NA	2.5118892
7062	NA	2.7936087
7065	NA	2.7236092
7067	NA	2.9931076
7068	NA	2.6393259
7069	NA	2.7731562
7071	NA	2.6841643
7072	NA	2.7717621
7073	NA	2.8475795
7075	NA	3.0
7076	NA	2.8894086
7078	NA	2.620527
7079	NA	2.844113
7080	NA	2.7167356
7089	NA	2.550538
7091	NA	2.2443721
7095	NA	2.7826328
7096	NA	2.6107297
7097	NA	2.5715253
7098	NA	2.4028418
7102	NA	2.9393437
7106	NA	3.0
7107	NA	1.938815
7109	NA	2.8030524
7111	NA	2.5583906
7112	NA	2.8030524
7113	NA	2.9992137
7114	NA	2.870173
7115	NA	2.9340577
7117	NA	2.3615484
7122	NA	2.4006257
7128	NA	2.1206596
7129	NA	2.637002
7130	NA	2.6272974
7131	NA	3.0
7132	NA	2.911125
7134	NA	2.9780235
7135	NA	2.8033648
7136	NA	2.9718308
7137	NA	2.8000903
7140	NA	2.701824
7141	NA	2.9942534
7142	NA	2.856027
7146	NA	2.9491215
7147	NA	2.437655
7148	NA	2.432981
7149	NA	2.417908
7151	NA	2.6839955
7152	NA	2.442971
7154	NA	2.9504821
7157	NA	2.9828436
7158	NA	2.9298933
7159	NA	1.8429459
7160	NA	2.9377174
7162	NA	2.7296188
7163	NA	2.951896
7167	NA	2.6632357
7168	NA	2.5701356
7169	NA	2.3746927
7170	NA	2.4999666
7171	NA	2.5715613
7172	NA	2.4937608
7173	NA	2.9313467
7174	NA	2.7635412
7175	NA	2.8346052
7176	NA	2.8526433
7177	NA	2.25789
7178	NA	2.2210226
7179	NA	2.6419072
7180	NA	2.5267153
7181	NA	2.4855063
7182	NA	2.9715793
7183	NA	2.8393617
7184	NA	2.9289362
7187	NA	2.185325
7188	NA	2.2336347
7190	NA	2.2281215
7191	NA	2.2458725
7192	NA	2.2289493
7193	NA	3.0
7194	NA	2.7615533
7195	NA	1.6480591
7197	NA	1.5427676
7198	NA	2.7227519
7199	NA	2.7355335
7201	NA	2.7355335
7202	NA	2.910788
7203	NA	2.8241732
7206	NA	2.8976228
7207	NA	2.8846262
7212	NA	2.8925076
7215	NA	2.888008
7216	NA	2.5953481
7220	NA	2.6204612
7223	NA	2.9380438
7225	NA	2.942348
7227	NA	2.587411
7231	NA	2.4755216
7232	NA	2.5621126
7233	NA	2.8664105
7236	NA	2.9994192
7238	NA	2.6456726
7243	NA	2.6472309
7244	NA	2.953288
7245	NA	2.9970777
7247	NA	2.9561539
7248	NA	2.7741723
7249	NA	2.554191
7250	NA	2.6004117
7251	NA	2.7063177
7253	NA	2.559246
7254	NA	2.5552201
7255	NA	2.7786393
7256	NA	2.9656541
7257	NA	2.9860172
7258	NA	2.8499792
7259	NA	2.8850338
7260	NA	2.6938605
7261	NA	2.47168
7263	NA	2.7137277
7264	NA	2.709587
7265	NA	2.708841
7266	NA	2.9337327
7272	NA	2.6423836
7273	NA	2.649359
7275	NA	2.7936583
7278	NA	2.9529552
7279	NA	2.5970166
7282	NA	2.6981628
7283	NA	2.8050134
7284	NA	2.9943779
7285	NA	2.9969714
7286	NA	2.999879
7288	NA	2.8446696
7289	NA	1.4123714
7290	NA	1.4970949
7295	NA	2.921459
7296	NA	2.9556775
7297	NA	2.358156
7299	NA	2.1995704
7301	NA	2.599197
7303	NA	2.6056108
7305	NA	2.9680226
7307	NA	2.987512
7308	NA	2.6441796
7310	NA	2.1262774
7312	NA	2.0338182
7317	NA	2.9725482
7318	NA	2.9328413
7321	NA	2.8242052
7323	NA	2.8241277
7324	NA	2.941525
7325	NA	2.9721448
7326	NA	2.8696077
7327	NA	2.9965148
7328	NA	2.2617743
7329	NA	2.6132655
7330	NA	2.1057742
7331	NA	2.51957
7333	NA	2.579234
7336	NA	2.9201677
7337	NA	2.928652
7338	NA	2.9857986
7339	NA	2.9872658
7341	NA	2.1372445
7342	NA	2.1182427
7345	NA	2.148666
7348	NA	2.9820628
7351	NA	2.3277342
7354	NA	2.485418
7355	NA	2.4048183
7357	NA	2.8362558
7360	NA	2.8603966
7361	NA	2.1097922
7366	NA	2.8986874
7369	NA	2.9860516
7373	NA	2.4166589
7376	NA	2.2246587
7377	NA	2.563421
7378	NA	2.7964537
7379	NA	2.8424354
7380	NA	2.6308637
7382	NA	1.8641126
7384	NA	2.552215
7385	NA	2.308666
7387	NA	2.8268056
7393	NA	2.4404533
7395	NA	1.9025191
7396	NA	2.1582851
7400	NA	2.8496165
7401	NA	1.6514124
7403	NA	2.8413591
7405	NA	2.9609237
7406	NA	2.9171913
7407	NA	2.905836
7408	NA	2.3310034
7409	NA	2.3034294
7412	NA	2.3731344
7413	NA	2.9625466
7415	NA	2.8969197
7421	NA	2.5979838
7424	NA	2.9801652
7425	NA	2.8482728
7426	NA	2.920985
7429	NA	2.6827471
7430	NA	2.830649
7431	NA	2.8256292
7433	NA	2.4513366
7435	NA	2.9990654
7436	NA	2.9478643
7439	NA	2.4816272
7440	NA	2.506722
7442	NA	2.923242
7443	NA	2.999556
7447	NA	2.857869
7449	NA	2.2467685
7450	NA	2.205886
7453	NA	2.5634775
7456	NA	2.9213889
7458	NA	2.4870677
7460	NA	2.5346549
7463	NA	2.6690986
7465	NA	2.6777306
7467	NA	2.9706676
7469	NA	2.9961658
7473	NA	2.3114715
7478	NA	1.9285574
7480	NA	2.6663804
7482	NA	2.4437292
7484	NA	2.1786683
7488	NA	2.7868052
7489	NA	2.9316704
7490	NA	2.3106806
7494	NA	2.4832168
7495	NA	2.9958274
7498	NA	2.9487844
7500	NA	2.5459874
7502	NA	2.613727
7510	NA	2.5681493
7512	NA	2.0232708
7513	NA	2.6487427
7514	NA	2.5883007
7515	NA	2.8460119
7517	NA	2.9218793
7518	NA	2.9649794
7519	NA	2.7138786
7520	NA	2.5755007
7521	NA	2.5967352
7523	NA	2.6123822
7524	NA	2.667212
7528	NA	2.969361
7529	NA	2.6564634
7530	NA	2.6495116
7531	NA	1.9520074
7535	NA	2.972089
7536	NA	2.9481637
7538	NA	3.0
7540	NA	2.6304257
7552	NA	2.9611368
7555	NA	2.9498634
7560	NA	2.8005733
7562	NA	2.7953708
7565	NA	2.7769375
7566	NA	2.8383243
7568	NA	2.9999385
7570	NA	2.9227483
7571	NA	2.8869383
7574	NA	2.9237936
7575	NA	2.9275668
7578	NA	2.0377634
7579	NA	2.8269858
7584	NA	1.734502
7585	NA	1.9163148
7586	NA	2.9272022
7589	NA	2.849662
7591	NA	2.3931775
7592	NA	2.2992764
7593	NA	2.160952
7595	NA	2.9784994
7596	NA	2.7485607
7597	NA	1.9712354
7598	NA	2.418338
7600	NA	2.595147
7601	NA	2.3313925
7602	NA	2.3085766
7604	NA	1.694594
7605	NA	2.348866
7607	NA	2.8044188
7610	NA	2.2476
7614	NA	2.2254343
7615	NA	2.9497013
7617	NA	2.2782593
7620	NA	2.4604163
7621	NA	2.4720078
7623	NA	2.5449684
7624	NA	2.3397095
7626	NA	2.4002614
7627	NA	2.9404953
7628	NA	2.99852
7631	NA	2.8537471
7632	NA	2.2486582
7633	NA	2.7937834
7635	NA	2.8793523
7637	NA	2.9449456
7640	NA	2.4325047
7644	NA	2.377153
7645	NA	2.3988812
7646	NA	2.9553862
7650	NA	2.8189452
7655	NA	2.5095587
7656	NA	2.963521
7661	NA	2.8601532
7663	NA	2.866735
7664	NA	2.688979
7671	NA	2.5723188
7673	NA	2.3784907
7674	NA	2.3612807
7676	NA	2.8352163
7679	NA	2.922696
7683	NA	2.2144425
7684	NA	2.5264978
7685	NA	2.5070207
7686	NA	2.6061292
7690	NA	2.5633657
7691	NA	2.5271988
7693	NA	2.2263658
7694	NA	2.5549703
7695	NA	2.949083
7696	NA	2.9914315
7698	NA	2.5783443
7704	NA	1.8065505
7705	NA	1.6879712
7706	NA	2.796534
7708	NA	2.9994278
7709	NA	2.9380138
7710	NA	2.2599463
7713	NA	2.2825744
7715	NA	2.9511943
7717	NA	2.4970624
7721	NA	2.8551617
7725	NA	2.9798257
7727	NA	3.0
7730	NA	2.5351255
7735	NA	2.5178843
7736	NA	2.6107638
7737	NA	2.7433658
7738	NA	2.979598
7745	NA	2.7213345
7748	NA	2.9507985
7749	NA	2.8202543
7750	NA	2.8493044
7756	NA	2.9004166
7758	NA	2.9037158
7759	NA	2.5352519
7761	NA	2.4675264
7762	NA	2.261757
7765	NA	2.5717223
7766	NA	2.8522131
7767	NA	2.8240395
7770	NA	2.3976574
7773	NA	1.6333079
7774	NA	2.4608903
7775	NA	2.4476964
7783	NA	2.3607898
7786	NA	2.9971406
7788	NA	2.967884
7789	NA	2.983527
7791	NA	2.3780785
7796	NA	2.717263
7797	NA	2.7906425
7799	NA	2.664052
7800	NA	2.6577806
7801	NA	2.654522
7802	NA	2.1735468
7803	NA	2.6494498
7806	NA	2.9968157
7809	NA	2.5546393
7812	NA	2.8475277
7814	NA	2.9359145
7815	NA	2.9947488
7816	NA	2.9986367
7818	NA	2.3247852
7824	NA	2.893652
7825	NA	2.8962677
7826	NA	2.8036885
7827	NA	2.7975702
7828	NA	2.5785725
7829	NA	2.5456977
7830	NA	2.5596943
7831	NA	2.9835644
7832	NA	2.6602235
7833	NA	2.9849236
7835	NA	2.6935759
7837	NA	2.6746
7840	NA	2.9993467
7842	NA	2.8658447
7843	NA	2.9680595
7845	NA	1.7273617
7846	NA	1.6919576
7848	NA	1.6872045
7850	NA	2.9773946
7852	NA	2.962042
7853	NA	2.1036088
7854	NA	2.1327665
7855	NA	2.057543
7856	NA	2.1381419
7857	NA	2.1005287
7858	NA	2.9851396
7860	NA	2.766662
7862	NA	2.729946
7863	NA	2.7864785
7865	NA	2.9550025
7870	NA	2.915315
7871	NA	2.994913
7873	NA	2.9232101
7874	NA	2.910052
7879	NA	2.3847802
7880	NA	2.9907224
7882	NA	2.3275132
7883	NA	2.3077693
7885	NA	1.8742887
7886	NA	2.3195786
7894	NA	2.721782
7895	NA	2.7385406
7897	NA	2.7037532
7901	NA	2.4246767
7904	NA	2.4318
7905	NA	2.8875873
7907	NA	2.967901
7908	NA	2.9919832
7910	NA	2.742798
7911	NA	2.7289827
7913	NA	2.6920824
7914	NA	2.7093503
7915	NA	2.725526
7916	NA	2.9723434
7918	NA	2.9911091
7919	NA	2.8794258
7920	NA	2.8490906
7922	NA	2.8521497
7924	NA	2.868883
7928	NA	2.9713385
7929	NA	2.4162226
7930	NA	2.585488
7931	NA	2.5954874
7941	NA	2.5066628
7942	NA	2.4435422
7943	NA	2.97401
7944	NA	2.993528
7945	NA	2.9912522
7948	NA	1.9689691
7952	NA	2.9944594
7955	NA	2.8576953
7956	NA	2.4721196
7958	NA	2.4929373
7960	NA	2.4882736
7961	NA	2.9995975
7962	NA	2.9087086
7965	NA	2.8144433
7968	NA	1.6457579
7969	NA	1.5126343
7970	NA	1.8968364
7974	NA	2.997034
7975	NA	2.989302
7978	NA	2.37435
7979	NA	2.3952336
7982	NA	2.9908323
7983	NA	2.9941618
7984	NA	2.9703152
7988	NA	2.5379798
7991	NA	2.5266366
7992	NA	2.9747322
7994	NA	2.9924262
8000	NA	2.181187
8001	NA	2.9585602
8003	NA	2.9960234
8004	NA	2.9647255
8007	NA	1.0
8008	NA	1.7240686
8009	NA	1.0
8011	NA	2.9884117
8013	NA	2.9612846
8015	NA	2.321632
8016	NA	2.2988946
8017	NA	2.2529645
8019	NA	2.7047126
8020	NA	2.9801724
8022	NA	2.995297
8023	NA	2.8082423
8026	NA	2.7824416
8027	NA	2.8085492
8030	NA	2.9763844
8033	NA	2.6733198
8034	NA	2.6757348
8035	NA	2.1500978
8036	NA	2.6739483
8042	NA	1.5273945
8043	NA	2.212575
8045	NA	1.5461242
8046	NA	2.9765224
8048	NA	2.997987
8051	NA	2.6175456
8052	NA	2.5669377
8053	NA	2.618985
8054	NA	2.6134608
8056	NA	2.974323
8061	NA	2.476682
8062	NA	2.4224482
8063	NA	2.4028678
8066	NA	2.9900136
8070	NA	2.852688
8074	NA	2.9974744
8075	NA	2.990927
8078	NA	2.5862694
8080	NA	2.6126304
8081	NA	2.6036918
8082	NA	2.9995728
8083	NA	2.9996543
8085	NA	2.9621553
8086	NA	2.8979552
8087	NA	2.8884938
8088	NA	2.9082289
8097	NA	2.867066
8098	NA	2.913515
8099	NA	2.9122381
8100	NA	2.604213
8101	NA	2.5578208
8102	NA	2.974718
8103	NA	2.9731853
8106	NA	2.6700487
8107	NA	2.1795127
8111	NA	2.9872603
8113	NA	2.1088514
8114	NA	2.123941
8115	NA	2.1028016
8116	NA	2.0937817
8117	NA	2.109766
8118	NA	2.982303
8123	NA	1.0
8125	NA	2.204149
8128	NA	2.9903464
8131	NA	2.3878405
8132	NA	2.3857932
8133	NA	2.0168085
8135	NA	2.3835406
8139	NA	2.9502404
8140	NA	2.5584857
8142	NA	2.4196758
8144	NA	2.5525467
8146	NA	2.9939885
8148	NA	2.9952826
8149	NA	2.483423
8150	NA	2.482283
8151	NA	2.4913878
8153	NA	2.4808106
8154	NA	2.954147
8160	NA	1.6242934
8164	NA	2.9977913
8166	NA	2.9974916
8167	NA	2.9330375
8169	NA	2.9717119
8170	NA	2.9728534
8171	NA	2.9721327
8172	NA	2.8182645
8174	NA	2.9979968
8176	NA	2.5218482
8178	NA	2.422434
8181	NA	2.995347
8182	NA	2.996539
8183	NA	2.841444
8185	NA	2.8393247
8188	NA	2.9977791
8197	NA	2.406906
8198	NA	2.262867
8202	NA	2.919888
8203	NA	2.704432
8204	NA	2.7177522
8205	NA	2.6992173
8207	NA	2.701538
8208	NA	2.9949439
8209	NA	2.8970065
8214	NA	2.5022762
8218	NA	2.9483585
8221	NA	2.1813362
8222	NA	2.1569898
8224	NA	2.1687007
8226	NA	2.969072
8229	NA	2.9867947
8231	NA	2.840337
8232	NA	2.7595456
8234	NA	2.845394
8235	NA	2.9269724
8236	NA	2.5445633
8237	NA	2.376286
8238	NA	2.9986665
8239	NA	2.0533857
8240	NA	2.1593866
8241	NA	2.1287634
8242	NA	1.9398681
8243	NA	2.1835713
8244	NA	2.9977016
8245	NA	2.983836
8250	NA	2.7479594
8252	NA	2.7387698
8253	NA	2.989101
8254	NA	2.9975219
8255	NA	2.9841886
8256	NA	2.8746815
8257	NA	2.6995006
8259	NA	2.6787856
8260	NA	2.661518
8261	NA	2.6643775
8262	NA	2.995625
8265	NA	2.9825168
8268	NA	2.6064007
8270	NA	2.5893717
8271	NA	2.9944954
8273	NA	2.962182
8275	NA	1.9808152
8278	NA	2.033236
8279	NA	1.9955955
8280	NA	2.7657192
8284	NA	2.7718468
8286	NA	2.6415565
8287	NA	2.745039
8290	NA	2.6515539
8291	NA	2.9796376
8292	NA	2.9951067
8293	NA	2.429895
8295	NA	2.4671078
8297	NA	2.4711537
8298	NA	2.0819716
8299	NA	2.9650042
8301	NA	2.8658385
8302	NA	2.9208834
8303	NA	2.8408563
8308	NA	2.9511764
8309	NA	2.9882405
8310	NA	2.9936435
8311	NA	2.1662476
8315	NA	2.1760638
8318	NA	2.9277782
8319	NA	2.8617241
8320	NA	2.1745894
8322	NA	2.0822651
8324	NA	2.1760755
8332	NA	2.190829
8337	NA	2.9900627
8341	NA	2.7847009
8342	NA	2.7778654
8344	NA	2.982877
8346	NA	2.9648867
8348	NA	2.8980346
8350	NA	2.8738568
8353	NA	2.9766648
8354	NA	2.9650848
8357	NA	2.8968322
8359	NA	2.919967
8361	NA	2.9948752
8364	NA	2.9784088
8365	NA	2.7399008
8369	NA	2.8201792
8370	NA	2.995586
8371	NA	2.314579
8372	NA	2.9835598
8373	NA	2.9163413
8378	NA	2.3885858
8380	NA	2.8518727
8382	NA	2.9938872
8385	NA	2.574823
8386	NA	2.4659433
8387	NA	2.5839705
8390	NA	2.9897218
8391	NA	2.9174912
8392	NA	2.344777
8393	NA	2.305603
8394	NA	2.339678
8395	NA	2.3564293
8397	NA	2.9403393
8399	NA	2.8985212
8401	NA	2.4477906
8402	NA	2.335729
8403	NA	2.4234025
8405	NA	2.4650462
8408	NA	2.9884648
8410	NA	2.6600482
8411	NA	2.6843567
8413	NA	2.6802702
8414	NA	2.6929011
8415	NA	2.9911525
8416	NA	2.983759
8418	NA	2.986809
8420	NA	2.4866521
8422	NA	2.4480174
8423	NA	2.4759967
8427	NA	2.6568663
8428	NA	2.6033533
8429	NA	2.4139416
8432	NA	2.5836744
8433	NA	2.981873
8436	NA	2.988264
8438	NA	2.8044484
8439	NA	2.8030214
8440	NA	2.8369272
8442	NA	2.7751663
8443	NA	2.9940739
8445	NA	2.8923478
8447	NA	2.8379955
8448	NA	2.7536662
8450	NA	2.945602
8454	NA	2.9929051
8463	NA	2.894045
8464	NA	2.4732761
8465	NA	2.2937605
8466	NA	2.4376864
8467	NA	2.378059
8468	NA	2.4706335
8472	NA	2.9977887
8473	NA	2.810658
8477	NA	2.8499997
8478	NA	2.9989307
8480	NA	2.9613075
8485	NA	2.940793
8487	NA	2.9714396
8488	NA	2.763801
8491	NA	2.620198
8495	NA	2.738124
8496	NA	2.9677827
8497	NA	2.9550695
8498	NA	2.9600785
8499	NA	2.9552026
8503	NA	2.941835
8508	NA	2.9954777
8509	NA	2.527351
8510	NA	2.5391333
8513	NA	2.536333
8515	NA	2.9194283
8518	NA	2.9098196
8519	NA	2.9016464
8522	NA	2.9110155
8523	NA	2.9802294
8526	NA	2.9889622
8527	NA	2.4897037
8531	NA	2.511402
8533	NA	2.9722009
8534	NA	2.9948483
8535	NA	2.9898427
8539	NA	2.7823865
8540	NA	2.7719207
8542	NA	2.9633071
8544	NA	2.993925
8545	NA	2.324956
8546	NA	2.25685
8547	NA	2.197224
8549	NA	2.2401917
8550	NA	2.9976854
8552	NA	2.9844568
8553	NA	2.8871055
8554	NA	2.6960185
8556	NA	2.6975086
8557	NA	2.6959932
8559	NA	2.99339
8560	NA	2.883322
8565	NA	2.7081065
8568	NA	2.423979
8570	NA	2.9996626
8573	NA	2.7091777
8575	NA	2.688489
8577	NA	2.9749017
8579	NA	2.9529784
8580	NA	2.9876978
8583	NA	2.583516
8585	NA	2.594615
8587	NA	2.7914038
8591	NA	2.453447
8592	NA	2.3909497
8595	NA	2.9970548
8599	NA	2.3293571
8602	NA	2.5316312
8603	NA	2.4176977
8604	NA	2.9869225
8605	NA	2.9970212
8612	NA	2.9461956
8615	NA	2.8975792
8616	NA	2.966026
8617	NA	2.6406448
8619	NA	2.611664
8621	NA	2.61512
8623	NA	2.6279209
8625	NA	2.584163
8628	NA	2.0139852
8634	NA	2.9875538
8638	NA	2.809016
8640	NA	2.9229908
8641	NA	2.9958222
8642	NA	2.983112
8643	NA	2.928016
8644	NA	2.9058495
8648	NA	2.836312
8650	NA	2.7429957
8652	NA	2.9167562
8653	NA	2.994311
8654	NA	2.9753685
8655	NA	2.7149272
8659	NA	2.7132878
8661	NA	2.9612052
8662	NA	2.9691823
8666	NA	2.1316469
8667	NA	2.0383563
8670	NA	2.991881
8671	NA	2.9352746
8672	NA	2.9922729
8673	NA	2.6909556
8677	NA	2.7278006
8681	NA	2.9956288
8682	NA	2.4555075
8687	NA	2.9341338
8688	NA	2.9169164
8693	NA	2.4996767
8694	NA	2.4959505
8695	NA	2.5594664
8698	NA	2.840569
8701	NA	2.7410352
8703	NA	2.7338638
8704	NA	2.746814
8706	NA	2.9955275
8707	NA	2.930692
8710	NA	2.7333817
8711	NA	2.7350986
8713	NA	2.7436123
8715	NA	2.8735774
8717	NA	2.9796345
8718	NA	2.7566288
8720	NA	2.435323
8721	NA	2.4282136
8722	NA	2.4700682
8723	NA	2.9838974
8725	NA	2.2861762
8726	NA	2.95603
8729	NA	2.7824774
8730	NA	2.785762
8731	NA	2.7825556
8732	NA	2.9882526
8733	NA	2.9285178
8734	NA	2.9799862
8735	NA	2.9949882
8736	NA	2.5253417
8737	NA	2.5385654
8740	NA	2.5648012
8744	NA	2.953153
8745	NA	2.746338
8747	NA	2.7319207
8752	NA	2.9745424
8754	NA	2.5026789
8755	NA	2.5051994
8758	NA	2.5010996
8761	NA	2.991609
8762	NA	2.9229808
8763	NA	2.6585476
8764	NA	2.583615
8765	NA	2.6647198
8769	NA	2.8646407
8770	NA	2.8105953
8771	NA	2.9269168
8772	NA	2.5484283
8773	NA	2.6031919
8774	NA	1.8891315
8776	NA	2.5720494
8778	NA	2.9977655
8780	NA	2.9263806
8782	NA	2.796435
8785	NA	2.7420895
8788	NA	2.9879935
8789	NA	2.9940317
8793	NA	2.7381074
8795	NA	2.9928138
8797	NA	2.9903991
8798	NA	2.6759322
8799	NA	2.933191
8802	NA	2.9165132
8803	NA	2.9397025
8804	NA	2.6646857
8807	NA	2.9691086
8808	NA	2.454662
8809	NA	2.7733567
8810	NA	2.6505752
8811	NA	2.791818
8812	NA	2.8001566
8817	NA	2.9795885
8818	NA	2.3768468
8819	NA	2.4061024
8820	NA	2.3764677
8821	NA	2.4099054
8824	NA	2.9953167
8825	NA	2.9954588
8826	NA	2.7080646
8827	NA	2.6945076
8828	NA	2.6576169
8829	NA	2.6811771
8831	NA	2.9979708
8833	NA	2.9710126
8835	NA	2.6895204
8837	NA	2.74341
8839	NA	2.739803
8840	NA	2.8421574
8843	NA	2.997697
8845	NA	2.442809
8847	NA	2.4520302
8849	NA	2.9199276
8850	NA	2.8817604
8851	NA	2.9856038
8853	NA	2.6213448
8857	NA	2.6175523
8860	NA	2.9960668
8861	NA	2.9921486
8863	NA	2.8112419
8864	NA	2.833993
8865	NA	2.809231
8866	NA	2.8124578
8868	NA	2.8850174
8870	NA	2.990159
8871	NA	2.6622972
8872	NA	2.6632516
8874	NA	2.6165757
8877	NA	2.9855409
8880	NA	2.9351842
8881	NA	2.938433
8882	NA	2.941206
8883	NA	2.9463747
8884	NA	2.9437273
8885	NA	2.9993584
8886	NA	2.9983828
8887	NA	2.9528735
8889	NA	2.675038
8890	NA	2.6586366
8891	NA	2.6554093
8893	NA	2.655576
8895	NA	2.8396258
8896	NA	2.9961472
8897	NA	2.8877223
8898	NA	1.7164081
8899	NA	1.7943981
8900	NA	1.5745027
8904	NA	2.994276
8905	NA	2.8772316
8906	NA	2.9120917
8909	NA	2.4573002
8910	NA	2.5044947
8911	NA	2.5188475
8912	NA	2.9640617
8919	NA	2.4236557
8920	NA	2.3866537
8921	NA	2.9867973
8922	NA	2.9923844
8923	NA	2.9881275
8925	NA	2.3844552
8927	NA	2.4014971
8928	NA	2.3540301
8929	NA	2.3821363
8930	NA	2.9741771
8931	NA	2.967032
8933	NA	2.9824114
8935	NA	2.7180605
8939	NA	2.8406482
8940	NA	2.9937398
8946	NA	2.4385178
8947	NA	2.442949
8950	NA	2.878765
8951	NA	2.936032
8953	NA	2.8322902
8954	NA	2.8921657
8960	NA	2.960906
8962	NA	2.6196644
8968	NA	3.0
8969	NA	2.9675
8970	NA	2.6428237
8971	NA	2.6094816
8974	NA	2.6428237
8975	NA	2.9889371
8979	NA	2.6495538
8981	NA	2.215666
8984	NA	2.9974797
8985	NA	2.890905
8989	NA	2.846842
8990	NA	2.8546264
8991	NA	2.72426
8993	NA	2.989098
8995	NA	2.8010755
8997	NA	2.995886
9002	NA	2.8756213
9003	NA	2.867346
9004	NA	2.9115717
9007	NA	2.9782155
9008	NA	2.9201455
9009	NA	2.9026241
9010	NA	2.8741999
9012	NA	2.932401
9013	NA	2.9893336
9016	NA	2.938018
9018	NA	2.6752148
9020	NA	2.709803
9022	NA	2.4869962
9023	NA	2.6057947
9025	NA	2.9948943
9026	NA	2.3967154
9027	NA	2.403323
9032	NA	2.9940772
9034	NA	2.9905593
9042	NA	2.984379
9043	NA	2.9912715
9047	NA	2.868045
9048	NA	2.8705418
9049	NA	2.991789
9052	NA	2.9283636
9055	NA	2.8161502
9057	NA	2.8047342
9059	NA	2.8546464
9060	NA	2.8533447
9061	NA	2.989287
9062	NA	2.6259458
9063	NA	2.6723855
9064	NA	2.971804
9065	NA	2.3887842
9072	NA	2.2102993
9076	NA	2.7142873
9079	NA	2.9988942
9081	NA	2.6858401
9082	NA	2.6502824
9084	NA	2.6846979
9087	NA	2.8442202
9088	NA	2.8605764
9089	NA	2.30298
9091	NA	2.473016
9092	NA	2.474501
9100	NA	2.4457715
9104	NA	2.9832902
9105	NA	2.8915174
9107	NA	2.6411672
9111	NA	2.5913033
9112	NA	2.7463634
9114	NA	2.9129584
9115	NA	2.8907971
9116	NA	2.3388617
9118	NA	2.7813654
9119	NA	2.4773035
9120	NA	2.4491756
9121	NA	2.8498704
9122	NA	2.9945662
9123	NA	2.9786835
9124	NA	2.9521506
9128	NA	2.3626857
9130	NA	2.869944
9135	NA	2.6953423
9138	NA	2.7109847
9143	NA	2.9749544
9144	NA	2.9061875
9145	NA	2.5222316
9149	NA	2.991478
9151	NA	2.9985142
9152	NA	2.8019872
9154	NA	2.8272727
9157	NA	2.9113631
9158	NA	2.8986268
9162	NA	2.6739295
9163	NA	2.500982
9164	NA	2.6320739
9165	NA	2.675866
9166	NA	2.9846218
9168	NA	2.9735134
9170	NA	2.9685707
9173	NA	2.9664695
9174	NA	2.9731972
9175	NA	2.990522
9176	NA	1.9695956
9178	NA	2.8134243
9179	NA	1.6808735
9180	NA	1.7701958
9182	NA	1.6383362
9190	NA	2.535675
9191	NA	2.5486562
9195	NA	2.9724004
9197	NA	2.2554095
9199	NA	2.224017
9201	NA	2.285073
9202	NA	2.8857074
9203	NA	2.9929128
9204	NA	2.8797176
9205	NA	2.996804
9207	NA	2.5294433
9209	NA	2.524026
9210	NA	2.527982
9214	NA	2.985241
9216	NA	2.5080426
9217	NA	2.2132533
9218	NA	2.178886
9219	NA	2.5156615
9220	NA	2.9886403
9221	NA	2.9945722
9225	NA	2.1953354
9226	NA	2.1331253
9227	NA	2.129538
9228	NA	2.1342123
9229	NA	2.7765775
9231	NA	2.9990911
9232	NA	2.981787
9234	NA	2.906712
9237	NA	2.9245665
9243	NA	2.6012585
9244	NA	2.6198006
9245	NA	2.6214905
9246	NA	2.6202507
9248	NA	2.9890485
9251	NA	2.1105208
9252	NA	2.143876
9253	NA	2.1217322
9256	NA	2.9959743
9257	NA	2.9745154
9258	NA	2.948298
9260	NA	2.8389952
9261	NA	2.8936422
9263	NA	2.8764305
9265	NA	2.9962664
9266	NA	2.999067
9267	NA	2.2139618
9268	NA	2.974941
9270	NA	2.4686356
9271	NA	2.4356802
9276	NA	2.9805734
9277	NA	2.992434
9278	NA	2.1799319
9279	NA	2.206036
9282	NA	2.2089117
9283	NA	2.984769
9286	NA	2.9941823
9289	NA	2.6063292
9290	NA	2.6178126
9291	NA	2.63266
9294	NA	2.9918876
9296	NA	2.4321241
9298	NA	2.4062498
9301	NA	2.8971798
9302	NA	2.99996
9304	NA	2.73868
9306	NA	2.1014364
9310	NA	2.9924428
9311	NA	2.6711724
9312	NA	2.968976
9316	NA	2.8046174
9317	NA	2.3640814
9318	NA	2.7995236
9320	NA	2.9836173
9321	NA	2.7588408
9322	NA	2.9527447
9324	NA	2.03572
9325	NA	2.0262043
9331	NA	2.9910898
9332	NA	2.9970512
9333	NA	2.9924219
9334	NA	2.8450782
9339	NA	2.9928713
9340	NA	2.9967954
9341	NA	2.9545457
9345	NA	2.250965
9346	NA	2.228137
9347	NA	2.2454865
9348	NA	2.6865718
9352	NA	2.188829
9353	NA	2.2230687
9355	NA	2.1915271
9357	NA	2.987478
9358	NA	2.9938412
9360	NA	2.9732034
9363	NA	2.8457394
9364	NA	2.8573527
9365	NA	2.8607614
9366	NA	2.9975066
9372	NA	2.626446
9376	NA	2.992294
9378	NA	2.9930108
9379	NA	1.654832
9381	NA	1.625222
9382	NA	1.642423
9383	NA	1.6537609
9384	NA	2.9556084
9390	NA	2.2848146
9392	NA	2.3075356
9396	NA	2.9920008
9397	NA	2.4424145
9398	NA	2.5328295
9399	NA	2.5264962
9403	NA	2.8178604
9404	NA	2.7615688
9405	NA	2.998347
9406	NA	2.3720243
9409	NA	2.5064232
9410	NA	2.4069335
9411	NA	2.932326
9415	NA	2.5341063
9416	NA	2.5342188
9417	NA	2.615183
9418	NA	2.55852
9419	NA	2.5595465
9420	NA	2.946349
9421	NA	2.999305
9422	NA	2.988155
9428	NA	2.8219957
9429	NA	2.9739182
9432	NA	2.9990072
9440	NA	2.9125788
9441	NA	2.994429
9443	NA	2.8272185
9446	NA	2.8435116
9450	NA	2.9787235
9454	NA	2.6822708
9458	NA	2.3429465
9459	NA	2.9933395
9460	NA	2.9945168
9463	NA	2.624419
9464	NA	2.4995606
9466	NA	2.6402454
9468	NA	2.9971874
9470	NA	2.9573452
9472	NA	2.4082184
9474	NA	2.3815098
9476	NA	2.995193
9477	NA	2.9927444
9478	NA	1.5012537
9479	NA	2.9897056
9480	NA	1.5416731
9481	NA	2.7717469
9483	NA	2.7847052
9484	NA	2.7791812
9485	NA	2.9853292
9486	NA	2.7141843
9487	NA	2.846811
9491	NA	2.5804994
9494	NA	2.9936316
9498	NA	2.3936365
9501	NA	2.4122021
9503	NA	2.995792
9505	NA	2.9895897
9507	NA	2.5351095
9508	NA	2.5266323
9509	NA	2.5375924
9511	NA	2.5356395
9513	NA	2.9917743
9514	NA	2.8824043
9518	NA	2.812689
9519	NA	2.819243
9520	NA	2.8222265
9521	NA	2.454491
9522	NA	2.9481225
9523	NA	2.6623032
9527	NA	2.2883353
9528	NA	2.2614174
9533	NA	2.8552494
9534	NA	2.457463
9536	NA	2.0803123
9539	NA	2.8813076
9543	NA	2.432103
9546	NA	2.4317415
9547	NA	2.4450364
9548	NA	2.5527008
9550	NA	2.9835792
9552	NA	2.7172806
9553	NA	2.7079587
9559	NA	2.7033005
9560	NA	2.9794278
9564	NA	2.4499874
9566	NA	2.9574354
9568	NA	2.8989089
9573	NA	2.5581758
9575	NA	2.9218822
9582	NA	2.4773033
9585	NA	2.847897
9586	NA	2.6927152
9587	NA	2.9910254
9588	NA	2.5059578
9589	NA	2.244191
9590	NA	2.693326
9595	NA	2.9325619
9596	NA	2.8652303
9597	NA	2.8489156
9598	NA	2.9713967
9601	NA	2.8625493
9603	NA	2.808463
9606	NA	2.996802
9608	NA	2.7882137
9611	NA	2.7264767
9612	NA	2.7917755
9613	NA	2.9859204
9614	NA	2.9577649
9618	NA	2.2392297
9619	NA	2.3475256
9620	NA	2.4134626
9621	NA	2.3847435
9622	NA	2.9902363
9625	NA	2.9969547
9626	NA	2.3522894
9628	NA	2.3487597
9629	NA	2.3375864
9630	NA	2.3549159
9633	NA	2.9435027
9634	NA	2.9043179
9637	NA	2.9092135
9640	NA	2.9613793
9642	NA	2.961728
9647	NA	2.1820474
9648	NA	2.2308793
9649	NA	2.1778877
9652	NA	2.9961946
9654	NA	2.9963942
9655	NA	2.7190669
9658	NA	2.7239695
9660	NA	2.9264514
9661	NA	2.9943829
9663	NA	2.9962194
9664	NA	2.974112
9670	NA	2.9880204
9671	NA	2.939096
9672	NA	2.996981
9673	NA	2.347695
9674	NA	2.4165177
9679	NA	2.9976795
9681	NA	2.9923873
9682	NA	2.6035318
9683	NA	2.6174555
9685	NA	2.6284237
9686	NA	2.6274457
9688	NA	2.8319485
9690	NA	2.9865544
9693	NA	2.9095109
9696	NA	2.9691315
9705	NA	2.9903736
9707	NA	2.9902618
9711	NA	2.829121
9712	NA	2.8160243
9714	NA	2.98986
9716	NA	2.8363147
9724	NA	2.9868703
9725	NA	2.7003648
9727	NA	2.6739345
9728	NA	2.4216132
9729	NA	2.2410808
9732	NA	2.9919825
9734	NA	2.86024
9735	NA	2.9990277
9737	NA	2.7499573
9739	NA	2.7613807
9740	NA	2.750132
9741	NA	2.9848344
9742	NA	2.9978335
9743	NA	2.8958852
9750	NA	2.9967964
9751	NA	2.9954498
9754	NA	2.6179044
9755	NA	2.6273022
9756	NA	2.6241307
9761	NA	1.6976851
9762	NA	2.570785
9767	NA	2.609311
9768	NA	2.5508535
9772	NA	1.0
9775	NA	2.6286454
9777	NA	1.4925559
9779	NA	1.7626199
9781	NA	2.860424
9782	NA	1.0
9783	NA	2.2295604
9785	NA	2.1240819
9787	NA	1.7795833
9790	NA	2.665328
9791	NA	2.3187964
9792	NA	2.635109
9793	NA	2.711354
9794	NA	2.452644
9796	NA	2.037328
9797	NA	2.5136893
9798	NA	2.890594
9802	NA	2.9723577
9804	NA	2.311675
9807	NA	2.3850389
9808	NA	2.193892
9809	NA	2.4562483
9810	NA	2.7537158
9812	NA	1.5833874
9813	NA	2.7753937
9818	NA	1.9971206
9819	NA	2.842544
9823	NA	1.8340031
9824	NA	1.6593863
9826	NA	1.8216039
9828	NA	2.5510628
9830	NA	1.6539823
9831	NA	2.3314114
9832	NA	2.1944866
9833	NA	2.860728
9834	NA	1.5098878
9835	NA	2.0135975
9837	NA	2.9297118
9842	NA	2.4519799
9845	NA	1.0
9848	NA	2.4336028
9849	NA	2.4850361
9850	NA	1.4024292
9852	NA	2.3125308
9854	NA	2.3286679
9855	NA	2.4393096
9857	NA	1.5101159
9858	NA	2.6441476
9861	NA	2.4077272
9862	NA	2.2093587
9865	NA	2.2031138
9866	NA	2.3458045
9867	NA	2.5050235
9871	NA	1.0
9872	NA	2.2895036
9873	NA	1.462965
9881	NA	2.7374449
9883	NA	1.5256048
9887	NA	2.773199
9888	NA	1.9717281
9890	NA	2.3686736
9891	NA	2.2544081
9892	NA	2.32503
9894	NA	2.1783009
9896	NA	1.4854186
9898	NA	1.5233996
9899	NA	1.560159
9901	NA	2.6421509
9902	NA	2.3986535
9906	NA	2.342507
9908	NA	2.7341387
9909	NA	2.5186093
9910	NA	2.39358
9913	NA	1.475269
9917	NA	2.502208
9918	NA	2.0649376
9920	NA	1.9410927
9923	NA	2.5349104
9924	NA	2.4538982
9925	NA	2.799725
9928	NA	2.4461496
9929	NA	2.2825541
9930	NA	1.5381955
9932	NA	1.5866067
9933	NA	1.4715219
9937	NA	1.0
9941	NA	2.613933
9944	NA	1.9106609
9945	NA	2.0582702
9946	NA	2.4477713
9950	NA	2.8875604
9952	NA	2.588866
9953	NA	2.3861635
9954	NA	2.8509429
9956	NA	1.4363018
9957	NA	1.0
9958	NA	2.6138906
9959	NA	2.349914
9961	NA	2.2618067
9962	NA	2.4252083
9964	NA	2.2028224
9965	NA	2.4429502
9966	NA	1.5015627
9969	NA	2.5687206
9970	NA	2.7852755
9971	NA	1.7743266
9972	NA	2.5269296
9977	NA	1.4965822
9978	NA	2.5218315
9979	NA	1.9403868
9986	NA	2.469951
9987	NA	2.4109457
9989	NA	2.2283897
9990	NA	2.2364209
9991	NA	2.4068635
9992	NA	2.0289507
9994	NA	2.6157086
9995	NA	1.9706267
9996	NA	1.8102427
