pair_ID	entailment_judgment	relatedness_score
6	NA	4.6462545
7	NA	4.6548123
8	NA	4.6988697
10	NA	4.9759674
11	NA	4.9769783
13	NA	4.551535
15	NA	4.4000325
16	NA	4.0337815
17	NA	4.027277
19	NA	4.9811864
20	NA	4.934514
21	NA	4.9798026
22	NA	4.918204
23	NA	4.911597
27	NA	4.6202493
29	NA	4.664767
31	NA	4.875822
32	NA	4.8936667
33	NA	4.930741
34	NA	4.9023023
36	NA	4.7081995
37	NA	4.7578006
38	NA	4.746652
39	NA	4.7926855
41	NA	4.9043884
43	NA	4.983814
46	NA	4.477959
48	NA	4.30727
50	NA	4.4181857
51	NA	4.424289
52	NA	4.97214
53	NA	4.924028
54	NA	4.8007765
57	NA	4.6982903
59	NA	4.7055073
60	NA	4.6810465
61	NA	4.5225487
63	NA	4.9469156
64	NA	4.845794
66	NA	4.855691
67	NA	4.8880615
68	NA	4.836255
69	NA	4.811308
71	NA	4.8356643
74	NA	4.9642735
75	NA	4.951839
76	NA	4.9252653
80	NA	4.5503902
86	NA	4.5261645
89	NA	4.9467435
92	NA	4.471603
95	NA	4.585038
96	NA	4.425093
101	NA	4.9397297
102	NA	4.840031
103	NA	4.6009364
104	NA	4.667616
106	NA	4.6325984
108	NA	4.869935
109	NA	4.6662536
110	NA	4.8863134
111	NA	4.830247
114	NA	4.439492
115	NA	4.369707
118	NA	4.928664
121	NA	4.97307
123	NA	4.637581
125	NA	4.6657033
128	NA	4.6472526
132	NA	4.9327974
134	NA	4.9074163
135	NA	4.7066545
137	NA	4.7507553
138	NA	4.7418604
142	NA	4.851547
143	NA	4.752982
144	NA	4.5742264
145	NA	3.9470334
147	NA	4.4582405
149	NA	4.830291
151	NA	4.9146914
152	NA	4.49089
153	NA	4.8831387
154	NA	4.5106845
155	NA	4.7455807
156	NA	4.7711806
157	NA	4.9442244
158	NA	4.97561
160	NA	4.8978806
162	NA	4.8341575
165	NA	4.8157973
166	NA	4.821366
167	NA	4.9297986
168	NA	4.876286
169	NA	4.9868994
171	NA	4.983319
172	NA	4.8700523
174	NA	4.855584
175	NA	4.8716884
177	NA	4.854229
178	NA	4.9526176
179	NA	4.8734627
180	NA	4.973282
181	NA	4.9151053
182	NA	4.9198685
187	NA	4.5299478
189	NA	4.555412
190	NA	4.577044
191	NA	4.900266
193	NA	4.9502625
195	NA	4.8573747
196	NA	4.8201714
198	NA	4.7671776
199	NA	4.82228
203	NA	4.895126
204	NA	4.6023436
206	NA	4.6747622
207	NA	4.7040224
208	NA	4.710212
209	NA	4.9160943
210	NA	4.8389883
212	NA	4.8803015
213	NA	4.4994397
214	NA	4.3563347
220	NA	4.8858542
221	NA	4.9168944
222	NA	5.0
229	NA	4.9566064
230	NA	4.75581
231	NA	4.9765415
235	NA	4.6993356
239	NA	4.7111464
242	NA	4.9477606
243	NA	4.8909483
244	NA	4.898979
245	NA	4.9334044
246	NA	4.58585
247	NA	4.7040024
250	NA	4.7281647
251	NA	4.633572
252	NA	4.6930885
255	NA	4.975379
261	NA	4.769118
262	NA	4.9152613
263	NA	4.8892922
264	NA	4.895736
267	NA	4.6248446
268	NA	4.5935345
270	NA	4.5471454
271	NA	4.748359
274	NA	4.954362
275	NA	4.8575864
278	NA	4.7089396
281	NA	4.624438
282	NA	4.949391
284	NA	4.667934
288	NA	4.647884
290	NA	4.677267
292	NA	4.832529
294	NA	4.93861
295	NA	4.6965466
297	NA	4.6832623
298	NA	4.6822042
299	NA	4.700335
300	NA	4.926918
306	NA	4.6596956
307	NA	4.683605
308	NA	4.596113
314	NA	4.9817715
316	NA	4.726052
318	NA	4.7670927
319	NA	4.729133
320	NA	4.725277
321	NA	4.742039
322	NA	4.989715
324	NA	4.834997
325	NA	4.6998897
326	NA	4.7179556
328	NA	4.61516
330	NA	4.6000433
334	NA	4.9770703
336	NA	4.736732
337	NA	4.58177
343	NA	4.857398
345	NA	4.699626
348	NA	4.78676
349	NA	4.7925277
350	NA	4.8268747
352	NA	4.923301
353	NA	4.9644885
355	NA	4.7273912
356	NA	4.5476727
357	NA	4.7787485
359	NA	4.583075
364	NA	4.929021
365	NA	4.964349
368	NA	4.840561
369	NA	4.867594
371	NA	4.972936
376	NA	4.772426
383	NA	4.8859625
385	NA	4.9412804
386	NA	4.818232
388	NA	4.859216
389	NA	4.838606
399	NA	4.6808977
400	NA	4.76271
401	NA	4.74651
405	NA	4.8510485
406	NA	4.267058
407	NA	4.3095894
408	NA	4.4240375
411	NA	4.9444675
412	NA	4.8063335
414	NA	4.917366
416	NA	4.7301893
418	NA	4.7990813
419	NA	4.863374
420	NA	4.806181
421	NA	4.8104525
424	NA	4.9103036
425	NA	4.823571
426	NA	4.959261
429	NA	4.826656
430	NA	4.767436
431	NA	4.8284235
432	NA	4.79154
433	NA	4.8465037
437	NA	4.470354
443	NA	4.8191853
444	NA	4.8952875
445	NA	4.6829906
448	NA	4.703426
452	NA	4.652149
453	NA	4.8822713
455	NA	4.700522
456	NA	4.7972846
458	NA	4.677321
459	NA	4.676619
460	NA	4.7295547
463	NA	4.864031
464	NA	4.9379563
466	NA	4.921333
467	NA	4.717624
468	NA	4.6981754
469	NA	4.951941
471	NA	4.8024817
472	NA	4.747866
474	NA	4.846876
478	NA	4.5462427
479	NA	4.5573926
480	NA	4.6505284
481	NA	4.6098523
482	NA	4.965343
483	NA	4.7372913
487	NA	4.8414383
488	NA	4.7709064
490	NA	4.836306
492	NA	4.939218
493	NA	4.904216
495	NA	4.854711
498	NA	4.7651997
501	NA	4.745361
502	NA	4.9198923
503	NA	4.912029
504	NA	4.8295407
509	NA	4.641474
510	NA	4.711302
511	NA	4.5477066
512	NA	4.598055
517	NA	4.7889953
518	NA	4.984235
519	NA	4.981396
521	NA	4.633025
523	NA	4.535752
525	NA	4.489561
532	NA	4.9506655
533	NA	4.885262
534	NA	4.7074423
536	NA	4.6099215
537	NA	4.8209414
539	NA	4.7174196
540	NA	4.7346125
543	NA	4.8737235
544	NA	4.957124
546	NA	4.9611936
547	NA	4.721759
549	NA	4.688299
553	NA	4.775948
554	NA	4.964605
558	NA	4.9694724
559	NA	4.89423
562	NA	4.7317123
563	NA	4.7134004
566	NA	4.7188234
567	NA	4.959495
569	NA	4.8775887
571	NA	4.9167747
572	NA	4.9402947
573	NA	4.8471403
574	NA	4.765632
575	NA	4.8439155
576	NA	4.7920732
577	NA	4.853537
578	NA	4.744234
579	NA	4.8492475
580	NA	4.981515
582	NA	4.973614
583	NA	4.9245367
584	NA	4.977488
585	NA	4.879222
589	NA	4.8699203
590	NA	4.8944
591	NA	4.963702
593	NA	4.9267564
594	NA	4.940402
595	NA	4.788866
596	NA	4.708877
598	NA	4.677708
600	NA	4.9608254
602	NA	4.8004327
607	NA	4.704489
608	NA	4.6421647
610	NA	4.549278
612	NA	4.709348
613	NA	4.9893913
614	NA	4.9585824
615	NA	4.9092846
616	NA	4.8749657
618	NA	4.7558045
620	NA	4.6029267
623	NA	4.76187
624	NA	4.7102532
627	NA	4.870151
633	NA	4.779925
635	NA	4.6910706
636	NA	4.6702995
639	NA	4.9631352
640	NA	4.9420424
642	NA	4.9322515
644	NA	4.665708
652	NA	4.925077
654	NA	4.845735
656	NA	4.9483795
658	NA	4.7177386
659	NA	4.7650585
662	NA	4.7924185
664	NA	4.744847
665	NA	4.9624095
666	NA	4.848978
667	NA	4.928156
669	NA	4.8400397
670	NA	4.690049
673	NA	4.6497993
674	NA	4.644027
675	NA	4.5999866
677	NA	4.9615235
681	NA	4.8967857
682	NA	4.769823
683	NA	4.7771287
684	NA	4.614732
686	NA	4.741687
688	NA	4.7689347
694	NA	4.8784018
695	NA	4.812006
700	NA	4.7956743
701	NA	4.799524
705	NA	4.750421
706	NA	4.7032943
707	NA	4.7074585
708	NA	4.388306
710	NA	4.6410584
711	NA	4.6878304
712	NA	4.722274
713	NA	4.9471745
714	NA	4.821662
716	NA	4.949343
719	NA	4.48972
720	NA	4.4833593
721	NA	4.329473
724	NA	4.5527725
726	NA	4.9215884
739	NA	4.931546
740	NA	4.7407923
742	NA	4.87382
743	NA	4.4974904
744	NA	4.434939
750	NA	4.63077
751	NA	4.597081
753	NA	4.9783688
755	NA	4.7176313
756	NA	4.612091
758	NA	4.7623796
763	NA	4.8940597
767	NA	4.602984
770	NA	4.5882335
771	NA	4.6004243
773	NA	4.9492226
775	NA	4.927653
776	NA	4.701807
778	NA	4.679607
779	NA	4.7720838
781	NA	4.912911
782	NA	4.921908
786	NA	4.8146963
787	NA	4.521483
788	NA	4.505064
790	NA	4.557739
794	NA	4.970857
795	NA	4.965415
798	NA	4.825734
800	NA	4.4321184
801	NA	4.7704234
803	NA	4.640382
805	NA	4.928754
806	NA	4.9904065
807	NA	4.90197
808	NA	4.8961616
809	NA	4.8486543
810	NA	4.6474524
814	NA	4.6338215
815	NA	4.6249185
817	NA	4.9528475
818	NA	4.93883
819	NA	4.93747
821	NA	4.601903
823	NA	4.475579
826	NA	4.561604
828	NA	4.982857
829	NA	4.9542246
832	NA	4.85736
833	NA	4.6957216
834	NA	4.718513
835	NA	4.723908
837	NA	4.765598
838	NA	4.762698
840	NA	4.932407
842	NA	4.883213
843	NA	4.927549
847	NA	4.731857
849	NA	4.764221
850	NA	4.7349663
853	NA	4.943718
854	NA	4.738964
856	NA	4.99157
861	NA	4.698635
863	NA	4.8555026
865	NA	4.8805633
871	NA	4.3441343
875	NA	4.7033796
877	NA	4.951758
884	NA	4.3340483
885	NA	4.5455623
886	NA	4.5094514
890	NA	4.9339013
891	NA	4.7942176
894	NA	4.7826176
896	NA	4.694866
897	NA	4.683366
900	NA	4.9214025
901	NA	4.931574
903	NA	4.893103
905	NA	4.7307286
907	NA	4.645579
911	NA	4.700849
912	NA	4.941275
914	NA	4.9354343
916	NA	4.858662
918	NA	4.3205047
919	NA	4.3664417
921	NA	4.4719105
923	NA	4.862666
924	NA	4.8758335
925	NA	4.470374
926	NA	4.902273
928	NA	4.669068
929	NA	4.73784
930	NA	4.900171
934	NA	4.964148
937	NA	4.9774704
938	NA	4.9096537
939	NA	4.8218327
941	NA	4.710484
942	NA	4.6072335
946	NA	4.647865
951	NA	4.788996
952	NA	4.786395
954	NA	4.4185667
955	NA	4.7396536
958	NA	4.556883
964	NA	4.9349327
965	NA	4.952254
966	NA	4.739468
968	NA	4.6758647
969	NA	4.7350054
971	NA	4.783007
972	NA	4.7282996
974	NA	4.8676376
976	NA	4.966665
977	NA	4.962488
981	NA	4.4044623
982	NA	4.6982923
983	NA	4.5880747
986	NA	4.979591
990	NA	4.98182
992	NA	4.7829456
993	NA	4.6963925
995	NA	4.713244
997	NA	4.678564
999	NA	4.9722915
1001	NA	4.982357
1003	NA	4.7329826
1005	NA	4.768085
1006	NA	4.73287
1011	NA	4.9597664
1012	NA	4.7184353
1013	NA	4.870084
1014	NA	4.758078
1015	NA	4.645253
1017	NA	4.678722
1020	NA	4.7062845
1023	NA	4.8387456
1024	NA	4.9400077
1025	NA	4.789256
1027	NA	4.6430674
1030	NA	4.7377834
1032	NA	4.970993
1034	NA	4.7425528
1035	NA	4.9361987
1036	NA	4.9187903
1040	NA	4.4634237
1041	NA	4.1595507
1042	NA	4.2295837
1051	NA	4.6210966
1056	NA	4.650078
1058	NA	4.9344416
1059	NA	4.977686
1060	NA	4.9173927
1062	NA	4.9391327
1063	NA	4.852196
1066	NA	4.7436976
1067	NA	4.759996
1070	NA	4.7895107
1071	NA	4.9639673
1072	NA	4.8238535
1073	NA	4.972716
1075	NA	4.907794
1077	NA	4.835752
1078	NA	4.8348575
1079	NA	4.85419
1081	NA	4.890574
1085	NA	4.9913645
1086	NA	4.960805
1089	NA	4.8924804
1098	NA	4.9388885
1100	NA	4.3392434
1101	NA	4.327812
1103	NA	4.3107624
1106	NA	4.9772363
1107	NA	4.9704094
1110	NA	4.8973346
1113	NA	4.3972545
1114	NA	4.3785033
1116	NA	4.3949227
1121	NA	4.7690988
1123	NA	4.885945
1124	NA	4.7908936
1126	NA	4.8984184
1127	NA	4.9621105
1130	NA	4.931372
1131	NA	5.0
1132	NA	4.582118
1134	NA	4.615398
1136	NA	4.6699367
1138	NA	4.615398
1139	NA	4.754081
1140	NA	4.7183075
1141	NA	4.9254637
1142	NA	4.8630767
1143	NA	4.330039
1144	NA	4.2758493
1146	NA	4.063413
1148	NA	4.8679667
1150	NA	4.906509
1151	NA	4.8405657
1152	NA	4.8312206
1156	NA	4.93389
1158	NA	4.885846
1159	NA	4.8950562
1160	NA	4.955586
1163	NA	4.7854805
1164	NA	4.802177
1166	NA	4.805235
1168	NA	4.814548
1171	NA	4.64978
1172	NA	4.7226286
1173	NA	4.6531057
1174	NA	4.860722
1176	NA	4.9128723
1181	NA	4.177233
1183	NA	4.1226234
1185	NA	4.9533086
1186	NA	4.890345
1187	NA	4.9373407
1189	NA	4.871315
1197	NA	4.8791704
1198	NA	4.891965
1199	NA	4.786871
1201	NA	4.7948833
1203	NA	4.8083644
1204	NA	4.8849726
1208	NA	4.948957
1209	NA	4.9760146
1210	NA	4.411153
1211	NA	4.4695706
1216	NA	4.817785
1217	NA	4.810878
1218	NA	4.8916926
1220	NA	4.511838
1223	NA	4.646246
1224	NA	4.9147367
1225	NA	4.7642484
1226	NA	4.923265
1229	NA	4.583608
1231	NA	4.62432
1233	NA	4.8724785
1234	NA	4.9142814
1235	NA	4.7219415
1238	NA	4.8560863
1243	NA	4.7879167
1245	NA	4.7783484
1247	NA	4.599332
1250	NA	4.7600875
1252	NA	4.7420144
1253	NA	4.8746758
1254	NA	4.7884045
1256	NA	4.3869643
1257	NA	4.405269
1258	NA	4.482225
1260	NA	4.93604
1261	NA	4.970128
1262	NA	4.8543167
1263	NA	4.645719
1264	NA	4.730866
1265	NA	4.465833
1267	NA	4.6728606
1269	NA	4.752239
1272	NA	4.9516907
1277	NA	4.5100784
1278	NA	4.6146917
1279	NA	4.752665
1281	NA	4.7895074
1285	NA	4.8183365
1286	NA	4.7145433
1288	NA	4.846303
1289	NA	4.9631877
1290	NA	4.937573
1295	NA	4.8204103
1296	NA	4.7738686
1298	NA	4.8774614
1299	NA	4.7492375
1300	NA	4.795483
1301	NA	4.8752303
1304	NA	4.803896
1306	NA	4.5578527
1307	NA	4.7932053
1309	NA	4.7279463
1310	NA	4.778741
1312	NA	4.869246
1313	NA	4.3069663
1314	NA	3.9843075
1315	NA	4.2596188
1316	NA	4.24207
1320	NA	5.0
1322	NA	4.383907
1323	NA	5.0
1324	NA	4.74898
1325	NA	4.33023
1327	NA	4.8348994
1330	NA	4.9101353
1331	NA	4.97026
1332	NA	4.974184
1334	NA	4.8348594
1337	NA	4.842031
1338	NA	4.7962694
1339	NA	4.8323655
1340	NA	4.858538
1343	NA	4.8165183
1347	NA	4.8245416
1348	NA	4.947536
1349	NA	4.873671
1351	NA	4.976088
1353	NA	4.882427
1356	NA	4.8264513
1357	NA	4.891044
1360	NA	4.723095
1362	NA	4.5288653
1363	NA	4.6775203
1364	NA	4.360358
1366	NA	4.489735
1367	NA	4.89521
1369	NA	4.788133
1370	NA	4.9646907
1374	NA	4.8334713
1375	NA	4.874508
1377	NA	4.961776
1382	NA	4.7183347
1383	NA	4.8442187
1391	NA	4.26854
1392	NA	4.229001
1393	NA	4.1775513
1394	NA	4.878209
1395	NA	4.872098
1397	NA	4.6815953
1398	NA	4.824377
1401	NA	4.8309116
1402	NA	4.899444
1406	NA	4.9258385
1411	NA	4.3943624
1413	NA	4.852822
1416	NA	4.720756
1418	NA	4.507802
1420	NA	4.575977
1422	NA	4.8720245
1423	NA	4.8439803
1424	NA	4.947616
1425	NA	4.331294
1426	NA	4.4199066
1428	NA	4.4152193
1430	NA	4.847376
1433	NA	4.834621
1436	NA	4.745515
1437	NA	4.90512
1439	NA	4.725731
1440	NA	4.6569076
1441	NA	4.734008
1442	NA	4.873154
1445	NA	4.611144
1447	NA	4.718155
1449	NA	4.69456
1450	NA	4.959703
1451	NA	4.878366
1452	NA	4.3934474
1454	NA	4.4929767
1456	NA	4.4460683
1457	NA	4.9166565
1459	NA	4.632532
1460	NA	4.7393723
1462	NA	4.356717
1465	NA	4.3293786
1468	NA	4.968337
1471	NA	4.460847
1472	NA	4.6317773
1475	NA	4.773631
1477	NA	4.942627
1478	NA	4.963281
1485	NA	4.9466248
1490	NA	4.4494047
1491	NA	4.65163
1492	NA	4.641915
1496	NA	4.8392053
1497	NA	4.809049
1500	NA	4.700709
1502	NA	4.712978
1507	NA	4.6081486
1508	NA	4.6554084
1510	NA	4.5845165
1512	NA	4.3261538
1515	NA	4.1439524
1516	NA	4.4739923
1518	NA	3.8614025
1520	NA	4.6955543
1522	NA	4.848494
1526	NA	4.579995
1528	NA	4.65833
1529	NA	4.8668237
1530	NA	4.8172107
1533	NA	4.3539524
1537	NA	4.3103585
1539	NA	4.815861
1540	NA	4.8431997
1542	NA	4.6498413
1543	NA	4.434926
1544	NA	4.695835
1546	NA	4.69557
1548	NA	4.475931
1554	NA	4.321048
1555	NA	4.7095275
1556	NA	4.8529134
1560	NA	4.7865644
1561	NA	4.8703213
1562	NA	4.714392
1564	NA	4.8678913
1567	NA	4.9318714
1568	NA	4.8503885
1569	NA	4.947863
1571	NA	4.7329826
1572	NA	4.7531123
1577	NA	4.783272
1578	NA	4.706133
1579	NA	4.9000874
1581	NA	4.7743926
1583	NA	4.268188
1589	NA	4.9028
1590	NA	4.8222127
1593	NA	4.744682
1594	NA	4.591238
1596	NA	4.965374
1597	NA	4.7214203
1598	NA	4.8770514
1600	NA	4.7262125
1602	NA	4.5265665
1603	NA	4.4495673
1605	NA	4.7146816
1611	NA	4.9757943
1613	NA	4.6486316
1616	NA	4.5930867
1617	NA	4.726926
1619	NA	4.964254
1620	NA	4.926157
1622	NA	4.577867
1623	NA	4.23501
1624	NA	4.7088175
1630	NA	4.893522
1633	NA	4.5895452
1634	NA	4.668621
1636	NA	4.8119164
1637	NA	4.718851
1638	NA	4.6054864
1642	NA	4.763388
1644	NA	4.8548317
1645	NA	4.8395576
1654	NA	4.844721
1656	NA	4.7414017
1658	NA	4.9434595
1662	NA	4.6426153
1664	NA	4.9225645
1665	NA	4.4664545
1666	NA	4.691624
1667	NA	4.958088
1672	NA	4.0800376
1674	NA	3.94705
1678	NA	4.84955
1679	NA	4.49024
1681	NA	4.9188433
1683	NA	4.8772235
1684	NA	4.9050684
1685	NA	4.866795
1686	NA	4.769146
1688	NA	4.483818
1689	NA	4.9468684
1692	NA	4.6196017
1693	NA	4.8436184
1695	NA	4.733671
1696	NA	4.5902524
1698	NA	4.490826
1699	NA	4.626063
1701	NA	4.223935
1704	NA	4.9529853
1709	NA	4.508871
1710	NA	4.511118
1713	NA	4.783561
1717	NA	4.5445547
1718	NA	4.6417065
1720	NA	4.686275
1722	NA	4.754578
1725	NA	4.741169
1726	NA	4.9674506
1727	NA	4.898962
1728	NA	4.490966
1730	NA	4.4977684
1731	NA	4.2641034
1732	NA	4.360535
1734	NA	4.752237
1735	NA	4.6922336
1737	NA	4.9298577
1738	NA	3.989545
1739	NA	4.0459166
1740	NA	4.112969
1742	NA	4.2276287
1743	NA	4.8491063
1744	NA	4.8995686
1745	NA	4.93147
1746	NA	4.835292
1748	NA	4.6612606
1749	NA	4.7318645
1750	NA	4.744592
1752	NA	4.8031154
1758	NA	4.870405
1760	NA	4.7220497
1761	NA	4.8081994
1762	NA	4.6902113
1763	NA	4.7502213
1764	NA	4.806463
1767	NA	4.880442
1768	NA	4.966235
1769	NA	4.975079
1770	NA	4.8419504
1774	NA	4.7061963
1775	NA	4.3532686
1778	NA	4.9496784
1779	NA	4.782936
1785	NA	4.7579823
1786	NA	4.674163
1788	NA	4.717022
1790	NA	4.8048034
1793	NA	4.555746
1794	NA	4.453373
1795	NA	4.4320135
1796	NA	4.246649
1797	NA	4.258757
1799	NA	4.450148
1800	NA	4.498999
1801	NA	4.4970837
1802	NA	4.8748155
1803	NA	4.9739265
1804	NA	4.7950563
1805	NA	4.859502
1806	NA	4.6952124
1810	NA	4.6857233
1813	NA	4.816804
1816	NA	4.921645
1817	NA	4.815125
1819	NA	4.4802175
1821	NA	4.199485
1824	NA	4.3565993
1826	NA	4.977639
1827	NA	4.837762
1828	NA	4.927779
1831	NA	4.918807
1833	NA	4.382297
1834	NA	4.4984384
1835	NA	4.486179
1836	NA	4.3456664
1837	NA	4.5252514
1838	NA	4.481522
1843	NA	4.9057207
1845	NA	4.467114
1848	NA	4.380421
1850	NA	4.9325085
1855	NA	4.6229763
1856	NA	4.601944
1857	NA	4.3824635
1858	NA	4.6700845
1859	NA	4.9472537
1860	NA	4.765635
1862	NA	4.809146
1863	NA	4.609454
1864	NA	3.730728
1865	NA	4.5967264
1867	NA	3.9155996
1868	NA	4.344765
1870	NA	4.281927
1871	NA	4.3632116
1872	NA	4.81711
1875	NA	4.8420596
1880	NA	4.187744
1883	NA	4.507594
1885	NA	4.9570684
1889	NA	4.807953
1890	NA	4.579953
1891	NA	4.798525
1893	NA	4.5822453
1895	NA	4.5853567
1896	NA	4.61767
1899	NA	4.9068913
1901	NA	4.4593983
1902	NA	4.619037
1903	NA	4.1220865
1905	NA	4.3157372
1906	NA	4.1364555
1911	NA	4.596657
1913	NA	4.950948
1914	NA	4.874423
1915	NA	4.506524
1916	NA	4.2862434
1917	NA	4.5943885
1920	NA	4.602474
1922	NA	4.7411246
1923	NA	4.6217217
1924	NA	4.745915
1925	NA	4.8873134
1926	NA	4.959689
1928	NA	4.13616
1929	NA	3.8061078
1930	NA	4.1749263
1931	NA	3.9268763
1932	NA	4.1366863
1933	NA	4.1032763
1937	NA	4.9567404
1938	NA	4.812514
1941	NA	4.651699
1945	NA	4.9653425
1947	NA	4.8897433
1950	NA	4.676088
1951	NA	4.559299
1953	NA	4.83347
1956	NA	4.886974
1957	NA	4.858418
1958	NA	4.003795
1959	NA	3.7277522
1960	NA	3.7219687
1962	NA	4.077695
1965	NA	4.7449865
1966	NA	4.7263575
1968	NA	4.9181113
1971	NA	4.6598525
1973	NA	4.7981772
1976	NA	4.793326
1977	NA	4.960372
1979	NA	4.5987253
1980	NA	4.8717246
1982	NA	4.4480715
1983	NA	4.502578
1985	NA	4.529803
1986	NA	4.4397016
1990	NA	4.847603
1995	NA	4.7063665
1997	NA	4.8052044
1998	NA	4.8147244
2002	NA	4.721816
2003	NA	4.698957
2010	NA	4.760019
2013	NA	4.527848
2017	NA	4.957933
2021	NA	4.3966227
2022	NA	4.351861
2026	NA	4.4224467
2028	NA	4.904967
2031	NA	4.935755
2032	NA	4.9131403
2033	NA	4.6375566
2034	NA	4.4314175
2036	NA	4.607882
2039	NA	4.5763855
2042	NA	4.8331213
2043	NA	4.9453893
2044	NA	4.865114
2046	NA	4.631364
2048	NA	4.2975497
2050	NA	4.2906885
2053	NA	4.9130664
2054	NA	4.868639
2057	NA	4.87209
2060	NA	4.7932415
2062	NA	4.6876125
2063	NA	4.745494
2065	NA	4.9871902
2069	NA	4.782072
2071	NA	4.9385476
2074	NA	4.837544
2077	NA	4.760836
2083	NA	4.699962
2085	NA	4.7691636
2093	NA	4.9043574
2095	NA	4.505376
2099	NA	4.5661206
2101	NA	4.9260755
2106	NA	4.8763785
2108	NA	4.6420555
2110	NA	4.60859
2111	NA	4.53966
2114	NA	4.7240586
2116	NA	4.681485
2120	NA	4.5019712
2126	NA	4.49803
2127	NA	4.9662066
2128	NA	4.8747416
2129	NA	4.83685
2131	NA	4.7488375
2133	NA	4.8942018
2134	NA	4.8073697
2135	NA	4.9232945
2137	NA	4.7879167
2138	NA	4.781198
2140	NA	4.924953
2142	NA	4.3634076
2143	NA	4.362406
2147	NA	4.4654384
2149	NA	4.928772
2151	NA	4.908597
2152	NA	4.9788427
2154	NA	4.911149
2155	NA	4.6436677
2156	NA	4.586397
2158	NA	4.5902834
2159	NA	4.7117596
2160	NA	4.680041
2161	NA	4.6243873
2168	NA	4.938163
2169	NA	4.8399196
2173	NA	4.904153
2174	NA	4.9666967
2177	NA	4.8056717
2178	NA	4.8049784
2182	NA	4.952911
2185	NA	4.941443
2186	NA	4.788954
2187	NA	4.7781973
2189	NA	4.6464863
2190	NA	4.7522755
2191	NA	4.9765615
2193	NA	4.854644
2194	NA	4.9781337
2197	NA	4.7539225
2200	NA	4.65069
2201	NA	4.7694073
2204	NA	4.896365
2206	NA	4.935559
2209	NA	4.7518363
2211	NA	4.814998
2214	NA	4.7898736
2216	NA	4.815577
2219	NA	4.974573
2220	NA	4.7542377
2223	NA	4.7122216
2224	NA	4.727085
2225	NA	4.7571077
2227	NA	4.813162
2230	NA	4.8675694
2237	NA	4.925751
2241	NA	4.4408393
2244	NA	4.6837482
2245	NA	4.6467633
2246	NA	4.954612
2248	NA	4.704485
2249	NA	4.775838
2254	NA	4.742783
2255	NA	4.8569913
2256	NA	4.7977448
2257	NA	4.9320154
2258	NA	4.9105783
2262	NA	4.5787807
2265	NA	4.898506
2267	NA	4.9811206
2268	NA	4.7355905
2269	NA	4.783407
2270	NA	4.7759886
2271	NA	4.6945596
2273	NA	4.777077
2276	NA	4.971432
2278	NA	4.734672
2279	NA	4.6878757
2280	NA	4.84541
2283	NA	4.8464
2285	NA	4.951474
2290	NA	4.9376993
2292	NA	4.834235
2293	NA	4.8381057
2294	NA	4.783973
2295	NA	4.8803945
2296	NA	4.737084
2298	NA	4.7887735
2300	NA	4.8121324
2301	NA	4.8049717
2306	NA	4.662514
2312	NA	4.8052464
2313	NA	4.9773107
2320	NA	4.4903526
2321	NA	4.725797
2323	NA	4.871617
2324	NA	4.83464
2325	NA	4.938025
2326	NA	4.8158646
2328	NA	4.938025
2331	NA	4.9160924
2335	NA	4.805235
2336	NA	4.7735615
2337	NA	4.9446254
2342	NA	4.3776755
2343	NA	4.5234847
2345	NA	4.5066934
2346	NA	4.9766483
2347	NA	4.935796
2349	NA	4.9252043
2353	NA	4.571401
2354	NA	4.554118
2355	NA	4.4693446
2356	NA	4.510964
2357	NA	4.8719354
2361	NA	4.9081016
2367	NA	4.6161585
2370	NA	4.890129
2371	NA	4.951506
2372	NA	4.927191
2373	NA	4.7171865
2376	NA	4.8457956
2378	NA	4.69066
2379	NA	4.879458
2380	NA	4.866824
2382	NA	4.7966228
2384	NA	4.576607
2387	NA	4.900954
2389	NA	4.9155674
2390	NA	4.949891
2393	NA	4.7204304
2394	NA	4.7866225
2395	NA	4.7135177
2396	NA	4.9033756
2398	NA	4.744393
2399	NA	4.850643
2403	NA	4.580098
2406	NA	4.907628
2408	NA	4.9025955
2411	NA	4.6008077
2412	NA	4.540638
2416	NA	4.7461
2417	NA	4.8108745
2418	NA	4.9468837
2419	NA	4.968541
2420	NA	4.655735
2421	NA	4.7040906
2424	NA	4.7711363
2425	NA	4.7011156
2427	NA	4.8120246
2428	NA	4.9601808
2432	NA	4.5608096
2433	NA	4.662474
2434	NA	4.8043914
2435	NA	4.923564
2437	NA	4.9665756
2439	NA	4.9220862
2442	NA	4.8565984
2443	NA	4.190923
2444	NA	4.9055843
2446	NA	4.737785
2448	NA	4.665587
2449	NA	4.873919
2451	NA	4.932918
2452	NA	4.259157
2453	NA	4.5148196
2454	NA	4.513451
2460	NA	4.709886
2461	NA	4.9449625
2462	NA	4.9151874
2463	NA	4.8794246
2464	NA	4.7067122
2468	NA	4.6597047
2469	NA	4.8798795
2470	NA	4.858466
2471	NA	4.76333
2473	NA	4.2812037
2475	NA	4.2492895
2477	NA	4.9140224
2478	NA	4.863162
2479	NA	4.8659854
2480	NA	4.96213
2481	NA	4.7205625
2482	NA	4.825886
2483	NA	4.7597084
2484	NA	4.7328873
2487	NA	4.588754
2489	NA	4.7278905
2490	NA	4.784632
2492	NA	4.5704093
2493	NA	4.6106553
2498	NA	4.8519793
2501	NA	4.1680117
2502	NA	4.3510923
2503	NA	4.1784544
2504	NA	4.2964315
2507	NA	4.860047
2511	NA	4.357544
2512	NA	4.62226
2513	NA	4.630969
2516	NA	4.664949
2517	NA	4.9356303
2519	NA	4.9279237
2520	NA	4.9593716
2522	NA	4.6430726
2523	NA	4.675444
2524	NA	4.706992
2526	NA	4.367324
2528	NA	4.9415784
2531	NA	4.733576
2532	NA	4.803265
2533	NA	4.597629
2534	NA	4.765706
2536	NA	4.8014092
2537	NA	4.8682194
2541	NA	4.627511
2542	NA	4.5798173
2546	NA	4.8262377
2547	NA	4.9315786
2548	NA	4.821937
2550	NA	4.765644
2552	NA	4.792652
2556	NA	4.8608932
2558	NA	4.797682
2559	NA	4.463356
2560	NA	4.5295753
2562	NA	4.429817
2563	NA	4.680516
2564	NA	4.8025208
2565	NA	4.929384
2567	NA	4.706564
2568	NA	4.3762717
2570	NA	4.0528793
2571	NA	4.1891747
2573	NA	4.9207206
2575	NA	4.8535457
2576	NA	4.958118
2580	NA	4.783564
2581	NA	4.8262053
2584	NA	4.9110084
2585	NA	4.827555
2586	NA	4.77484
2587	NA	4.5205526
2595	NA	5.0
2598	NA	4.7181783
2600	NA	4.6128974
2603	NA	4.7816167
2605	NA	4.9508586
2607	NA	4.75001
2609	NA	4.9071302
2610	NA	4.8158283
2611	NA	4.683226
2612	NA	4.9071302
2613	NA	4.9353676
2614	NA	4.8117347
2616	NA	4.5373464
2617	NA	4.050108
2618	NA	4.4691358
2620	NA	4.3444557
2621	NA	4.404601
2624	NA	4.9609303
2629	NA	4.9154525
2631	NA	4.9584813
2633	NA	4.919492
2635	NA	4.920037
2639	NA	4.5651
2641	NA	4.8471775
2642	NA	4.3967285
2644	NA	4.9219522
2645	NA	4.7793436
2646	NA	4.5911546
2647	NA	4.9289722
2648	NA	4.341355
2649	NA	4.3815303
2652	NA	4.3984404
2653	NA	4.9498057
2658	NA	4.4826994
2659	NA	4.4082747
2661	NA	4.5903587
2663	NA	4.5505857
2665	NA	4.896234
2667	NA	4.900957
2669	NA	4.5670495
2671	NA	4.500102
2674	NA	4.8998446
2676	NA	4.9187613
2677	NA	4.9356318
2681	NA	4.8229957
2683	NA	4.958596
2685	NA	4.8788457
2686	NA	4.9779663
2690	NA	4.5494895
2693	NA	4.839098
2694	NA	4.800779
2695	NA	4.945083
2697	NA	4.6029515
2698	NA	4.6524053
2699	NA	4.8306594
2700	NA	4.7277837
2706	NA	4.4686832
2717	NA	4.6132307
2719	NA	4.6422844
2723	NA	4.936276
2725	NA	4.846267
2727	NA	4.490807
2729	NA	4.5454006
2732	NA	4.5897927
2733	NA	4.906721
2736	NA	4.967652
2737	NA	4.7404675
2740	NA	4.6844563
2742	NA	4.9430356
2743	NA	4.9655385
2745	NA	4.7001705
2746	NA	4.755664
2747	NA	4.6530275
2749	NA	4.797559
2750	NA	4.864997
2753	NA	4.9000516
2759	NA	4.6330357
2760	NA	4.9649777
2762	NA	4.8638797
2767	NA	4.903571
2769	NA	4.9488025
2771	NA	4.975883
2773	NA	4.8858366
2780	NA	4.96574
2781	NA	4.6996517
2782	NA	4.8300805
2785	NA	4.8583217
2786	NA	4.879856
2790	NA	4.8254447
2793	NA	4.5189896
2794	NA	4.549279
2796	NA	4.6758194
2798	NA	4.964225
2801	NA	4.947373
2804	NA	4.418342
2805	NA	4.356225
2806	NA	4.446977
2808	NA	4.675499
2810	NA	4.707987
2814	NA	4.3131714
2816	NA	4.9409814
2819	NA	4.975402
2820	NA	4.8924956
2823	NA	4.677235
2824	NA	4.6626596
2825	NA	4.667545
2826	NA	4.691844
2830	NA	4.9276137
2831	NA	4.141837
2832	NA	4.4733033
2833	NA	4.4842353
2834	NA	4.427092
2835	NA	4.4057193
2836	NA	4.8816004
2840	NA	4.767323
2841	NA	4.6249604
2843	NA	4.736926
2846	NA	4.762681
2847	NA	4.8945365
2848	NA	4.9586735
2849	NA	4.58056
2852	NA	4.685599
2855	NA	4.9771113
2858	NA	4.749184
2859	NA	4.638858
2866	NA	4.8216863
2869	NA	4.6296296
2871	NA	4.917631
2872	NA	4.9500833
2873	NA	4.8538637
2876	NA	4.8738666
2877	NA	4.8911715
2878	NA	4.885318
2880	NA	4.942908
2882	NA	4.8462214
2884	NA	4.957757
2885	NA	4.5884547
2887	NA	4.65312
2888	NA	4.5878167
2889	NA	4.703624
2892	NA	4.5871387
2893	NA	4.8827896
2895	NA	4.673004
2897	NA	4.6034164
2901	NA	4.9259143
2902	NA	4.7212663
2904	NA	4.685453
2906	NA	4.6636677
2912	NA	4.6402683
2914	NA	4.6819386
2921	NA	4.7775116
2922	NA	4.8017406
2923	NA	4.754047
2925	NA	4.80629
2928	NA	4.849181
2929	NA	4.956295
2931	NA	4.6057897
2934	NA	4.650737
2940	NA	4.8423038
2942	NA	4.7832303
2944	NA	4.733361
2946	NA	4.881517
2947	NA	4.8808503
2948	NA	4.865868
2949	NA	4.7321672
2950	NA	4.5111146
2953	NA	4.3016715
2954	NA	4.4681706
2962	NA	4.7596626
2963	NA	4.867726
2973	NA	4.910139
2975	NA	4.961957
2978	NA	4.9193206
2979	NA	4.5864697
2982	NA	4.7489414
2985	NA	4.7406793
2986	NA	4.843922
2987	NA	4.830207
2990	NA	4.727131
2991	NA	4.5549116
2993	NA	4.6508207
2999	NA	4.8658376
3000	NA	4.6484165
3001	NA	4.729467
3003	NA	4.8071127
3004	NA	4.979474
3006	NA	4.9562926
3008	NA	4.798661
3009	NA	4.6360397
3011	NA	4.8260627
3012	NA	4.7622423
3013	NA	4.6806293
3017	NA	4.957518
3020	NA	4.685001
3021	NA	4.793263
3023	NA	4.821699
3025	NA	4.9347506
3026	NA	4.8857417
3028	NA	4.791957
3029	NA	4.482002
3030	NA	4.7814455
3032	NA	4.707493
3034	NA	4.9727364
3035	NA	4.9424763
3037	NA	4.9127436
3040	NA	4.9164166
3044	NA	4.9582705
3045	NA	4.9548435
3048	NA	4.8088455
3051	NA	4.9568543
3052	NA	4.888835
3053	NA	4.8923616
3055	NA	4.8465853
3056	NA	4.8014846
3057	NA	4.824983
3058	NA	4.772036
3060	NA	4.9851613
3063	NA	4.960605
3064	NA	4.984519
3066	NA	4.7622886
3067	NA	4.7167645
3070	NA	4.752161
3074	NA	4.9008136
3075	NA	4.6442246
3076	NA	4.7236285
3077	NA	4.759676
3078	NA	4.4877963
3080	NA	4.62912
3082	NA	4.88477
3083	NA	4.92086
3084	NA	4.500157
3086	NA	4.409201
3087	NA	4.2706156
3088	NA	4.605627
3089	NA	4.9161515
3090	NA	4.3025312
3093	NA	4.7491646
3095	NA	4.6375723
3096	NA	4.20955
3099	NA	4.937035
3101	NA	4.9842463
3103	NA	4.939216
3104	NA	4.758797
3106	NA	4.8743577
3108	NA	4.939494
3109	NA	4.9461665
3112	NA	4.6457944
3113	NA	4.709314
3115	NA	4.777553
3116	NA	4.6628027
3117	NA	4.7799473
3118	NA	4.9342456
3119	NA	4.8578587
3120	NA	4.9620266
3124	NA	4.71941
3125	NA	4.663239
3127	NA	4.851421
3128	NA	4.6348767
3131	NA	4.5722
3133	NA	4.420747
3135	NA	4.549234
3136	NA	4.782399
3137	NA	4.9279733
3138	NA	5.0
3139	NA	4.7338285
3141	NA	4.295812
3142	NA	3.6479123
3144	NA	4.025236
3145	NA	4.018159
3146	NA	4.018159
3147	NA	4.9489183
3148	NA	4.83861
3149	NA	4.93458
3151	NA	4.8014073
3152	NA	4.764516
3154	NA	4.7621818
3155	NA	4.842642
3159	NA	4.9823856
3160	NA	4.619571
3163	NA	4.9088845
3167	NA	4.868822
3168	NA	4.8073606
3169	NA	4.873842
3171	NA	4.7862945
3172	NA	4.7296996
3173	NA	4.677847
3175	NA	4.7887073
3176	NA	4.939618
3177	NA	4.8651214
3178	NA	4.9606133
3179	NA	4.97095
3180	NA	4.857632
3183	NA	4.816513
3184	NA	4.878456
3185	NA	4.9167724
3189	NA	4.722982
3190	NA	4.69105
3191	NA	4.7172275
3193	NA	4.8200293
3194	NA	4.9823127
3195	NA	4.918162
3196	NA	4.927883
3197	NA	4.9747863
3198	NA	4.8251987
3199	NA	4.783267
3204	NA	4.866442
3205	NA	4.9605775
3206	NA	4.9011593
3207	NA	4.754222
3209	NA	4.7767816
3210	NA	4.831327
3211	NA	4.8717284
3212	NA	4.939618
3215	NA	4.9628353
3216	NA	4.7485456
3219	NA	4.3918233
3220	NA	4.8251257
3225	NA	4.8498173
3226	NA	4.766688
3229	NA	4.8615246
3231	NA	4.9588375
3233	NA	4.919242
3234	NA	4.7522726
3235	NA	4.7286844
3236	NA	4.771015
3237	NA	4.7739
3239	NA	4.901729
3240	NA	4.8505826
3241	NA	4.9451227
3244	NA	4.170017
3245	NA	4.7209024
3246	NA	4.740365
3247	NA	4.7092967
3249	NA	4.8193574
3251	NA	4.9488688
3259	NA	4.8482423
3263	NA	4.927828
3266	NA	4.940695
3267	NA	4.9032564
3268	NA	4.8981137
3269	NA	4.9771223
3270	NA	4.8187137
3276	NA	4.7671633
3279	NA	4.7275543
3282	NA	4.7310834
3284	NA	4.7107925
3289	NA	4.5732083
3290	NA	4.2063828
3293	NA	4.420977
3295	NA	4.889635
3296	NA	4.9189043
3297	NA	4.9407196
3300	NA	4.7606215
3301	NA	4.825914
3302	NA	4.8693323
3305	NA	4.8394737
3306	NA	4.9555
3307	NA	4.726609
3308	NA	4.8686805
3309	NA	4.98252
3310	NA	4.5734015
3312	NA	4.5560956
3315	NA	4.9201765
3317	NA	4.953337
3318	NA	4.9532337
3320	NA	4.821689
3323	NA	4.7862024
3326	NA	4.748651
3328	NA	4.856571
3331	NA	4.5894904
3333	NA	4.437233
3334	NA	4.579255
3335	NA	4.9533014
3337	NA	4.9728484
3341	NA	4.789501
3343	NA	4.7941833
3348	NA	4.870375
3350	NA	4.5020065
3352	NA	4.39712
3354	NA	4.6124983
3355	NA	4.9006133
3360	NA	4.836069
3365	NA	4.8080235
3377	NA	4.945547
3379	NA	4.6114445
3380	NA	4.5816917
3381	NA	4.5130997
3383	NA	4.5825467
3387	NA	4.9084144
3388	NA	4.7779617
3390	NA	4.58452
3391	NA	4.612975
3392	NA	4.782721
3393	NA	4.9620934
3394	NA	4.9206634
3399	NA	4.53468
3401	NA	4.5324173
3402	NA	4.9190617
3403	NA	4.828858
3404	NA	4.7515383
3406	NA	4.7279453
3408	NA	4.8404365
3409	NA	4.77041
3410	NA	4.926435
3415	NA	4.865844
3417	NA	4.809902
3419	NA	4.7921233
3421	NA	4.8021817
3423	NA	4.8235707
3430	NA	4.727629
3431	NA	4.6248364
3434	NA	4.7596846
3439	NA	4.691961
3441	NA	4.7232428
3442	NA	4.8699427
3445	NA	4.9138803
3446	NA	4.639987
3447	NA	4.54149
3449	NA	4.6475086
3450	NA	4.5819893
3455	NA	4.771943
3456	NA	4.813016
3457	NA	4.834246
3458	NA	4.7706065
3463	NA	4.8741956
3464	NA	4.8672433
3466	NA	4.821052
3469	NA	4.8673725
3470	NA	4.6053
3473	NA	4.9088573
3474	NA	4.602345
3475	NA	4.473462
3476	NA	4.756496
3477	NA	4.664019
3478	NA	4.734136
3481	NA	4.9566035
3482	NA	4.931693
3483	NA	4.984883
3489	NA	4.729374
3490	NA	4.7860365
3493	NA	4.666168
3497	NA	5.0
3498	NA	4.902427
3499	NA	4.723079
3502	NA	4.801477
3506	NA	4.6298237
3509	NA	4.675724
3513	NA	4.8456993
3515	NA	4.8108835
3519	NA	4.8763447
3520	NA	4.6480627
3521	NA	4.7224298
3522	NA	4.855375
3523	NA	4.7179084
3524	NA	4.8063607
3525	NA	4.9730086
3526	NA	4.7670226
3527	NA	4.689714
3531	NA	4.625695
3532	NA	4.806019
3535	NA	4.8095083
3540	NA	4.6601024
3545	NA	4.7097654
3550	NA	4.5325017
3551	NA	4.7524533
3553	NA	4.936955
3555	NA	4.7900305
3557	NA	4.540072
3558	NA	4.6459055
3559	NA	4.446147
3560	NA	4.478564
3562	NA	4.782228
3563	NA	4.8810863
3564	NA	4.824256
3570	NA	4.6973295
3573	NA	4.373173
3575	NA	4.707065
3578	NA	4.8902955
3581	NA	4.799018
3583	NA	4.8315277
3585	NA	4.8345256
3587	NA	4.8472633
3588	NA	4.7662044
3590	NA	4.6876764
3591	NA	4.742217
3593	NA	4.9102106
3594	NA	4.467915
3595	NA	4.9490933
3596	NA	4.96398
3597	NA	4.7083826
3599	NA	4.752374
3600	NA	4.8534746
3601	NA	4.6823835
3604	NA	4.7606387
3605	NA	4.799055
3606	NA	4.964275
3608	NA	4.743976
3609	NA	4.87413
3610	NA	4.648434
3612	NA	4.5509887
3613	NA	4.5851274
3615	NA	4.8797426
3616	NA	4.916467
3617	NA	4.9077897
3619	NA	4.392169
3621	NA	4.6371465
3622	NA	4.516914
3628	NA	4.9497333
3631	NA	4.7614913
3632	NA	4.756026
3634	NA	4.768977
3636	NA	4.8151636
3637	NA	4.7943225
3641	NA	4.7209964
3642	NA	4.646246
3644	NA	4.982028
3645	NA	4.930386
3648	NA	4.9844937
3652	NA	4.8288817
3654	NA	4.667021
3655	NA	4.723527
3656	NA	4.723527
3659	NA	4.951199
3660	NA	4.8554516
3662	NA	4.673529
3663	NA	4.622094
3664	NA	4.5572786
3665	NA	4.6535535
3667	NA	4.9494367
3671	NA	4.678254
3674	NA	4.7039557
3675	NA	4.6951995
3676	NA	4.747585
3677	NA	4.956094
3678	NA	4.3447995
3679	NA	4.961302
3681	NA	4.8208733
3683	NA	4.6694155
3688	NA	4.915977
3698	NA	4.9659777
3700	NA	4.8408523
3704	NA	4.466148
3706	NA	4.704473
3714	NA	4.919099
3715	NA	4.843125
3716	NA	4.9329777
3717	NA	4.881764
3722	NA	4.9267945
3723	NA	4.197986
3724	NA	4.5077457
3726	NA	4.4263487
3729	NA	4.9289207
3730	NA	4.83148
3731	NA	4.9257765
3732	NA	4.625603
3734	NA	4.5151777
3735	NA	4.6456985
3738	NA	4.5110955
3741	NA	4.8636127
3744	NA	4.8354583
3745	NA	4.831804
3749	NA	4.951637
3754	NA	4.8257575
3757	NA	4.6903777
3760	NA	4.910419
3763	NA	4.9463553
3764	NA	4.875243
3768	NA	4.9034677
3769	NA	4.8965654
3771	NA	4.9818716
3772	NA	4.9279065
3773	NA	4.9190984
3775	NA	4.807332
3778	NA	4.768664
3782	NA	4.8418665
3786	NA	4.764816
3787	NA	4.680212
3791	NA	4.803409
3792	NA	4.9469137
3793	NA	4.9034705
3794	NA	4.795819
3796	NA	4.7155323
3798	NA	4.711753
3802	NA	4.9102626
3806	NA	4.734222
3808	NA	4.7954683
3810	NA	4.7794595
3811	NA	4.809241
3813	NA	4.8357444
3815	NA	4.90851
3816	NA	4.929583
3817	NA	4.7854786
3818	NA	4.7313004
3819	NA	4.8377805
3822	NA	4.8491974
3824	NA	4.6740303
3829	NA	4.881969
3830	NA	4.7769074
3832	NA	4.777421
3833	NA	4.8358283
3835	NA	4.979491
3837	NA	4.8558445
3841	NA	4.7480507
3842	NA	4.853213
3843	NA	4.8969336
3848	NA	4.5742893
3849	NA	4.4730215
3850	NA	4.6914463
3851	NA	4.599244
3854	NA	4.9494257
3858	NA	4.9028826
3859	NA	4.7131224
3863	NA	4.719324
3865	NA	4.966906
3867	NA	4.942786
3875	NA	4.7163844
3876	NA	4.970596
3877	NA	4.8021193
3878	NA	4.943715
3879	NA	4.8716846
3881	NA	4.7661257
3888	NA	4.7427053
3889	NA	4.708502
3890	NA	4.6813164
3891	NA	4.5480638
3894	NA	4.8198805
3896	NA	4.820498
3900	NA	4.5790577
3902	NA	4.783987
3906	NA	4.5906415
3907	NA	4.7640433
3911	NA	4.8616805
3913	NA	4.856072
3916	NA	4.450607
3918	NA	4.619441
3919	NA	4.500776
3923	NA	5.0
3925	NA	4.89415
3926	NA	4.928246
3927	NA	4.6936398
3928	NA	4.6815853
3931	NA	4.723111
3932	NA	4.703181
3933	NA	4.703181
3937	NA	4.8152957
3944	NA	4.9767923
3945	NA	4.939329
3946	NA	4.6932445
3950	NA	4.926665
3952	NA	4.966997
3953	NA	4.805094
3954	NA	4.980338
3959	NA	4.563081
3960	NA	4.874677
3962	NA	4.8916116
3963	NA	4.937466
3964	NA	4.9011135
3965	NA	4.94769
3966	NA	4.8575125
3967	NA	4.602573
3968	NA	4.622863
3969	NA	4.680162
3971	NA	4.710251
3974	NA	4.600625
3975	NA	4.6898956
3977	NA	4.5468082
3978	NA	4.801608
3979	NA	4.6425233
3981	NA	4.918577
3983	NA	4.817013
3988	NA	4.6996207
3991	NA	4.8362703
3997	NA	4.6664867
4000	NA	4.8315907
4003	NA	4.715793
4005	NA	4.897834
4008	NA	4.874416
4009	NA	4.9028387
4010	NA	4.7631044
4016	NA	4.9317746
4018	NA	4.727927
4019	NA	4.7943087
4022	NA	4.875315
4023	NA	4.849115
4024	NA	4.8723016
4025	NA	4.8495684
4026	NA	4.912399
4027	NA	4.9140186
4029	NA	4.835525
4030	NA	4.835938
4032	NA	4.7384386
4035	NA	4.858748
4039	NA	4.8102684
4042	NA	4.6458783
4044	NA	4.778407
4048	NA	4.8773136
4051	NA	4.5894094
4052	NA	4.6898093
4053	NA	4.728797
4055	NA	4.8810196
4057	NA	4.888182
4059	NA	4.814001
4064	NA	4.9596796
4070	NA	4.7490535
4073	NA	4.77695
4075	NA	4.887705
4077	NA	4.9601884
4078	NA	4.9235954
4080	NA	4.878017
4081	NA	4.955915
4082	NA	4.7475395
4089	NA	4.938172
4091	NA	4.501338
4092	NA	4.5428047
4093	NA	4.6973724
4095	NA	4.671701
4096	NA	4.6406555
4097	NA	4.60558
4098	NA	4.815611
4099	NA	4.698847
4101	NA	4.776278
4103	NA	4.626666
4104	NA	4.781868
4106	NA	4.7923746
4107	NA	4.826295
4110	NA	4.8287706
4111	NA	4.6870923
4116	NA	4.9093003
4121	NA	4.3385763
4122	NA	4.4606953
4124	NA	4.5410905
4128	NA	4.827487
4129	NA	4.8286767
4130	NA	4.858254
4131	NA	4.7444363
4138	NA	4.9341993
4139	NA	4.861496
4143	NA	4.5292015
4144	NA	4.497471
4150	NA	4.7047462
4151	NA	4.5968084
4153	NA	4.72602
4158	NA	4.640229
4159	NA	4.5437317
4160	NA	4.743667
4161	NA	4.7475734
4166	NA	4.9616904
4167	NA	4.873438
4169	NA	4.850025
4170	NA	4.8812885
4171	NA	4.9040036
4172	NA	4.922291
4175	NA	4.771755
4177	NA	4.488833
4180	NA	4.6594243
4182	NA	4.810599
4184	NA	4.867207
4186	NA	4.747866
4188	NA	4.70696
4189	NA	4.6729183
4190	NA	4.6546016
4192	NA	4.8353443
4198	NA	4.5531497
4200	NA	4.7025332
4201	NA	4.920093
4203	NA	4.8868513
4204	NA	4.8945765
4206	NA	4.828742
4208	NA	4.585149
4210	NA	4.778157
4211	NA	4.756914
4215	NA	3.9178975
4217	NA	4.237238
4218	NA	3.9321287
4222	NA	4.908816
4224	NA	3.9375625
4225	NA	4.310155
4226	NA	4.291109
4227	NA	4.1141443
4229	NA	4.865181
4230	NA	4.816944
4233	NA	4.504743
4234	NA	4.4353323
4237	NA	4.8555336
4240	NA	4.869278
4241	NA	4.617602
4243	NA	4.5947275
4245	NA	4.667252
4249	NA	4.85928
4250	NA	5.0
4255	NA	4.6858215
4256	NA	4.62408
4258	NA	4.903928
4261	NA	4.34749
4262	NA	4.2486258
4263	NA	4.3540025
4264	NA	4.22863
4268	NA	4.946802
4270	NA	4.908462
4271	NA	4.9210157
4273	NA	4.8241644
4276	NA	4.978542
4278	NA	4.922739
4281	NA	4.136828
4285	NA	4.83809
4286	NA	4.8810596
4292	NA	4.5966563
4293	NA	4.837981
4294	NA	4.675499
4296	NA	4.775631
4297	NA	4.770876
4298	NA	4.7429175
4300	NA	4.448076
4302	NA	4.8253293
4303	NA	4.7902217
4309	NA	4.1067753
4310	NA	4.385122
4311	NA	4.921971
4313	NA	4.919859
4314	NA	4.943754
4317	NA	4.786185
4319	NA	4.857681
4324	NA	4.932602
4326	NA	4.6641235
4327	NA	4.7636285
4331	NA	4.6915855
4332	NA	4.8423424
4333	NA	4.9418244
4334	NA	4.95055
4337	NA	4.7765326
4343	NA	4.8205905
4345	NA	4.697915
4352	NA	4.647455
4353	NA	4.8626266
4355	NA	3.8641896
4356	NA	3.9301984
4358	NA	3.7070968
4362	NA	4.908186
4366	NA	4.73861
4367	NA	4.6309385
4368	NA	4.687837
4372	NA	4.9615774
4373	NA	4.788151
4374	NA	4.785102
4375	NA	4.7057686
4380	NA	4.8127413
4383	NA	4.8037815
4384	NA	4.923922
4389	NA	4.753338
4391	NA	4.891203
4397	NA	4.750757
4399	NA	4.861244
4400	NA	4.8879066
4402	NA	4.828101
4403	NA	4.9015317
4404	NA	4.86436
4405	NA	4.8775296
4406	NA	4.944613
4409	NA	4.9698634
4413	NA	4.7269874
4415	NA	4.778161
4416	NA	4.8737726
4419	NA	4.939547
4420	NA	4.36746
4421	NA	4.3870473
4422	NA	4.417543
4423	NA	4.3427052
4424	NA	4.396626
4425	NA	4.7621393
4427	NA	4.8728414
4428	NA	4.9504957
4430	NA	4.7928042
4433	NA	4.775628
4434	NA	4.821836
4435	NA	4.838392
4436	NA	4.8378334
4437	NA	4.8133316
4438	NA	4.411323
4441	NA	4.2867284
4444	NA	4.8799686
4448	NA	4.672502
4449	NA	4.6479797
4450	NA	4.6885986
4451	NA	4.67643
4452	NA	4.880315
4453	NA	4.8437433
4455	NA	4.9604564
4456	NA	4.428987
4459	NA	4.576705
4460	NA	4.551867
4461	NA	4.905015
4462	NA	4.870767
4463	NA	4.91635
4465	NA	4.6156063
4466	NA	4.449298
4467	NA	4.6018934
4470	NA	4.919246
4474	NA	4.4536257
4475	NA	4.3772526
4476	NA	4.501764
4478	NA	4.436167
4479	NA	4.8108478
4480	NA	4.959784
4482	NA	4.974666
4483	NA	4.1794467
4484	NA	4.1804895
4485	NA	4.0224876
4488	NA	4.8656797
4489	NA	4.8247538
4491	NA	4.8449316
4493	NA	4.6711097
4494	NA	4.782075
4495	NA	4.659596
4496	NA	4.8253713
4499	NA	4.847232
4500	NA	4.964848
4502	NA	4.6409526
4504	NA	4.5980906
4506	NA	4.5970554
4508	NA	4.8158565
4510	NA	4.9356833
4512	NA	4.5834546
4518	NA	4.826469
4521	NA	4.774668
4527	NA	4.8476043
4528	NA	4.795226
4530	NA	4.640017
4531	NA	4.560494
4532	NA	4.670263
4533	NA	4.5562596
4535	NA	4.883603
4536	NA	4.9744534
4537	NA	4.9609704
4538	NA	4.891162
4539	NA	4.6776967
4542	NA	4.668531
4543	NA	4.66354
4547	NA	4.834381
4548	NA	4.75268
4550	NA	4.720072
4552	NA	4.95131
4554	NA	4.925723
4555	NA	4.929961
4557	NA	4.5831013
4560	NA	4.6970215
4561	NA	4.6728163
4563	NA	4.821992
4566	NA	4.7442017
4568	NA	4.4456644
4571	NA	4.871343
4572	NA	4.393171
4575	NA	4.3845816
4576	NA	4.379295
4577	NA	4.433669
4578	NA	3.9031284
4582	NA	4.5522156
4584	NA	4.5522156
4586	NA	4.7725534
4587	NA	4.959027
4589	NA	4.556056
4591	NA	4.668887
4592	NA	4.954598
4593	NA	3.7384295
4594	NA	3.9174757
4598	NA	4.8674893
4599	NA	4.8392053
4600	NA	4.903977
4602	NA	4.9053326
4603	NA	4.779207
4604	NA	4.8304076
4607	NA	4.831263
4608	NA	4.8476043
4609	NA	4.960957
4613	NA	4.831263
4618	NA	4.9496126
4620	NA	4.625173
4621	NA	4.660776
4622	NA	4.583117
4623	NA	4.6575246
4624	NA	4.6832433
4625	NA	4.8599114
4627	NA	4.8717966
4628	NA	4.944943
4629	NA	3.9135697
4631	NA	3.9547844
4639	NA	4.6682568
4640	NA	4.738574
4641	NA	4.708543
4642	NA	4.8409123
4645	NA	4.942873
4647	NA	4.977793
4649	NA	4.8946924
4654	NA	4.9571548
4655	NA	4.9290442
4657	NA	4.2331448
4658	NA	4.369705
4667	NA	4.748492
4670	NA	4.9432564
4672	NA	4.979336
4675	NA	4.9037
4676	NA	4.8800554
4677	NA	4.790814
4678	NA	4.8181705
4682	NA	4.9469547
4684	NA	4.9190936
4690	NA	4.890494
4691	NA	4.9755607
4692	NA	4.8844953
4693	NA	4.8718953
4694	NA	4.7773376
4695	NA	4.7833414
4698	NA	4.8399653
4703	NA	4.882266
4704	NA	4.882463
4705	NA	4.912618
4706	NA	4.96265
4708	NA	4.9282923
4709	NA	4.9323807
4714	NA	4.708855
4715	NA	4.6945896
4719	NA	5.0
4721	NA	4.791022
4722	NA	4.073878
4723	NA	4.0886874
4726	NA	4.207621
4727	NA	4.207621
4730	NA	4.9438376
4732	NA	4.8550215
4733	NA	4.8092723
4736	NA	4.8395004
4737	NA	4.823227
4738	NA	4.9837613
4739	NA	4.9302144
4741	NA	4.880296
4744	NA	4.786625
4747	NA	4.7562513
4748	NA	4.935033
4749	NA	4.926312
4750	NA	4.9346986
4751	NA	4.954424
4754	NA	4.617557
4757	NA	4.950311
4758	NA	4.906349
4765	NA	4.651565
4768	NA	4.9500575
4770	NA	4.151798
4772	NA	4.10564
4773	NA	4.189727
4775	NA	4.7915664
4778	NA	4.9752817
4779	NA	4.9261417
4781	NA	4.836865
4783	NA	4.920741
4784	NA	4.8433146
4785	NA	4.973187
4786	NA	4.763132
4787	NA	4.8650126
4789	NA	4.5006027
4791	NA	4.510892
4792	NA	4.5519447
4801	NA	4.8622804
4804	NA	5.0
4809	NA	4.4805756
4818	NA	4.7858987
4827	NA	4.8696733
4828	NA	4.8882217
4829	NA	4.708921
4830	NA	4.8773146
4833	NA	4.582373
4834	NA	4.809247
4835	NA	4.782075
4837	NA	4.626474
4838	NA	4.659839
4840	NA	4.454079
4841	NA	4.592962
4846	NA	4.65219
4850	NA	4.660684
4854	NA	4.869278
4856	NA	4.570282
4861	NA	4.9260197
4862	NA	4.844624
4864	NA	4.4140797
4865	NA	4.349911
4868	NA	4.574026
4870	NA	4.7392097
4871	NA	4.589567
4873	NA	4.552004
4875	NA	4.8735623
4876	NA	4.450255
4878	NA	4.7852883
4884	NA	4.7007384
4887	NA	4.79924
4889	NA	4.6117525
4890	NA	4.9342046
4892	NA	4.5245557
4893	NA	4.5884476
4894	NA	4.393219
4895	NA	4.502002
4896	NA	4.8527746
4897	NA	4.8506427
4899	NA	4.802801
4902	NA	4.511784
4904	NA	4.5915084
4906	NA	4.916298
4907	NA	4.829933
4908	NA	4.877964
4909	NA	4.1445465
4910	NA	4.14139
4914	NA	4.8674893
4917	NA	4.8963704
4923	NA	4.968608
4924	NA	4.9821067
4925	NA	4.8379154
4927	NA	4.6212215
4930	NA	4.62004
4931	NA	4.5865507
4935	NA	4.916506
4936	NA	4.97254
4939	NA	4.7719316
4943	NA	4.5705748
4945	NA	4.8622723
4952	NA	4.4337397
4955	NA	4.990118
4956	NA	4.9668417
4958	NA	4.904817
4962	NA	4.868587
4969	NA	4.4503927
4972	NA	4.892796
4973	NA	4.932162
4976	NA	3.9690611
4979	NA	3.9880693
4980	NA	3.8216383
4984	NA	4.7934093
4986	NA	4.536703
4987	NA	4.445968
4988	NA	4.199502
4993	NA	4.951385
4994	NA	4.2961216
4995	NA	4.3736725
4999	NA	4.9803596
5001	NA	4.9560833
5004	NA	4.8522673
5006	NA	4.866584
5008	NA	4.8911605
5009	NA	4.813106
5013	NA	4.734665
5016	NA	4.85672
5019	NA	4.9513087
5020	NA	4.913044
5021	NA	4.979309
5028	NA	4.950236
5029	NA	4.977198
5034	NA	4.931486
5035	NA	4.9133806
5036	NA	4.945477
5038	NA	4.9767437
5041	NA	4.851775
5042	NA	4.8117347
5043	NA	4.665904
5044	NA	4.6056004
5054	NA	4.553903
5055	NA	4.5836515
5057	NA	4.858605
5059	NA	4.9308357
5061	NA	4.896629
5062	NA	4.7780757
5063	NA	4.7660675
5065	NA	4.921971
5066	NA	4.8659854
5067	NA	4.96213
5068	NA	4.9395137
5069	NA	4.8883457
5070	NA	4.429196
5071	NA	4.3661394
5075	NA	4.863311
5076	NA	4.840246
5077	NA	4.854459
5084	NA	4.912373
5087	NA	4.9122005
5088	NA	4.593211
5090	NA	4.5612445
5093	NA	4.918407
5094	NA	4.88158
5095	NA	4.7633667
5098	NA	4.3425946
5099	NA	4.3987374
5101	NA	4.3047767
5103	NA	4.8606143
5104	NA	4.883351
5106	NA	4.6517663
5108	NA	4.5562296
5111	NA	4.9297743
5112	NA	4.9324293
5118	NA	3.544944
5120	NA	4.8597236
5122	NA	4.8118687
5126	NA	4.4180293
5128	NA	4.464356
5129	NA	4.9325633
5130	NA	4.884137
5131	NA	4.8785534
5138	NA	4.8721986
5140	NA	4.9124765
5143	NA	4.6119514
5144	NA	4.609258
5146	NA	4.5981274
5150	NA	4.8291273
5151	NA	4.342665
5152	NA	4.2137303
5156	NA	4.9704604
5157	NA	4.896564
5158	NA	4.7806826
5159	NA	4.7600923
5162	NA	4.5384235
5164	NA	4.5423794
5165	NA	4.78513
5168	NA	4.961662
5170	NA	4.361066
5172	NA	4.3502016
5173	NA	4.303323
5174	NA	4.780355
5179	NA	4.8049626
5180	NA	4.749381
5181	NA	4.7789555
5182	NA	4.8701253
5183	NA	4.633895
5184	NA	4.9132676
5185	NA	4.941651
5188	NA	4.232784
5190	NA	4.112181
5192	NA	4.833459
5193	NA	4.698752
5194	NA	4.883971
5196	NA	4.685274
5200	NA	4.6410456
5202	NA	4.9438047
5205	NA	4.5809216
5207	NA	4.562598
5209	NA	4.57105
5210	NA	4.954376
5211	NA	4.8257575
5213	NA	4.9555354
5214	NA	4.133477
5217	NA	3.9817224
5218	NA	3.6776063
5221	NA	4.837523
5222	NA	4.9694242
5224	NA	4.712474
5228	NA	4.565703
5229	NA	4.850024
5230	NA	4.8943005
5233	NA	4.6457653
5235	NA	4.5726185
5237	NA	4.837383
5240	NA	4.968812
5241	NA	4.504461
5243	NA	4.6594067
5245	NA	4.4385843
5250	NA	4.67138
5252	NA	4.5811844
5255	NA	4.777421
5257	NA	4.8636837
5259	NA	4.5276003
5265	NA	4.974934
5266	NA	4.979814
5268	NA	4.9169936
5270	NA	4.7454405
5271	NA	4.9174423
5272	NA	4.9345646
5273	NA	4.8778934
5274	NA	4.867541
5275	NA	4.907718
5279	NA	4.947353
5280	NA	4.705701
5281	NA	4.860596
5283	NA	4.8733573
5284	NA	4.9440856
5285	NA	4.878398
5286	NA	4.6623387
5287	NA	4.5729027
5289	NA	4.5760455
5290	NA	4.6667795
5292	NA	4.935191
5293	NA	4.9136133
5295	NA	4.257816
5297	NA	4.3843412
5299	NA	4.2701993
5300	NA	4.6234536
5301	NA	4.690977
5302	NA	4.816533
5305	NA	4.7656884
5307	NA	4.5826755
5308	NA	4.8264337
5309	NA	4.844698
5312	NA	4.9726195
5315	NA	4.7425904
5316	NA	4.6929045
5320	NA	4.595373
5322	NA	4.516824
5323	NA	4.5312195
5326	NA	4.461429
5328	NA	4.961601
5330	NA	4.84785
5331	NA	4.839014
5332	NA	4.84785
5336	NA	4.8636537
5337	NA	4.9787188
5339	NA	4.947211
5343	NA	4.5782375
5344	NA	4.619748
5353	NA	4.9484744
5354	NA	4.75496
5355	NA	4.9481497
5360	NA	4.2971954
5364	NA	4.826469
5365	NA	4.8886
5366	NA	4.9537306
5367	NA	4.4665704
5368	NA	4.510762
5371	NA	4.47613
5375	NA	4.9443936
5381	NA	4.785733
5382	NA	4.9609
5386	NA	4.8123374
5388	NA	4.89551
5390	NA	4.925344
5392	NA	4.8922234
5394	NA	4.743117
5396	NA	4.7331247
5400	NA	4.8703213
5402	NA	4.8512735
5403	NA	4.439436
5408	NA	4.8496375
5410	NA	4.968486
5412	NA	4.5942492
5413	NA	4.6055975
5416	NA	4.6190324
5417	NA	4.981493
5418	NA	4.983951
5421	NA	4.268725
5422	NA	4.344981
5424	NA	4.311949
5425	NA	4.266961
5428	NA	4.7705426
5430	NA	4.5593896
5431	NA	4.7655635
5433	NA	4.766662
5438	NA	4.9395757
5441	NA	4.2245555
5442	NA	4.595549
5444	NA	4.733603
5445	NA	4.7717805
5448	NA	4.7007055
5450	NA	4.671258
5451	NA	4.586199
5452	NA	4.847648
5453	NA	4.8242726
5465	NA	4.7390327
5469	NA	4.510307
5470	NA	4.740075
5472	NA	4.9724402
5473	NA	4.8122683
5475	NA	4.402224
5479	NA	4.430821
5481	NA	4.894955
5482	NA	4.95738
5484	NA	4.849607
5485	NA	4.8821654
5486	NA	4.7772937
5488	NA	4.8615336
5490	NA	4.74897
5493	NA	4.4668336
5494	NA	4.6459923
5499	NA	4.9451184
5506	NA	4.46055
5508	NA	4.7804675
5509	NA	4.8623605
5511	NA	4.791405
5515	NA	4.864864
5516	NA	4.8196054
5517	NA	4.98222
5519	NA	4.846474
5524	NA	4.575478
5527	NA	4.8558345
5528	NA	4.930845
5529	NA	4.6255736
5536	NA	4.871392
5539	NA	4.7824893
5541	NA	4.79071
5542	NA	4.7830944
5543	NA	4.940656
5544	NA	4.872598
5547	NA	4.5536203
5550	NA	4.5355706
5551	NA	4.637058
5557	NA	4.5915327
5559	NA	4.5285316
5562	NA	4.830026
5564	NA	4.9677286
5566	NA	4.491332
5567	NA	4.516624
5570	NA	4.957808
5571	NA	4.935734
5572	NA	4.9901223
5573	NA	4.991434
5574	NA	4.7284985
5576	NA	4.810685
5577	NA	4.774185
5578	NA	4.7480054
5579	NA	4.8367553
5581	NA	4.91986
5583	NA	4.7525897
5585	NA	4.467496
5589	NA	4.95923
5590	NA	4.8877707
5592	NA	4.83053
5594	NA	4.7248387
5596	NA	4.937048
5597	NA	4.8677835
5598	NA	4.708068
5599	NA	4.8568974
5600	NA	4.6569076
5601	NA	4.5151234
5605	NA	4.603891
5606	NA	4.759423
5611	NA	4.3845277
5616	NA	4.906787
5622	NA	4.7858424
5625	NA	4.889967
5626	NA	4.9374113
5628	NA	4.699575
5629	NA	4.4609704
5630	NA	4.607877
5631	NA	4.62155
5635	NA	4.9294114
5636	NA	4.9144335
5638	NA	4.761718
5639	NA	4.754062
5644	NA	4.8898816
5648	NA	4.6690364
5649	NA	4.7835083
5650	NA	4.7950964
5652	NA	4.973604
5654	NA	4.9679995
5655	NA	4.7233686
5658	NA	4.786158
5660	NA	4.8790145
5661	NA	4.959488
5662	NA	4.7352242
5665	NA	4.6005454
5666	NA	4.539041
5667	NA	4.6446033
5669	NA	4.958036
5670	NA	4.9705734
5672	NA	4.9445686
5673	NA	4.8904243
5674	NA	4.9030223
5681	NA	4.6533303
5682	NA	4.576966
5684	NA	4.606571
5685	NA	4.6570926
5686	NA	4.7631197
5688	NA	4.9628
5689	NA	4.952007
5690	NA	4.8902597
5692	NA	4.586425
5699	NA	4.878636
5700	NA	4.576476
5702	NA	4.6793184
5703	NA	4.6971593
5704	NA	4.747476
5705	NA	4.8837047
5707	NA	4.876362
5708	NA	4.8265033
5709	NA	4.832049
5711	NA	4.7941313
5713	NA	4.9220037
5714	NA	4.950377
5715	NA	4.8813324
5716	NA	4.948679
5719	NA	4.7492394
5720	NA	4.87157
5721	NA	4.774685
5723	NA	4.5517426
5724	NA	4.930927
5726	NA	4.921246
5727	NA	4.4904633
5729	NA	4.534981
5730	NA	4.677275
5731	NA	4.732228
5734	NA	4.8330903
5735	NA	4.729076
5738	NA	4.524805
5743	NA	4.9257197
5746	NA	4.707847
5748	NA	4.8357534
5754	NA	4.5188227
5757	NA	4.4333615
5759	NA	4.867896
5760	NA	4.9468584
5763	NA	4.9095554
5766	NA	4.4819226
5767	NA	4.436294
5769	NA	4.5301137
5771	NA	4.9565897
5774	NA	4.785714
5775	NA	4.647952
5778	NA	4.8359876
5780	NA	4.960161
5782	NA	4.8974824
5783	NA	4.601201
5784	NA	4.5075994
5785	NA	4.5145226
5786	NA	4.589017
5789	NA	4.8326516
5790	NA	4.832211
5793	NA	4.875664
5795	NA	4.7162952
5796	NA	4.928541
5798	NA	4.7878804
5800	NA	4.792057
5802	NA	4.610456
5803	NA	4.46161
5804	NA	4.593227
5805	NA	4.5384765
5807	NA	4.9463935
5808	NA	4.9388127
5809	NA	4.889294
5814	NA	4.550085
5817	NA	4.874577
5818	NA	4.873988
5827	NA	4.9615774
5830	NA	4.819007
5831	NA	4.9411125
5832	NA	4.9156814
5833	NA	4.9150243
5837	NA	4.5292006
5838	NA	4.434802
5840	NA	4.352411
5843	NA	4.9454474
5844	NA	4.9370866
5849	NA	4.9454474
5854	NA	4.953945
5856	NA	4.7322345
5858	NA	4.7964263
5862	NA	4.9154043
5863	NA	4.9831676
5866	NA	4.720845
5868	NA	4.791051
5869	NA	4.6027613
5870	NA	4.810051
5871	NA	4.8899646
5873	NA	4.32219
5877	NA	4.3873863
5878	NA	4.9553347
5880	NA	4.933294
5881	NA	4.7788424
5884	NA	4.823697
5888	NA	4.925502
5889	NA	4.907874
5891	NA	4.0754104
5892	NA	4.248659
5893	NA	4.0735455
5896	NA	4.943276
5897	NA	4.856894
5903	NA	4.695388
5908	NA	4.959763
5910	NA	4.424904
5912	NA	4.4104896
5913	NA	4.383421
5915	NA	4.8640194
5916	NA	4.612453
5917	NA	4.688782
5921	NA	4.166734
5925	NA	4.719073
5926	NA	4.6729674
5927	NA	3.86409
5929	NA	4.017734
5932	NA	4.8486595
5933	NA	4.903206
5934	NA	4.76898
5935	NA	4.955906
5939	NA	4.6370196
5940	NA	4.7421627
5942	NA	4.9718075
5945	NA	4.962196
5946	NA	4.8203664
5949	NA	4.8718286
5950	NA	4.815383
5951	NA	4.807063
5953	NA	4.8172393
5954	NA	4.9510574
5957	NA	4.7746935
5958	NA	4.780839
5959	NA	4.694939
5961	NA	4.9689584
5962	NA	4.64278
5963	NA	4.958039
5967	NA	4.5425916
5969	NA	4.543768
5971	NA	4.535547
5972	NA	4.9609537
5973	NA	4.9766955
5974	NA	4.8551497
5980	NA	4.8805223
5981	NA	4.82915
5984	NA	4.931931
5985	NA	4.960443
5993	NA	4.7505107
5994	NA	4.9535575
5995	NA	4.898582
5997	NA	4.9580393
5998	NA	4.854668
5999	NA	4.818428
6002	NA	4.8227916
6003	NA	4.976443
6004	NA	4.9744177
6008	NA	4.712686
6009	NA	4.687433
6010	NA	4.7949915
6011	NA	4.756184
6012	NA	4.7754545
6013	NA	4.745201
6016	NA	4.855237
6018	NA	4.8986883
6019	NA	4.889973
6021	NA	4.931934
6023	NA	4.8108087
6024	NA	4.927956
6025	NA	4.875921
6026	NA	4.9036045
6031	NA	4.667977
6033	NA	4.636731
6034	NA	4.9714584
6036	NA	4.9517236
6039	NA	4.744168
6040	NA	4.730429
6043	NA	4.7373786
6046	NA	4.8350844
6048	NA	4.868866
6049	NA	4.6282353
6055	NA	4.9221315
6057	NA	4.936733
6058	NA	4.465332
6059	NA	4.420147
6062	NA	4.3842096
6063	NA	4.8640895
6064	NA	4.972147
6066	NA	4.965221
6067	NA	4.952178
6069	NA	4.61946
6070	NA	4.6743474
6071	NA	4.627799
6073	NA	4.6738424
6074	NA	4.9777126
6076	NA	4.9777117
6079	NA	4.852254
6081	NA	4.828483
6087	NA	4.6673503
6089	NA	4.8376985
6090	NA	4.72014
6091	NA	4.7300243
6094	NA	4.9617004
6097	NA	4.6150007
6100	NA	4.602326
6102	NA	4.906934
6107	NA	4.7413707
6110	NA	4.6804295
6111	NA	4.7160397
6113	NA	4.7451224
6114	NA	4.9471097
6115	NA	4.9383817
6116	NA	4.9455023
6118	NA	4.9227276
6121	NA	4.9204097
6124	NA	4.9217787
6125	NA	4.8874373
6126	NA	4.973517
6129	NA	4.842125
6130	NA	4.7890325
6132	NA	4.9531126
6134	NA	4.651848
6138	NA	4.584818
6139	NA	4.580225
6140	NA	4.465201
6141	NA	4.6480904
6142	NA	4.5404596
6143	NA	4.8971715
6148	NA	4.3872466
6149	NA	4.6503696
6151	NA	4.6468124
6156	NA	4.2800937
6162	NA	4.770054
6163	NA	4.9819913
6165	NA	4.768971
6166	NA	4.7708454
6167	NA	4.774365
6168	NA	4.6180973
6172	NA	4.931139
6173	NA	4.717199
6177	NA	4.446572
6181	NA	4.425673
6182	NA	4.4871397
6184	NA	4.9713874
6189	NA	4.6924458
6190	NA	4.680779
6192	NA	4.970912
6196	NA	4.5535154
6201	NA	4.9587064
6204	NA	4.736364
6207	NA	4.2540035
6210	NA	4.3498716
6216	NA	4.912623
6217	NA	4.8607235
6220	NA	4.9208694
6221	NA	4.995865
6222	NA	4.966901
6223	NA	4.9732933
6226	NA	4.8582563
6227	NA	4.843281
6229	NA	4.847173
6230	NA	4.9704986
6235	NA	4.598075
6237	NA	4.5509863
6238	NA	4.622616
6240	NA	4.7077165
6244	NA	4.6752157
6245	NA	4.469674
6247	NA	4.5702405
6251	NA	4.830592
6252	NA	4.785498
6254	NA	4.705421
6255	NA	4.689336
6256	NA	4.808594
6257	NA	4.7561502
6260	NA	4.903063
6261	NA	4.9829006
6262	NA	4.871861
6264	NA	4.6398535
6265	NA	4.8393188
6268	NA	4.9839654
6269	NA	4.8919725
6270	NA	4.9814324
6271	NA	4.926761
6273	NA	4.786463
6274	NA	4.748655
6275	NA	4.7073593
6276	NA	4.780513
6277	NA	4.9563494
6279	NA	4.9739485
6281	NA	4.9251266
6282	NA	4.8292537
6283	NA	4.8443956
6284	NA	4.831355
6285	NA	4.835991
6289	NA	4.8873568
6294	NA	4.2565312
6296	NA	4.075195
6298	NA	4.5295124
6303	NA	4.730157
6304	NA	4.253854
6312	NA	4.748261
6314	NA	4.7676873
6320	NA	4.711803
6322	NA	4.7096534
6323	NA	4.7601395
6324	NA	4.9863205
6325	NA	4.9318533
6328	NA	4.97984
6329	NA	4.712122
6331	NA	4.6362514
6332	NA	4.626254
6339	NA	4.968068
6340	NA	4.7694445
6341	NA	4.780409
6343	NA	4.8464904
6351	NA	4.7976904
6352	NA	4.8199987
6354	NA	4.8709545
6355	NA	4.9388742
6356	NA	4.9469404
6361	NA	4.8430595
6364	NA	4.932166
6365	NA	4.9314427
6367	NA	4.950998
6369	NA	4.3951497
6371	NA	4.380653
6374	NA	4.4748874
6376	NA	4.6362033
6378	NA	4.80904
6379	NA	4.8201294
6380	NA	4.582235
6383	NA	4.582446
6384	NA	4.406083
6388	NA	4.93545
6389	NA	4.984953
6391	NA	4.3151956
6393	NA	4.500675
6398	NA	4.8589277
6399	NA	4.552318
6400	NA	4.62204
6401	NA	4.6188946
6403	NA	4.6090403
6406	NA	4.9325333
6408	NA	4.903034
6409	NA	4.703983
6410	NA	4.770577
6413	NA	4.726493
6414	NA	4.7368817
6415	NA	4.7552743
6416	NA	4.8262568
6418	NA	4.944742
6422	NA	4.6087947
6425	NA	4.658259
6427	NA	4.9670753
6428	NA	4.9486375
6430	NA	4.9321485
6431	NA	4.585105
6433	NA	4.6329064
6435	NA	4.6540294
6436	NA	4.6079245
6437	NA	4.980302
6438	NA	4.798468
6439	NA	4.973737
6440	NA	4.947038
6441	NA	4.627299
6442	NA	4.58788
6445	NA	4.65643
6446	NA	4.875281
6449	NA	4.684186
6451	NA	4.8174324
6453	NA	4.8619647
6455	NA	4.8073945
6456	NA	4.8311024
6457	NA	4.841991
6459	NA	4.953951
6461	NA	4.873772
6462	NA	4.446224
6464	NA	4.5167236
6465	NA	4.4424524
6466	NA	4.5543313
6472	NA	4.8078337
6473	NA	4.7681136
6474	NA	4.75067
6475	NA	4.729434
6476	NA	4.7597375
6479	NA	4.940581
6481	NA	4.626643
6483	NA	4.697896
6484	NA	4.6951275
6485	NA	4.6767015
6486	NA	4.9806867
6487	NA	4.9084024
6490	NA	4.4786654
6492	NA	4.568631
6493	NA	4.554716
6494	NA	4.497408
6498	NA	4.946217
6501	NA	4.6234226
6502	NA	4.6123996
6503	NA	4.5840254
6504	NA	4.603819
6505	NA	4.6052213
6507	NA	4.92968
6509	NA	4.964637
6512	NA	4.7773924
6515	NA	4.9517803
6516	NA	4.9617023
6518	NA	4.976179
6519	NA	4.993686
6520	NA	4.700848
6522	NA	4.740021
6523	NA	4.7227407
6524	NA	4.735229
6525	NA	4.7498794
6526	NA	4.991852
6528	NA	4.9326177
6530	NA	4.926523
6533	NA	4.8932104
6534	NA	4.838211
6537	NA	4.922681
6538	NA	4.9328794
6541	NA	4.8341103
6542	NA	4.8111644
6547	NA	4.938496
6551	NA	4.725459
6553	NA	4.6406665
6556	NA	4.8070917
6560	NA	4.7476163
6561	NA	4.73212
6562	NA	4.67483
6564	NA	4.9033365
6570	NA	4.598935
6571	NA	4.573422
6573	NA	4.657056
6574	NA	4.6297507
6581	NA	4.7624073
6583	NA	4.823278
6585	NA	4.768799
6586	NA	5.0
6587	NA	4.9235253
6594	NA	4.807689
6596	NA	4.9290977
6601	NA	4.734508
6602	NA	4.957753
6608	NA	4.7847977
6609	NA	4.582953
6611	NA	4.983231
6612	NA	4.989595
6613	NA	4.981733
6616	NA	4.69581
6621	NA	4.7167335
6622	NA	4.9526033
6623	NA	4.934513
6624	NA	4.6781125
6627	NA	4.5305924
6628	NA	4.737454
6629	NA	4.977084
6630	NA	4.980903
6633	NA	4.856125
6636	NA	4.8565946
6637	NA	4.8604574
6639	NA	4.865173
6641	NA	4.9610267
6642	NA	4.938742
6643	NA	4.9776454
6645	NA	4.694292
6650	NA	4.736406
6651	NA	4.9858994
6652	NA	4.9889
6653	NA	4.9506135
6654	NA	4.4542527
6655	NA	4.410541
6660	NA	4.978352
6661	NA	4.891455
6662	NA	4.93473
6663	NA	4.9451637
6666	NA	4.708385
6667	NA	4.5681067
6668	NA	4.709663
6672	NA	4.9651656
6676	NA	4.7467985
6677	NA	4.7430167
6679	NA	4.9480414
6680	NA	4.9409385
6681	NA	4.633457
6682	NA	4.8414087
6685	NA	4.8418536
6686	NA	4.8559394
6689	NA	4.927154
6690	NA	4.7788973
6691	NA	4.560056
6693	NA	4.5401998
6699	NA	4.9900737
6702	NA	4.871911
6703	NA	4.8388944
6704	NA	4.855429
6706	NA	4.893177
6707	NA	4.978624
6708	NA	4.937122
6710	NA	4.690389
6712	NA	4.5836883
6713	NA	4.680011
6716	NA	4.875519
6718	NA	4.960746
6719	NA	4.7372103
6722	NA	4.8048754
6724	NA	4.8608875
6726	NA	4.9201484
6727	NA	4.892647
6730	NA	4.580052
6732	NA	4.566791
6734	NA	4.9720783
6737	NA	4.9895897
6739	NA	4.7323775
6741	NA	4.679896
6743	NA	4.663807
6744	NA	4.7408147
6749	NA	4.8475184
6751	NA	4.7998166
6753	NA	4.8681498
6755	NA	4.987529
6759	NA	4.7857156
6763	NA	4.9567857
6767	NA	4.988098
6774	NA	4.965775
6776	NA	4.983937
6779	NA	4.7969966
6780	NA	4.8420444
6782	NA	4.817566
6783	NA	4.977714
6785	NA	4.928059
6786	NA	4.929666
6787	NA	4.4816427
6788	NA	4.4887466
6790	NA	4.5018706
6792	NA	4.8305593
6793	NA	4.8021655
6794	NA	4.9451976
6795	NA	4.780263
6796	NA	4.4758544
6797	NA	4.533278
6798	NA	4.5227847
6801	NA	4.9861345
6803	NA	4.9296303
6806	NA	4.674508
6807	NA	4.712336
6808	NA	4.761179
6809	NA	4.712752
6811	NA	4.6963286
6815	NA	4.9327602
6817	NA	4.7490463
6818	NA	4.82876
6820	NA	4.843721
6821	NA	4.8707347
6823	NA	4.7070727
6826	NA	4.62513
6827	NA	4.4041696
6828	NA	4.617413
6829	NA	4.416398
6831	NA	4.6203504
6832	NA	4.9727693
6835	NA	4.9674983
6836	NA	4.626661
6837	NA	4.602068
6838	NA	4.539195
6839	NA	4.585804
6841	NA	4.9517546
6842	NA	4.8139987
6844	NA	4.9666243
6846	NA	4.5667186
6848	NA	4.4570575
6850	NA	4.288775
6852	NA	4.9222903
6853	NA	4.7613506
6854	NA	4.8795633
6856	NA	4.6502385
6858	NA	4.6350617
6859	NA	4.585938
6860	NA	4.6622066
6861	NA	4.97427
6864	NA	4.907617
6867	NA	4.807611
6871	NA	4.9000387
6872	NA	4.946231
6873	NA	4.9282956
6874	NA	4.7095523
6876	NA	4.740125
6878	NA	4.7577577
6881	NA	4.9643216
6882	NA	4.935926
6883	NA	4.727203
6886	NA	4.647752
6888	NA	4.985795
6889	NA	4.9727063
6891	NA	4.972343
6892	NA	4.7609076
6893	NA	4.782883
6895	NA	4.821416
6898	NA	4.9830046
6900	NA	4.970129
6904	NA	4.9054956
6906	NA	4.9761844
6908	NA	4.956018
6909	NA	4.967823
6910	NA	4.8915524
6911	NA	4.883752
6915	NA	5.0
6916	NA	4.914067
6917	NA	4.9851546
6925	NA	4.788617
6926	NA	4.9707785
6928	NA	4.959573
6929	NA	4.9640613
6930	NA	4.502995
6933	NA	4.546511
6935	NA	4.899539
6936	NA	4.8959956
6937	NA	4.9356604
6938	NA	4.9879885
6939	NA	4.9946575
6941	NA	4.646947
6943	NA	4.657847
6944	NA	4.67194
6949	NA	4.97827
6951	NA	4.824209
6952	NA	4.8172235
6953	NA	4.8018584
6954	NA	4.8156114
6956	NA	4.828693
6959	NA	4.9023633
6960	NA	4.8607993
6962	NA	4.115115
6963	NA	3.890357
6965	NA	4.3149657
6967	NA	4.0115566
6972	NA	4.959298
6973	NA	4.7484107
6976	NA	4.7935405
6977	NA	4.7607527
6984	NA	4.7657623
6985	NA	4.7203555
6986	NA	4.7774324
6988	NA	4.9411516
6989	NA	4.7404246
6990	NA	4.985652
6999	NA	4.844668
7003	NA	4.103737
7010	NA	4.840866
7011	NA	4.8064976
7012	NA	4.7830224
7014	NA	4.8696895
7015	NA	4.9652452
7017	NA	4.899641
7023	NA	4.326294
7024	NA	4.331022
7029	NA	4.975302
7030	NA	4.71483
7031	NA	4.6987314
7032	NA	4.753369
7033	NA	4.8160977
7034	NA	4.7136903
7036	NA	4.2636304
7037	NA	4.847247
7038	NA	4.974558
7039	NA	4.9814987
7041	NA	4.535768
7042	NA	4.6179276
7046	NA	4.89061
7047	NA	4.942836
7048	NA	4.982343
7049	NA	4.988413
7050	NA	4.792733
7051	NA	4.8117113
7052	NA	4.7111845
7053	NA	4.712473
7055	NA	4.957301
7057	NA	4.891566
7059	NA	4.7547727
7062	NA	4.772633
7065	NA	4.915454
7067	NA	4.921446
7068	NA	4.3575234
7069	NA	4.4542804
7071	NA	4.3329477
7072	NA	4.2987566
7073	NA	4.929456
7075	NA	5.0
7076	NA	4.962003
7078	NA	4.723759
7079	NA	4.8202367
7080	NA	4.8166513
7089	NA	4.7076597
7091	NA	4.722442
7095	NA	4.931829
7096	NA	4.8681784
7097	NA	4.808938
7098	NA	4.7359734
7102	NA	4.974532
7106	NA	5.0
7107	NA	4.7194533
7109	NA	4.784654
7111	NA	4.6961365
7112	NA	4.784654
7113	NA	4.970532
7114	NA	4.9281707
7115	NA	4.969932
7117	NA	4.6870418
7122	NA	4.917486
7128	NA	4.8996367
7129	NA	4.901971
7130	NA	4.9499555
7131	NA	5.0
7132	NA	4.937102
7134	NA	4.945428
7135	NA	4.8920894
7136	NA	4.908536
7137	NA	4.8549194
7140	NA	4.915852
7141	NA	4.973152
7142	NA	4.935535
7146	NA	4.9205875
7147	NA	4.5167375
7148	NA	4.512037
7149	NA	4.5754676
7151	NA	4.5745807
7152	NA	4.5585227
7154	NA	4.9770484
7157	NA	4.8565855
7158	NA	4.827349
7159	NA	4.7009745
7160	NA	4.870273
7162	NA	4.8470902
7163	NA	4.974204
7167	NA	4.702562
7168	NA	4.684496
7169	NA	4.6723356
7170	NA	4.7331405
7171	NA	4.505614
7172	NA	4.7125645
7173	NA	4.977698
7174	NA	4.9298034
7175	NA	4.9318647
7176	NA	4.9443827
7177	NA	4.7159014
7178	NA	4.735143
7179	NA	4.777744
7180	NA	4.7645817
7181	NA	4.7881126
7182	NA	4.920881
7183	NA	4.95373
7184	NA	4.9381847
7187	NA	4.460069
7188	NA	4.5471964
7190	NA	4.5171905
7191	NA	4.550678
7192	NA	4.5441885
7193	NA	4.974765
7194	NA	4.904655
7195	NA	4.7772465
7197	NA	4.6593075
7198	NA	4.788066
7199	NA	4.819873
7201	NA	4.8317857
7202	NA	4.967298
7203	NA	4.937
7206	NA	4.9917364
7207	NA	4.847611
7212	NA	4.844823
7215	NA	4.922301
7216	NA	4.834978
7220	NA	4.7406354
7223	NA	4.93455
7225	NA	4.9552813
7227	NA	4.684128
7231	NA	4.6173196
7232	NA	4.6500807
7233	NA	4.901688
7236	NA	4.987942
7238	NA	4.797419
7243	NA	4.788457
7244	NA	4.9826946
7245	NA	4.9890785
7247	NA	4.918602
7248	NA	4.93954
7249	NA	4.714741
7250	NA	4.765955
7251	NA	4.756324
7253	NA	4.739325
7254	NA	4.7270875
7255	NA	4.973565
7256	NA	4.9807687
7257	NA	4.9698434
7258	NA	4.9428887
7259	NA	4.980549
7260	NA	4.8061533
7261	NA	4.752874
7263	NA	4.8162503
7264	NA	4.822072
7265	NA	4.813839
7266	NA	4.9769607
7272	NA	4.7879634
7273	NA	4.785494
7275	NA	4.861317
7278	NA	4.977539
7279	NA	4.55035
7282	NA	4.551749
7283	NA	4.551033
7284	NA	4.9759665
7285	NA	4.9886146
7286	NA	4.9310985
7288	NA	4.9322715
7289	NA	4.036642
7290	NA	4.243809
7295	NA	4.9833546
7296	NA	4.9714465
7297	NA	4.940152
7299	NA	4.774869
7301	NA	4.8539605
7303	NA	4.8454833
7305	NA	4.9823766
7307	NA	4.978503
7308	NA	4.9154997
7310	NA	4.8269715
7312	NA	4.817412
7317	NA	4.9703054
7318	NA	4.9701996
7321	NA	4.9155593
7323	NA	4.918378
7324	NA	4.979696
7325	NA	4.9882684
7326	NA	4.9519553
7327	NA	4.830855
7328	NA	4.755574
7329	NA	4.614054
7330	NA	4.744761
7331	NA	4.765619
7333	NA	4.8281574
7336	NA	4.9604955
7337	NA	4.9806056
7338	NA	4.95283
7339	NA	4.9365435
7341	NA	4.484643
7342	NA	4.4647913
7345	NA	4.521562
7348	NA	4.972471
7351	NA	4.653849
7354	NA	4.702789
7355	NA	4.6556067
7357	NA	4.8969145
7360	NA	4.908752
7361	NA	4.5799336
7366	NA	4.922031
7369	NA	4.965639
7373	NA	4.7152762
7376	NA	4.7049103
7377	NA	4.9468637
7378	NA	4.904228
7379	NA	4.8760495
7380	NA	4.9278564
7382	NA	4.67435
7384	NA	4.7762575
7385	NA	4.7394266
7387	NA	4.759577
7393	NA	4.590853
7395	NA	4.8627205
7396	NA	4.871984
7400	NA	4.722743
7401	NA	4.501854
7403	NA	4.708331
7405	NA	4.982561
7406	NA	4.921175
7407	NA	4.8174148
7408	NA	4.5378714
7409	NA	4.57452
7412	NA	4.507581
7413	NA	4.934172
7415	NA	4.933759
7421	NA	4.8814764
7424	NA	4.968193
7425	NA	4.9285393
7426	NA	4.9467826
7429	NA	4.819589
7430	NA	4.870717
7431	NA	4.8078065
7433	NA	4.941352
7435	NA	4.899362
7436	NA	4.974063
7439	NA	4.702572
7440	NA	4.7402472
7442	NA	4.972032
7443	NA	4.9765077
7447	NA	4.962602
7449	NA	4.657924
7450	NA	4.639221
7453	NA	4.667485
7456	NA	4.886219
7458	NA	4.7923884
7460	NA	4.5455303
7463	NA	4.5141273
7465	NA	4.5342274
7467	NA	4.985117
7469	NA	4.9854736
7473	NA	4.7164946
7478	NA	4.620627
7480	NA	4.8573866
7482	NA	4.5989094
7484	NA	4.7838826
7488	NA	4.8437805
7489	NA	4.9649353
7490	NA	4.7220254
7494	NA	4.7947044
7495	NA	4.9705186
7498	NA	4.9761224
7500	NA	4.822223
7502	NA	4.858377
7510	NA	4.828416
7512	NA	4.748764
7513	NA	4.8195963
7514	NA	4.8257623
7515	NA	4.843673
7517	NA	4.9863224
7518	NA	4.981079
7519	NA	4.6771965
7520	NA	4.593487
7521	NA	4.743963
7523	NA	4.648402
7524	NA	4.9534645
7528	NA	4.935945
7529	NA	4.768755
7530	NA	4.7337112
7531	NA	4.6121545
7535	NA	4.9708652
7536	NA	4.97626
7538	NA	4.9857554
7540	NA	4.764848
7552	NA	4.930924
7555	NA	4.9620004
7560	NA	4.7819023
7562	NA	4.704672
7565	NA	4.7571745
7566	NA	4.971445
7568	NA	4.9890423
7570	NA	4.8412027
7571	NA	4.84046
7574	NA	4.8640523
7575	NA	4.9450455
7578	NA	4.7283077
7579	NA	4.314888
7584	NA	4.568148
7585	NA	4.61646
7586	NA	4.918063
7589	NA	4.947769
7591	NA	4.589755
7592	NA	4.750933
7593	NA	4.723746
7595	NA	4.878858
7596	NA	4.88002
7597	NA	4.6547475
7598	NA	4.9126177
7600	NA	4.7598324
7601	NA	4.6375785
7602	NA	4.5612564
7604	NA	4.484903
7605	NA	4.6783867
7607	NA	4.9333825
7610	NA	4.755619
7614	NA	4.7711763
7615	NA	4.9817367
7617	NA	4.793519
7620	NA	4.6314454
7621	NA	4.508958
7623	NA	4.6550026
7624	NA	4.5919657
7626	NA	4.9167757
7627	NA	4.976273
7628	NA	4.9927015
7631	NA	4.8855014
7632	NA	4.823256
7633	NA	4.901654
7635	NA	4.9593787
7637	NA	4.9587545
7640	NA	4.7134438
7644	NA	4.7449493
7645	NA	4.7315354
7646	NA	4.9931226
7650	NA	4.868571
7655	NA	4.9295707
7656	NA	4.92107
7661	NA	4.8280945
7663	NA	4.81993
7664	NA	4.772428
7671	NA	4.7673645
7673	NA	4.7006187
7674	NA	4.697746
7676	NA	4.94655
7679	NA	4.9589014
7683	NA	4.6467085
7684	NA	4.6977625
7685	NA	4.7039876
7686	NA	4.9625945
7690	NA	4.778632
7691	NA	4.745125
7693	NA	4.692074
7694	NA	4.7595105
7695	NA	4.949565
7696	NA	4.9002204
7698	NA	4.948923
7704	NA	4.229748
7705	NA	4.1960125
7706	NA	4.9771185
7708	NA	4.9914713
7709	NA	4.9745893
7710	NA	4.8345017
7713	NA	4.7424397
7715	NA	4.961353
7717	NA	4.915584
7721	NA	4.823993
7725	NA	4.9687276
7727	NA	5.0
7730	NA	4.315007
7735	NA	4.929315
7736	NA	4.8218684
7737	NA	4.930452
7738	NA	4.9310055
7745	NA	4.9172792
7748	NA	4.891856
7749	NA	4.5100365
7750	NA	4.696889
7756	NA	4.9358907
7758	NA	4.9708924
7759	NA	4.870032
7761	NA	4.6873007
7762	NA	4.7395015
7765	NA	4.656098
7766	NA	4.8991094
7767	NA	4.9666386
7770	NA	4.7364697
7773	NA	4.6176205
7774	NA	4.7057133
7775	NA	4.748157
7783	NA	4.7109766
7786	NA	4.9365144
7788	NA	4.8650208
7789	NA	4.961516
7791	NA	4.4763217
7796	NA	4.8827786
7797	NA	4.9734006
7799	NA	4.756344
7800	NA	4.765342
7801	NA	4.729357
7802	NA	4.6094623
7803	NA	4.7376695
7806	NA	4.9794946
7809	NA	4.646342
7812	NA	4.7314224
7814	NA	4.9740424
7815	NA	4.9677906
7816	NA	4.9794517
7818	NA	4.742631
7824	NA	4.916002
7825	NA	4.936377
7826	NA	4.720195
7827	NA	4.701797
7828	NA	4.631042
7829	NA	4.5940766
7830	NA	4.6084642
7831	NA	4.938808
7832	NA	4.8458133
7833	NA	4.945284
7835	NA	4.897648
7837	NA	4.8755608
7840	NA	4.984446
7842	NA	4.957314
7843	NA	4.9857626
7845	NA	4.6694217
7846	NA	4.6614943
7848	NA	4.6853123
7850	NA	4.9889016
7852	NA	4.9874682
7853	NA	4.6641006
7854	NA	4.658289
7855	NA	4.5335755
7856	NA	4.6437044
7857	NA	4.634263
7858	NA	4.9796214
7860	NA	4.9342637
7862	NA	4.771189
7863	NA	4.7805147
7865	NA	4.839569
7870	NA	4.9162083
7871	NA	4.986549
7873	NA	4.787367
7874	NA	4.761186
7879	NA	4.7529054
7880	NA	4.9607873
7882	NA	4.6239204
7883	NA	4.716296
7885	NA	4.5329247
7886	NA	4.7111783
7894	NA	4.9203963
7895	NA	4.925104
7897	NA	4.906892
7901	NA	4.689099
7904	NA	4.7017984
7905	NA	4.9629045
7907	NA	4.9764915
7908	NA	4.99193
7910	NA	4.807113
7911	NA	4.812365
7913	NA	4.7953167
7914	NA	4.767477
7915	NA	4.807724
7916	NA	4.852002
7918	NA	4.948108
7919	NA	4.935841
7920	NA	4.8332634
7922	NA	4.7494655
7924	NA	4.893264
7928	NA	4.9857903
7929	NA	4.6322517
7930	NA	4.632674
7931	NA	4.596028
7941	NA	4.5854626
7942	NA	4.5128803
7943	NA	4.9527245
7944	NA	4.986875
7945	NA	4.974212
7948	NA	4.655061
7952	NA	4.96428
7955	NA	4.9278884
7956	NA	4.747316
7958	NA	4.7670856
7960	NA	4.7585754
7961	NA	4.9763727
7962	NA	4.965512
7965	NA	4.926782
7968	NA	4.704272
7969	NA	4.647248
7970	NA	4.699889
7974	NA	4.9846454
7975	NA	4.965961
7978	NA	4.5594482
7979	NA	4.5557623
7982	NA	4.9822693
7983	NA	4.9118547
7984	NA	4.985292
7988	NA	4.603321
7991	NA	4.764134
7992	NA	4.9334583
7994	NA	4.9734163
8000	NA	4.67557
8001	NA	4.938556
8003	NA	4.88328
8004	NA	4.9116545
8007	NA	4.0512214
8008	NA	4.118159
8009	NA	3.9332037
8011	NA	4.9839087
8013	NA	4.979739
8015	NA	4.6604204
8016	NA	4.650121
8017	NA	4.585036
8019	NA	4.880434
8020	NA	4.9068255
8022	NA	4.979299
8023	NA	4.8430347
8026	NA	4.819093
8027	NA	4.9001646
8030	NA	4.9566717
8033	NA	4.7068706
8034	NA	4.7075267
8035	NA	4.606164
8036	NA	4.6960387
8042	NA	4.688944
8043	NA	4.784915
8045	NA	4.7021112
8046	NA	4.9734206
8048	NA	4.9617586
8051	NA	4.7806196
8052	NA	4.8087635
8053	NA	4.7998056
8054	NA	4.8230124
8056	NA	4.9365077
8061	NA	4.489176
8062	NA	4.5951605
8063	NA	4.606577
8066	NA	4.94123
8070	NA	4.848598
8074	NA	4.961793
8075	NA	4.967398
8078	NA	4.584604
8080	NA	4.611279
8081	NA	4.606516
8082	NA	4.974735
8083	NA	4.956346
8085	NA	4.953004
8086	NA	4.877193
8087	NA	4.926188
8088	NA	4.931272
8097	NA	4.843737
8098	NA	4.884214
8099	NA	4.8970914
8100	NA	4.8650117
8101	NA	4.84725
8102	NA	4.97583
8103	NA	4.959326
8106	NA	4.532243
8107	NA	4.587426
8111	NA	4.9672794
8113	NA	4.455298
8114	NA	4.430199
8115	NA	4.369978
8116	NA	4.4202466
8117	NA	4.411788
8118	NA	4.9209895
8123	NA	3.682077
8125	NA	4.3365254
8128	NA	4.970375
8131	NA	4.708654
8132	NA	4.7016153
8133	NA	4.645947
8135	NA	4.6924396
8139	NA	4.9848323
8140	NA	4.7656975
8142	NA	4.690645
8144	NA	4.764696
8146	NA	4.982199
8148	NA	4.9824424
8149	NA	4.7466283
8150	NA	4.765468
8151	NA	4.7760835
8153	NA	4.75697
8154	NA	4.9260173
8160	NA	4.495689
8164	NA	4.9745474
8166	NA	4.9940825
8167	NA	4.844261
8169	NA	4.897065
8170	NA	4.8764305
8171	NA	4.8830123
8172	NA	4.8974814
8174	NA	4.9595633
8176	NA	4.7910275
8178	NA	4.7869062
8181	NA	4.9246445
8182	NA	4.9280467
8183	NA	4.859139
8185	NA	4.8156943
8188	NA	4.9105554
8197	NA	4.7535496
8198	NA	4.7178173
8202	NA	4.9560404
8203	NA	4.841445
8204	NA	4.867628
8205	NA	4.8348966
8207	NA	4.879817
8208	NA	4.990892
8209	NA	4.920851
8214	NA	4.6756325
8218	NA	4.8210955
8221	NA	4.5479984
8222	NA	4.488187
8224	NA	4.628773
8226	NA	4.957303
8229	NA	4.964474
8231	NA	4.7883153
8232	NA	4.7672696
8234	NA	4.813462
8235	NA	4.9484367
8236	NA	4.8796225
8237	NA	4.870248
8238	NA	4.885845
8239	NA	4.518926
8240	NA	4.5381074
8241	NA	4.5300817
8242	NA	4.5074916
8243	NA	4.59902
8244	NA	4.9797506
8245	NA	4.9905286
8250	NA	4.760938
8252	NA	4.71801
8253	NA	4.9844756
8254	NA	4.9746494
8255	NA	4.974462
8256	NA	4.9685893
8257	NA	4.8925915
8259	NA	4.8639636
8260	NA	4.816227
8261	NA	4.8467345
8262	NA	4.983656
8265	NA	4.982683
8268	NA	4.7286158
8270	NA	4.7230043
8271	NA	4.972067
8273	NA	4.8827825
8275	NA	4.4386525
8278	NA	4.47489
8279	NA	4.457753
8280	NA	4.918572
8284	NA	4.7926035
8286	NA	4.7371387
8287	NA	4.7591734
8290	NA	4.8757305
8291	NA	4.943638
8292	NA	4.956754
8293	NA	4.617443
8295	NA	4.6438513
8297	NA	4.6849356
8298	NA	4.5733056
8299	NA	4.945991
8301	NA	4.947741
8302	NA	4.7394605
8303	NA	4.8126287
8308	NA	4.977768
8309	NA	4.986679
8310	NA	4.99154
8311	NA	4.5838356
8315	NA	4.601713
8318	NA	4.7162213
8319	NA	4.913085
8320	NA	4.3688064
8322	NA	4.15893
8324	NA	4.451089
8332	NA	4.641424
8337	NA	4.981741
8341	NA	4.7349544
8342	NA	4.7769084
8344	NA	4.9752135
8346	NA	4.9786053
8348	NA	4.849904
8350	NA	4.877828
8353	NA	4.9241548
8354	NA	4.977304
8357	NA	4.862208
8359	NA	4.864528
8361	NA	4.96712
8364	NA	4.9899797
8365	NA	4.7960296
8369	NA	4.8202972
8370	NA	4.950436
8371	NA	4.751418
8372	NA	4.9653177
8373	NA	4.941768
8378	NA	4.4774823
8380	NA	4.9557576
8382	NA	4.9600444
8385	NA	4.7747264
8386	NA	4.7440114
8387	NA	4.7734303
8390	NA	4.987365
8391	NA	4.974316
8392	NA	4.761477
8393	NA	4.7374077
8394	NA	4.7526903
8395	NA	4.7862244
8397	NA	4.945141
8399	NA	4.9201126
8401	NA	4.8027983
8402	NA	4.7452455
8403	NA	4.7375317
8405	NA	4.8026843
8408	NA	4.968548
8410	NA	4.8241224
8411	NA	4.8737593
8413	NA	4.8886676
8414	NA	4.890778
8415	NA	4.941027
8416	NA	4.950796
8418	NA	4.973229
8420	NA	4.6993604
8422	NA	4.663123
8423	NA	4.7051983
8427	NA	4.878266
8428	NA	4.469381
8429	NA	4.517027
8432	NA	4.5181975
8433	NA	4.9663997
8436	NA	4.9933624
8438	NA	4.7328258
8439	NA	4.6691313
8440	NA	4.7568793
8442	NA	4.9021215
8443	NA	4.982414
8445	NA	4.898043
8447	NA	4.8235435
8448	NA	4.8582516
8450	NA	4.932068
8454	NA	4.980706
8463	NA	4.973709
8464	NA	4.7321186
8465	NA	4.7282367
8466	NA	4.674942
8467	NA	4.7303944
8468	NA	4.726418
8472	NA	4.994247
8473	NA	4.7855477
8477	NA	4.765492
8478	NA	4.965926
8480	NA	4.847668
8485	NA	4.5712576
8487	NA	4.9183064
8488	NA	4.8894844
8491	NA	4.693863
8495	NA	4.731126
8496	NA	4.9127927
8497	NA	4.9808774
8498	NA	4.9134808
8499	NA	4.982111
8503	NA	4.955613
8508	NA	4.9861956
8509	NA	4.648175
8510	NA	4.6725526
8513	NA	4.6587224
8515	NA	4.9622126
8518	NA	4.869001
8519	NA	4.866026
8522	NA	4.889007
8523	NA	4.9718685
8526	NA	4.965136
8527	NA	4.614751
8531	NA	4.6092324
8533	NA	4.9173784
8534	NA	4.9653573
8535	NA	4.9686255
8539	NA	4.680891
8540	NA	4.7738857
8542	NA	4.9483433
8544	NA	4.982848
8545	NA	4.7610435
8546	NA	4.7336802
8547	NA	4.661335
8549	NA	4.730923
8550	NA	4.9808364
8552	NA	4.961308
8553	NA	4.935468
8554	NA	4.855921
8556	NA	4.8532233
8557	NA	4.84572
8559	NA	4.978649
8560	NA	4.9674125
8565	NA	4.80592
8568	NA	4.7435865
8570	NA	4.9772296
8573	NA	4.814807
8575	NA	4.773045
8577	NA	4.89385
8579	NA	4.9829783
8580	NA	4.9643664
8583	NA	4.748279
8585	NA	4.779091
8587	NA	4.964977
8591	NA	4.7005987
8592	NA	4.744365
8595	NA	4.986084
8599	NA	4.666226
8602	NA	4.8374634
8603	NA	4.8219147
8604	NA	4.979008
8605	NA	4.956186
8612	NA	4.7397976
8615	NA	4.9708486
8616	NA	4.983643
8617	NA	4.8229284
8619	NA	4.7491245
8621	NA	4.7965884
8623	NA	4.7419395
8625	NA	4.8715973
8628	NA	4.636729
8634	NA	4.9637914
8638	NA	4.7382054
8640	NA	4.9641886
8641	NA	4.9913864
8642	NA	4.944729
8643	NA	4.9203753
8644	NA	4.965363
8648	NA	4.7135234
8650	NA	4.763863
8652	NA	4.9764094
8653	NA	4.935652
8654	NA	4.930843
8655	NA	4.8182464
8659	NA	4.831391
8661	NA	4.8814898
8662	NA	4.8998957
8666	NA	4.617253
8667	NA	4.4453964
8670	NA	4.9377284
8671	NA	4.96685
8672	NA	4.991664
8673	NA	4.790218
8677	NA	4.7771974
8681	NA	4.9890304
8682	NA	4.363131
8687	NA	4.944692
8688	NA	4.971939
8693	NA	4.694258
8694	NA	4.7101
8695	NA	4.7496805
8698	NA	4.981455
8701	NA	4.8767786
8703	NA	4.8605857
8704	NA	4.8907986
8706	NA	4.9880137
8707	NA	4.9649534
8710	NA	4.76918
8711	NA	4.7635055
8713	NA	4.7604175
8715	NA	4.9645615
8717	NA	4.9645553
8718	NA	4.6425242
8720	NA	4.572378
8721	NA	4.600732
8722	NA	4.5887933
8723	NA	4.9436846
8725	NA	4.8896465
8726	NA	4.9846406
8729	NA	4.8149323
8730	NA	4.8478293
8731	NA	4.8348475
8732	NA	4.9161205
8733	NA	4.967822
8734	NA	4.9658365
8735	NA	4.959808
8736	NA	4.866729
8737	NA	4.8667426
8740	NA	4.9243035
8744	NA	4.982708
8745	NA	4.806693
8747	NA	4.840834
8752	NA	4.913637
8754	NA	4.7175584
8755	NA	4.8039474
8758	NA	4.787791
8761	NA	4.9843116
8762	NA	4.9714737
8763	NA	4.6754527
8764	NA	4.612727
8765	NA	4.65872
8769	NA	4.967659
8770	NA	4.8391085
8771	NA	4.956886
8772	NA	4.5341835
8773	NA	4.616527
8774	NA	4.396667
8776	NA	4.5178227
8778	NA	4.991285
8780	NA	4.9387836
8782	NA	4.8464613
8785	NA	4.840883
8788	NA	4.978351
8789	NA	4.98859
8793	NA	4.6974764
8795	NA	4.9208126
8797	NA	4.9505677
8798	NA	4.904033
8799	NA	4.8363523
8802	NA	4.796557
8803	NA	4.820228
8804	NA	4.874292
8807	NA	4.9813204
8808	NA	4.578255
8809	NA	4.7430696
8810	NA	4.812528
8811	NA	4.74349
8812	NA	4.7465224
8817	NA	4.9647937
8818	NA	4.8108883
8819	NA	4.853204
8820	NA	4.8249025
8821	NA	4.9190025
8824	NA	4.981529
8825	NA	4.99297
8826	NA	4.6843104
8827	NA	4.633736
8828	NA	4.63314
8829	NA	4.637377
8831	NA	4.941537
8833	NA	4.9710474
8835	NA	4.784306
8837	NA	4.809079
8839	NA	4.7971516
8840	NA	4.956657
8843	NA	4.990061
8845	NA	4.657506
8847	NA	4.7032638
8849	NA	4.9609323
8850	NA	4.9782486
8851	NA	4.9720573
8853	NA	4.9065905
8857	NA	4.9002748
8860	NA	4.9898143
8861	NA	4.9956365
8863	NA	4.883122
8864	NA	4.866194
8865	NA	4.8786144
8866	NA	4.8794565
8868	NA	4.853676
8870	NA	4.9750447
8871	NA	4.7705364
8872	NA	4.7066436
8874	NA	4.6947308
8877	NA	4.953134
8880	NA	4.6286073
8881	NA	4.6093006
8882	NA	4.55676
8883	NA	4.627776
8884	NA	4.656365
8885	NA	4.993447
8886	NA	4.9958973
8887	NA	4.8921566
8889	NA	4.7407517
8890	NA	4.717122
8891	NA	4.720097
8893	NA	4.715273
8895	NA	4.939786
8896	NA	4.9158564
8897	NA	4.953282
8898	NA	4.3540564
8899	NA	4.3243546
8900	NA	4.0446115
8904	NA	4.9844694
8905	NA	4.982117
8906	NA	4.966994
8909	NA	4.7278957
8910	NA	4.773657
8911	NA	4.78566
8912	NA	4.8644905
8919	NA	4.8026915
8920	NA	4.7764964
8921	NA	4.837364
8922	NA	4.9553394
8923	NA	4.9258866
8925	NA	4.690131
8927	NA	4.697953
8928	NA	4.7181797
8929	NA	4.7595696
8930	NA	4.986545
8931	NA	4.98474
8933	NA	4.990279
8935	NA	4.8369517
8939	NA	4.913351
8940	NA	4.9381647
8946	NA	4.653759
8947	NA	4.6694617
8950	NA	4.9532824
8951	NA	4.9564166
8953	NA	4.921001
8954	NA	4.902689
8960	NA	4.9315596
8962	NA	4.6756287
8968	NA	5.0
8969	NA	4.9883714
8970	NA	4.884513
8971	NA	4.880187
8974	NA	4.884513
8975	NA	4.9582314
8979	NA	4.6693287
8981	NA	4.541012
8984	NA	4.968129
8985	NA	4.9589763
8989	NA	4.8599095
8990	NA	4.865655
8991	NA	4.8150406
8993	NA	4.9707837
8995	NA	4.974609
8997	NA	4.9770484
9002	NA	4.814428
9003	NA	4.8393354
9004	NA	4.925642
9007	NA	4.9871087
9008	NA	4.8742304
9009	NA	4.8708596
9010	NA	4.888023
9012	NA	4.899382
9013	NA	4.9685206
9016	NA	4.942472
9018	NA	4.79714
9020	NA	4.7708097
9022	NA	4.944412
9023	NA	4.799894
9025	NA	4.988005
9026	NA	4.4771113
9027	NA	4.479365
9032	NA	4.9444947
9034	NA	4.978958
9042	NA	4.961653
9043	NA	4.987539
9047	NA	4.8626614
9048	NA	4.883221
9049	NA	4.978381
9052	NA	4.980104
9055	NA	4.805924
9057	NA	4.775666
9059	NA	4.932957
9060	NA	4.820049
9061	NA	4.9724197
9062	NA	4.763518
9063	NA	4.7513676
9064	NA	4.7828774
9065	NA	4.649578
9072	NA	4.564847
9076	NA	4.859368
9079	NA	4.9783278
9081	NA	4.6845365
9082	NA	4.7140775
9084	NA	4.716122
9087	NA	4.9426646
9088	NA	4.9512134
9089	NA	4.5008936
9091	NA	4.5664196
9092	NA	4.5736585
9100	NA	4.773039
9104	NA	4.9863877
9105	NA	4.939718
9107	NA	4.750136
9111	NA	4.787766
9112	NA	4.8638787
9114	NA	4.962625
9115	NA	4.9652224
9116	NA	4.7159414
9118	NA	4.850427
9119	NA	4.747831
9120	NA	4.7287745
9121	NA	4.9797854
9122	NA	4.9845333
9123	NA	4.976862
9124	NA	4.9398866
9128	NA	4.56539
9130	NA	4.9546585
9135	NA	4.916679
9138	NA	4.9323115
9143	NA	4.837428
9144	NA	4.8797836
9145	NA	4.8503246
9149	NA	4.966354
9151	NA	4.996235
9152	NA	4.7255707
9154	NA	4.780345
9157	NA	4.95383
9158	NA	4.947612
9162	NA	4.812979
9163	NA	4.7299767
9164	NA	4.811447
9165	NA	4.809629
9166	NA	4.9575458
9168	NA	4.9769797
9170	NA	4.9375877
9173	NA	4.921434
9174	NA	4.9363675
9175	NA	4.7776065
9176	NA	4.818231
9178	NA	4.9198895
9179	NA	4.5780168
9180	NA	4.619832
9182	NA	4.436068
9190	NA	4.689463
9191	NA	4.6451764
9195	NA	4.9622297
9197	NA	4.7857585
9199	NA	4.77894
9201	NA	4.7809157
9202	NA	4.8746624
9203	NA	4.984111
9204	NA	4.948961
9205	NA	4.980355
9207	NA	4.7266064
9209	NA	4.7185593
9210	NA	4.7241087
9214	NA	4.9588556
9216	NA	4.478446
9217	NA	4.452566
9218	NA	4.4185395
9219	NA	4.4922705
9220	NA	4.952995
9221	NA	4.9879136
9225	NA	4.531363
9226	NA	4.5236154
9227	NA	4.5298743
9228	NA	4.532755
9229	NA	4.915354
9231	NA	4.977462
9232	NA	4.988309
9234	NA	4.916968
9237	NA	4.9284153
9243	NA	4.743961
9244	NA	4.745268
9245	NA	4.7487116
9246	NA	4.7557864
9248	NA	4.9626226
9251	NA	4.420809
9252	NA	4.409078
9253	NA	4.409055
9256	NA	4.9843254
9257	NA	4.988361
9258	NA	4.973725
9260	NA	4.8051977
9261	NA	4.756855
9263	NA	4.7943025
9265	NA	4.983586
9266	NA	4.986522
9267	NA	4.6839094
9268	NA	4.9895325
9270	NA	4.716286
9271	NA	4.651887
9276	NA	4.942745
9277	NA	4.9792104
9278	NA	4.7346997
9279	NA	4.794504
9282	NA	4.791855
9283	NA	4.97059
9286	NA	4.9844775
9289	NA	4.792042
9290	NA	4.7917433
9291	NA	4.8182516
9294	NA	4.9652734
9296	NA	4.7544518
9298	NA	4.70625
9301	NA	4.9835987
9302	NA	4.9735627
9304	NA	4.9048977
9306	NA	4.4440713
9310	NA	4.934562
9311	NA	4.8910694
9312	NA	4.891347
9316	NA	4.5118117
9317	NA	4.3768954
9318	NA	4.4459586
9320	NA	4.938834
9321	NA	4.954059
9322	NA	4.9785147
9324	NA	4.7379303
9325	NA	4.7346683
9331	NA	4.9962606
9332	NA	4.9922814
9333	NA	4.9962926
9334	NA	4.898398
9339	NA	4.985851
9340	NA	4.9810815
9341	NA	4.949504
9345	NA	4.7257547
9346	NA	4.7195487
9347	NA	4.7253027
9348	NA	4.952441
9352	NA	4.5537505
9353	NA	4.50984
9355	NA	4.5505757
9357	NA	4.947377
9358	NA	4.977552
9360	NA	4.934155
9363	NA	4.5547447
9364	NA	4.6494703
9365	NA	4.6669197
9366	NA	4.986063
9372	NA	4.8039045
9376	NA	4.8626204
9378	NA	4.988652
9379	NA	4.44909
9381	NA	4.4744854
9382	NA	4.430168
9383	NA	4.463149
9384	NA	4.887386
9390	NA	4.332221
9392	NA	4.360091
9396	NA	4.9541845
9397	NA	4.819439
9398	NA	4.838143
9399	NA	4.816307
9403	NA	4.8426604
9404	NA	4.941218
9405	NA	4.9759884
9406	NA	4.644554
9409	NA	4.607221
9410	NA	4.5700493
9411	NA	4.95158
9415	NA	4.7495937
9416	NA	4.769827
9417	NA	4.8093143
9418	NA	4.730145
9419	NA	4.7653203
9420	NA	4.9809856
9421	NA	4.996527
9422	NA	4.9559336
9428	NA	4.8457427
9429	NA	4.929573
9432	NA	4.9490814
9440	NA	4.9905887
9441	NA	4.9854937
9443	NA	4.796059
9446	NA	4.822875
9450	NA	4.975899
9454	NA	4.6713057
9458	NA	4.91766
9459	NA	4.9693174
9460	NA	4.9734917
9463	NA	4.6830654
9464	NA	4.684025
9466	NA	4.6873493
9468	NA	4.989514
9470	NA	4.878436
9472	NA	4.5607886
9474	NA	4.3580036
9476	NA	4.9668074
9477	NA	4.9613233
9478	NA	4.3277726
9479	NA	4.917184
9480	NA	4.238435
9481	NA	4.740537
9483	NA	4.8131094
9484	NA	4.8121295
9485	NA	4.962824
9486	NA	4.8566513
9487	NA	4.868987
9491	NA	4.6986113
9494	NA	4.9424043
9498	NA	4.6490073
9501	NA	4.6372056
9503	NA	4.981081
9505	NA	4.8272166
9507	NA	4.6636643
9508	NA	4.599943
9509	NA	4.6072564
9511	NA	4.623497
9513	NA	4.977016
9514	NA	4.950131
9518	NA	4.7421083
9519	NA	4.7805977
9520	NA	4.7868114
9521	NA	4.8603992
9522	NA	4.877792
9523	NA	4.8314667
9527	NA	4.693586
9528	NA	4.70314
9533	NA	4.9329457
9534	NA	4.7226033
9536	NA	4.570239
9539	NA	4.9529667
9543	NA	4.704555
9546	NA	4.739997
9547	NA	4.708829
9548	NA	4.8160768
9550	NA	4.964811
9552	NA	4.8912296
9553	NA	4.848516
9559	NA	4.953331
9560	NA	4.948515
9564	NA	4.79956
9566	NA	4.9174743
9568	NA	4.974801
9573	NA	4.7043996
9575	NA	4.93197
9582	NA	4.7411947
9585	NA	4.908421
9586	NA	4.9404993
9587	NA	4.9704795
9588	NA	4.881173
9589	NA	4.452182
9590	NA	4.5650845
9595	NA	4.5413947
9596	NA	4.917879
9597	NA	4.8937235
9598	NA	4.9844627
9601	NA	4.720804
9603	NA	4.484087
9606	NA	4.9770465
9608	NA	4.782257
9611	NA	4.7538238
9612	NA	4.7639112
9613	NA	4.975526
9614	NA	4.9759693
9618	NA	4.5594845
9619	NA	4.583058
9620	NA	4.616387
9621	NA	4.5979557
9622	NA	4.9867077
9625	NA	4.986132
9626	NA	4.771392
9628	NA	4.7810316
9629	NA	4.7689404
9630	NA	4.780851
9633	NA	4.9815392
9634	NA	4.983286
9637	NA	4.922486
9640	NA	4.9295144
9642	NA	4.944845
9647	NA	4.6227775
9648	NA	4.6095667
9649	NA	4.613126
9652	NA	4.9805965
9654	NA	4.954111
9655	NA	4.7689614
9658	NA	4.8052297
9660	NA	4.944812
9661	NA	4.9832535
9663	NA	4.9651036
9664	NA	4.9297194
9670	NA	4.994867
9671	NA	4.968992
9672	NA	4.99458
9673	NA	4.669517
9674	NA	4.6881075
9679	NA	4.989322
9681	NA	4.9876833
9682	NA	4.6775365
9683	NA	4.638037
9685	NA	4.6427665
9686	NA	4.6448717
9688	NA	4.896941
9690	NA	4.928623
9693	NA	4.786868
9696	NA	4.9414196
9705	NA	4.9729924
9707	NA	4.989637
9711	NA	4.883669
9712	NA	4.8491707
9714	NA	4.9811134
9716	NA	4.8299274
9724	NA	4.9660363
9725	NA	4.9693317
9727	NA	4.6779847
9728	NA	4.618383
9729	NA	4.671095
9732	NA	4.935897
9734	NA	4.986849
9735	NA	4.9899096
9737	NA	4.7533116
9739	NA	4.7455997
9740	NA	4.7651687
9741	NA	4.9746714
9742	NA	4.9880896
9743	NA	4.989229
9750	NA	4.980385
9751	NA	4.993779
9754	NA	4.752637
9755	NA	4.754635
9756	NA	4.7763844
9761	NA	4.5123415
9762	NA	4.4244347
9767	NA	4.6165714
9768	NA	4.511655
9772	NA	4.2138224
9775	NA	4.7789674
9777	NA	4.3687778
9779	NA	3.8761566
9781	NA	4.806888
9782	NA	3.497913
9783	NA	4.4191723
9785	NA	4.263891
9787	NA	4.147163
9790	NA	4.517849
9791	NA	4.475329
9792	NA	4.628593
9793	NA	4.4328065
9794	NA	4.418731
9796	NA	4.3874354
9797	NA	4.53787
9798	NA	4.710187
9802	NA	4.6176906
9804	NA	4.4045124
9807	NA	4.3428783
9808	NA	4.387564
9809	NA	4.472213
9810	NA	4.374415
9812	NA	3.9337635
9813	NA	4.668283
9818	NA	4.473182
9819	NA	4.50181
9823	NA	4.1643977
9824	NA	4.161541
9826	NA	4.1739416
9828	NA	4.639513
9830	NA	4.622882
9831	NA	4.2455254
9832	NA	4.350987
9833	NA	4.503387
9834	NA	4.0381584
9835	NA	4.3321943
9837	NA	4.5229564
9842	NA	4.549449
9845	NA	3.5170727
9848	NA	4.153783
9849	NA	4.6154423
9850	NA	4.267646
9852	NA	4.560375
9854	NA	4.4486923
9855	NA	4.3302135
9857	NA	4.179023
9858	NA	4.6042495
9861	NA	4.4997077
9862	NA	4.271653
9865	NA	4.3172884
9866	NA	4.4944434
9867	NA	4.433446
9871	NA	4.0976024
9872	NA	4.3763165
9873	NA	4.0731134
9881	NA	4.556391
9883	NA	4.2987714
9887	NA	4.364192
9888	NA	4.3355355
9890	NA	4.540746
9891	NA	4.230779
9892	NA	4.4133115
9894	NA	4.397881
9896	NA	4.218597
9898	NA	4.0545673
9899	NA	4.1165075
9901	NA	4.6975675
9902	NA	4.403794
9906	NA	4.263792
9908	NA	4.6971536
9909	NA	4.3217273
9910	NA	4.250457
9913	NA	3.9576256
9917	NA	4.637295
9918	NA	4.279028
9920	NA	4.014701
9923	NA	4.6039243
9924	NA	4.597678
9925	NA	4.320841
9928	NA	4.248872
9929	NA	4.1500044
9930	NA	4.4230585
9932	NA	4.513603
9933	NA	4.2140303
9937	NA	4.111155
9941	NA	4.497953
9944	NA	3.9391897
9945	NA	4.168693
9946	NA	4.343945
9950	NA	4.402808
9952	NA	4.083198
9953	NA	4.566266
9954	NA	4.456727
9956	NA	4.161396
9957	NA	3.9645813
9958	NA	4.4025054
9959	NA	4.448977
9961	NA	4.4614363
9962	NA	4.377462
9964	NA	4.3143816
9965	NA	4.3024497
9966	NA	4.120365
9969	NA	4.437424
9970	NA	4.472201
9971	NA	4.451209
9972	NA	4.205739
9977	NA	4.1738777
9978	NA	4.1135554
9979	NA	4.2846
9986	NA	4.3300476
9987	NA	4.5316396
9989	NA	4.466601
9990	NA	4.4886093
9991	NA	4.553447
9992	NA	4.2522254
9994	NA	4.136665
9995	NA	4.263759
9996	NA	4.0623083
