pair_ID	entailment_judgment	relatedness_score
6	NA	3.8929973
7	NA	4.073292
8	NA	4.0030317
10	NA	4.9386864
11	NA	4.945223
13	NA	4.0336514
15	NA	3.5756073
16	NA	3.1992998
17	NA	3.1885564
19	NA	4.9176574
20	NA	4.7443924
21	NA	4.966095
22	NA	4.850937
23	NA	4.7747717
27	NA	3.858466
29	NA	4.16782
31	NA	4.6455946
32	NA	4.8134327
33	NA	4.8148484
34	NA	4.566478
36	NA	3.7972853
37	NA	4.3647795
38	NA	4.2923064
39	NA	4.3942146
41	NA	4.729564
43	NA	4.9544168
46	NA	4.1866612
48	NA	3.6250033
50	NA	4.129063
51	NA	4.1341195
52	NA	4.8625093
53	NA	4.790106
54	NA	4.731717
57	NA	3.9926033
59	NA	4.0980964
60	NA	4.0010047
61	NA	3.685158
63	NA	4.8515754
64	NA	4.5120416
66	NA	4.6827
67	NA	4.7431617
68	NA	4.6037207
69	NA	4.5653358
71	NA	4.6069875
74	NA	4.8463664
75	NA	4.940202
76	NA	4.7980614
80	NA	3.5818307
86	NA	3.7217999
89	NA	4.873098
92	NA	3.7763207
95	NA	3.9394255
96	NA	3.49898
101	NA	4.9216104
102	NA	4.518934
103	NA	4.120805
104	NA	4.17704
106	NA	4.167664
108	NA	4.6183834
109	NA	4.1116157
110	NA	4.806484
111	NA	4.7250185
114	NA	3.344256
115	NA	3.11552
118	NA	4.7838755
121	NA	4.945393
123	NA	4.0894437
125	NA	4.179812
128	NA	4.151433
132	NA	4.7577443
134	NA	4.5897717
135	NA	4.0066094
137	NA	3.987822
138	NA	4.0219054
142	NA	4.667825
143	NA	4.4358273
144	NA	3.8961341
145	NA	2.9785004
147	NA	3.5833642
149	NA	4.8389935
151	NA	4.764035
152	NA	4.3013544
153	NA	4.671686
154	NA	4.25511
155	NA	4.686038
156	NA	4.6502447
157	NA	4.896657
158	NA	4.962004
160	NA	4.682258
162	NA	4.4258623
165	NA	4.5353303
166	NA	4.5174026
167	NA	4.7585344
168	NA	4.642353
169	NA	4.938138
171	NA	4.9254594
172	NA	4.57709
174	NA	4.514239
175	NA	4.557674
177	NA	4.497131
178	NA	4.81931
179	NA	4.552242
180	NA	4.9352164
181	NA	4.775962
182	NA	4.8080416
187	NA	3.9113414
189	NA	3.897086
190	NA	3.9694006
191	NA	4.7232895
193	NA	4.884369
195	NA	4.5118794
196	NA	4.439759
198	NA	4.220959
199	NA	4.4490204
203	NA	4.732804
204	NA	4.30269
206	NA	4.390752
207	NA	4.3164487
208	NA	4.463191
209	NA	4.8363304
210	NA	4.423118
212	NA	4.6343293
213	NA	3.7260804
214	NA	3.8872516
220	NA	4.595967
221	NA	4.865804
222	NA	5.0
229	NA	4.8703885
230	NA	4.260106
231	NA	4.8706603
235	NA	3.64368
239	NA	3.7054472
242	NA	4.736708
243	NA	4.8328047
244	NA	4.79878
245	NA	4.9156537
246	NA	4.398079
247	NA	4.4966125
250	NA	4.5319514
251	NA	4.347278
252	NA	4.503225
255	NA	4.937357
261	NA	4.3320427
262	NA	4.756434
263	NA	4.7830515
264	NA	4.7903786
267	NA	4.190518
268	NA	4.097205
270	NA	3.9126492
271	NA	4.418099
274	NA	4.8906584
275	NA	4.5572143
278	NA	4.159687
281	NA	3.855674
282	NA	4.832053
284	NA	4.5158525
288	NA	4.1244283
290	NA	4.1627035
292	NA	4.386059
294	NA	4.8142433
295	NA	4.038003
297	NA	4.0187626
298	NA	4.0101333
299	NA	4.068085
300	NA	4.8334527
306	NA	3.8835757
307	NA	3.9126198
308	NA	3.905499
314	NA	4.8951626
316	NA	4.188074
318	NA	4.2935333
319	NA	4.286951
320	NA	4.2068305
321	NA	4.2388864
322	NA	4.949067
324	NA	4.428883
325	NA	4.0317473
326	NA	4.033251
328	NA	3.5830019
330	NA	3.5784557
334	NA	4.913511
336	NA	4.2829833
337	NA	3.9934585
343	NA	4.697123
345	NA	4.196919
348	NA	4.2111983
349	NA	4.3756695
350	NA	4.4207845
352	NA	4.7683773
353	NA	4.908038
355	NA	4.3427005
356	NA	4.038204
357	NA	4.392951
359	NA	3.9367626
364	NA	4.7486987
365	NA	4.8703947
368	NA	4.5574193
369	NA	4.560523
371	NA	4.8759866
376	NA	4.3334165
383	NA	4.6793756
385	NA	4.835001
386	NA	4.474085
388	NA	4.661855
389	NA	4.625498
399	NA	4.318631
400	NA	4.3956833
401	NA	4.391649
405	NA	4.7364054
406	NA	3.1811094
407	NA	3.237446
408	NA	3.712068
411	NA	4.855303
412	NA	4.4690504
414	NA	4.734424
416	NA	4.3459277
418	NA	4.3570538
419	NA	4.5904446
420	NA	4.4653645
421	NA	4.4568553
424	NA	4.6184497
425	NA	4.420067
426	NA	4.887159
429	NA	4.7053113
430	NA	4.4921827
431	NA	4.6293073
432	NA	4.648503
433	NA	4.708478
437	NA	3.8876872
443	NA	4.5985665
444	NA	4.8163347
445	NA	4.3209715
448	NA	4.433974
452	NA	4.365097
453	NA	4.7744365
455	NA	4.300272
456	NA	4.366669
458	NA	3.8856628
459	NA	4.139701
460	NA	4.2292447
463	NA	4.650024
464	NA	4.7831097
466	NA	4.735478
467	NA	4.249577
468	NA	4.060715
469	NA	4.778682
471	NA	4.36715
472	NA	4.2618484
474	NA	4.609879
478	NA	3.9359283
479	NA	3.886401
480	NA	3.8565981
481	NA	4.098995
482	NA	4.940463
483	NA	4.2232594
487	NA	4.6545258
488	NA	4.487353
490	NA	4.5756874
492	NA	4.7345057
493	NA	4.6359816
495	NA	4.593306
498	NA	4.287482
501	NA	4.1039057
502	NA	4.774707
503	NA	4.7721224
504	NA	4.5253353
509	NA	4.141986
510	NA	4.0287213
511	NA	3.9666915
512	NA	4.156242
517	NA	4.5511866
518	NA	4.9443736
519	NA	4.9421883
521	NA	4.2972136
523	NA	4.1297917
525	NA	3.933681
532	NA	4.792675
533	NA	4.665988
534	NA	4.5030355
536	NA	4.2621155
537	NA	4.4993634
539	NA	4.5062785
540	NA	4.5431294
543	NA	4.747964
544	NA	4.859356
546	NA	4.843461
547	NA	4.1385846
549	NA	4.05991
553	NA	4.2885203
554	NA	4.8795176
558	NA	4.9369006
559	NA	4.845125
562	NA	4.1044917
563	NA	4.12367
566	NA	4.0796847
567	NA	4.906136
569	NA	4.7808957
571	NA	4.630861
572	NA	4.8458247
573	NA	4.4733953
574	NA	4.3023467
575	NA	4.5703917
576	NA	4.5030513
577	NA	4.6416554
578	NA	4.4881454
579	NA	4.630017
580	NA	4.9310575
582	NA	4.9270663
583	NA	4.6984434
584	NA	4.8886075
585	NA	4.4814715
589	NA	4.6657214
590	NA	4.711059
591	NA	4.8902884
593	NA	4.803292
594	NA	4.8124857
595	NA	4.3781166
596	NA	4.1359353
598	NA	4.202313
600	NA	4.958135
602	NA	4.4278674
607	NA	4.1698947
608	NA	4.2067957
610	NA	3.914489
612	NA	4.2815566
613	NA	4.9652615
614	NA	4.8299274
615	NA	4.790775
616	NA	4.4631195
618	NA	4.3265634
620	NA	3.708428
623	NA	4.0409765
624	NA	4.090845
627	NA	4.6705565
633	NA	4.2177577
635	NA	4.3001432
636	NA	4.2050786
639	NA	4.961376
640	NA	4.6650906
642	NA	4.829052
644	NA	4.002594
652	NA	4.8801694
654	NA	4.4307723
656	NA	4.8229957
658	NA	4.32254
659	NA	4.30186
662	NA	4.321879
664	NA	4.38991
665	NA	4.893424
666	NA	4.645076
667	NA	4.8141637
669	NA	4.6539984
670	NA	4.2040796
673	NA	4.1241155
674	NA	4.069161
675	NA	3.9113593
677	NA	4.899722
681	NA	4.76966
682	NA	4.292609
683	NA	4.3294506
684	NA	4.0226693
686	NA	4.276649
688	NA	4.312522
694	NA	4.6040244
695	NA	4.427803
700	NA	4.436579
701	NA	4.461358
705	NA	4.2886086
706	NA	4.1384287
707	NA	4.1537867
708	NA	3.5611413
710	NA	3.847065
711	NA	3.8482914
712	NA	3.9984536
713	NA	4.8610206
714	NA	4.438939
716	NA	4.827742
719	NA	3.4522812
720	NA	3.4510493
721	NA	3.0557175
724	NA	3.6111465
726	NA	4.8110585
739	NA	4.923984
740	NA	4.286142
742	NA	4.714647
743	NA	3.921281
744	NA	3.7020097
750	NA	4.3951144
751	NA	4.1008697
753	NA	4.866773
755	NA	4.367312
756	NA	4.2424498
758	NA	4.5360456
763	NA	4.623253
767	NA	4.119741
770	NA	4.0405526
771	NA	4.199783
773	NA	4.8946247
775	NA	4.830591
776	NA	3.9583457
778	NA	3.9191558
779	NA	4.127026
781	NA	4.7645564
782	NA	4.720566
786	NA	4.4964213
787	NA	3.9639673
788	NA	3.8642287
790	NA	3.9654999
794	NA	4.9204717
795	NA	4.865995
798	NA	4.5493145
800	NA	3.6614842
801	NA	4.3255725
803	NA	4.081289
805	NA	4.6328206
806	NA	4.9026184
807	NA	4.548015
808	NA	4.7095585
809	NA	4.566092
810	NA	4.0287714
814	NA	3.8705447
815	NA	3.9806066
817	NA	4.8769865
818	NA	4.8321776
819	NA	4.7030106
821	NA	3.7132785
823	NA	3.501852
826	NA	3.5029302
828	NA	4.89189
829	NA	4.8066664
832	NA	4.712768
833	NA	4.0513244
834	NA	4.080886
835	NA	4.1186213
837	NA	4.227076
838	NA	4.2950373
840	NA	4.6307726
842	NA	4.7155128
843	NA	4.8749614
847	NA	4.342441
849	NA	4.3654003
850	NA	4.3662567
853	NA	4.7513156
854	NA	4.1905804
856	NA	4.954332
861	NA	3.8535576
863	NA	4.397754
865	NA	4.6332192
871	NA	4.130986
875	NA	4.50688
877	NA	4.818889
884	NA	3.5004535
885	NA	3.934952
886	NA	3.8304262
890	NA	4.6700196
891	NA	4.1119976
894	NA	4.493189
896	NA	4.1806073
897	NA	3.8612492
900	NA	4.8298445
901	NA	4.828354
903	NA	4.7079954
905	NA	4.346476
907	NA	4.329651
911	NA	4.3755546
912	NA	4.92349
914	NA	4.805004
916	NA	4.655126
918	NA	3.2755952
919	NA	3.3888183
921	NA	3.4545562
923	NA	4.62453
924	NA	4.726376
925	NA	4.069839
926	NA	4.6523724
928	NA	3.9887373
929	NA	4.174773
930	NA	4.651589
934	NA	4.927346
937	NA	4.9444966
938	NA	4.6790905
939	NA	4.545474
941	NA	4.1564026
942	NA	4.3133044
946	NA	4.1258097
951	NA	4.15946
952	NA	4.579913
954	NA	3.5598364
955	NA	4.2343707
958	NA	3.9798524
964	NA	4.713765
965	NA	4.802352
966	NA	4.1246095
968	NA	3.9171073
969	NA	4.1146007
971	NA	4.2743735
972	NA	4.0902767
974	NA	4.755581
976	NA	4.911712
977	NA	4.8949423
981	NA	3.3288825
982	NA	3.8580973
983	NA	3.655813
986	NA	4.9374504
990	NA	4.9801483
992	NA	4.352927
993	NA	4.248203
995	NA	4.2110267
997	NA	4.1492963
999	NA	4.9215713
1001	NA	4.9185853
1003	NA	4.06141
1005	NA	4.26749
1006	NA	4.234703
1011	NA	4.892389
1012	NA	4.013011
1013	NA	4.7347717
1014	NA	4.275738
1015	NA	4.0443788
1017	NA	4.211134
1020	NA	4.2559037
1023	NA	4.697073
1024	NA	4.770573
1025	NA	4.605057
1027	NA	4.087103
1030	NA	4.4331636
1032	NA	4.9477754
1034	NA	4.375146
1035	NA	4.8556676
1036	NA	4.7950864
1040	NA	3.9040017
1041	NA	3.609147
1042	NA	3.495505
1051	NA	4.0207076
1056	NA	4.001833
1058	NA	4.772101
1059	NA	4.8679605
1060	NA	4.8329344
1062	NA	4.8190064
1063	NA	4.747393
1066	NA	4.2853217
1067	NA	4.3812256
1070	NA	4.371822
1071	NA	4.9220123
1072	NA	4.3906765
1073	NA	4.9287014
1075	NA	4.795367
1077	NA	4.5334234
1078	NA	4.6422315
1079	NA	4.6593413
1081	NA	4.691097
1085	NA	4.974197
1086	NA	4.849976
1089	NA	4.54387
1098	NA	4.702382
1100	NA	3.2146494
1101	NA	3.1762345
1103	NA	3.3591425
1106	NA	4.9334188
1107	NA	4.8427224
1110	NA	4.6582584
1113	NA	3.3284357
1114	NA	3.429636
1116	NA	3.3285718
1121	NA	4.6262393
1123	NA	4.8054066
1124	NA	4.4662085
1126	NA	4.8794856
1127	NA	4.9131303
1130	NA	4.7088594
1131	NA	5.0
1132	NA	4.1291084
1134	NA	4.2888274
1136	NA	4.3497596
1138	NA	4.2888274
1139	NA	4.50163
1140	NA	4.3178577
1141	NA	4.8784657
1142	NA	4.657068
1143	NA	3.6550484
1144	NA	3.6727943
1146	NA	3.248226
1148	NA	4.630565
1150	NA	4.7976284
1151	NA	4.5066457
1152	NA	4.5636616
1156	NA	4.827784
1158	NA	4.7965627
1159	NA	4.8032765
1160	NA	4.8441358
1163	NA	4.4455943
1164	NA	4.4686165
1166	NA	4.7054543
1168	NA	4.7033157
1171	NA	4.360793
1172	NA	4.598844
1173	NA	4.4072843
1174	NA	4.872925
1176	NA	4.8235946
1181	NA	3.495048
1183	NA	3.350778
1185	NA	4.9041
1186	NA	4.797684
1187	NA	4.86176
1189	NA	4.6710367
1197	NA	4.601659
1198	NA	4.748447
1199	NA	4.250023
1201	NA	4.217474
1203	NA	4.2048683
1204	NA	4.3838778
1208	NA	4.833339
1209	NA	4.8898077
1210	NA	3.925336
1211	NA	3.894339
1216	NA	4.661327
1217	NA	4.6272388
1218	NA	4.5117364
1220	NA	3.8191814
1223	NA	4.039785
1224	NA	4.89382
1225	NA	4.5152907
1226	NA	4.7911167
1229	NA	4.0086613
1231	NA	4.101898
1233	NA	4.419073
1234	NA	4.680527
1235	NA	4.3891644
1238	NA	4.676182
1243	NA	4.542978
1245	NA	4.5162416
1247	NA	4.0649867
1250	NA	4.4379907
1252	NA	4.374813
1253	NA	4.724332
1254	NA	4.4923363
1256	NA	3.8033667
1257	NA	3.6604207
1258	NA	3.5320134
1260	NA	4.7874155
1261	NA	4.89978
1262	NA	4.6359363
1263	NA	3.906062
1264	NA	4.116474
1265	NA	3.6537135
1267	NA	3.4927707
1269	NA	4.1724806
1272	NA	4.8468533
1277	NA	3.7935479
1278	NA	4.2852845
1279	NA	4.301611
1281	NA	4.3664017
1285	NA	4.5214496
1286	NA	4.2146583
1288	NA	4.530164
1289	NA	4.8773108
1290	NA	4.806139
1295	NA	4.6562066
1296	NA	4.4938307
1298	NA	4.665323
1299	NA	4.0464983
1300	NA	4.4866195
1301	NA	4.7287602
1304	NA	4.5320377
1306	NA	3.8458705
1307	NA	4.43259
1309	NA	4.64647
1310	NA	4.6296425
1312	NA	4.669958
1313	NA	3.1069255
1314	NA	2.8714056
1315	NA	3.2023077
1316	NA	3.0608087
1320	NA	5.0
1322	NA	3.5270143
1323	NA	5.0
1324	NA	4.3278227
1325	NA	3.4387968
1327	NA	4.7141833
1330	NA	4.8032327
1331	NA	4.9119034
1332	NA	4.844249
1334	NA	4.7883444
1337	NA	4.5337863
1338	NA	4.366101
1339	NA	4.5706277
1340	NA	4.6101365
1343	NA	4.363464
1347	NA	4.4527655
1348	NA	4.7659717
1349	NA	4.686974
1351	NA	4.9035673
1353	NA	4.6314745
1356	NA	4.4697766
1357	NA	4.760106
1360	NA	4.5114293
1362	NA	4.323835
1363	NA	4.5320325
1364	NA	4.202341
1366	NA	4.325322
1367	NA	4.7517004
1369	NA	4.4592295
1370	NA	4.8601665
1374	NA	4.252273
1375	NA	4.62055
1377	NA	4.8886924
1382	NA	4.496878
1383	NA	4.5032077
1391	NA	3.3543725
1392	NA	3.419871
1393	NA	3.4002068
1394	NA	4.631739
1395	NA	4.6734753
1397	NA	4.218115
1398	NA	4.4468274
1401	NA	4.808086
1402	NA	4.6200533
1406	NA	4.793486
1411	NA	3.9334283
1413	NA	4.850138
1416	NA	4.691716
1418	NA	4.3442907
1420	NA	4.4464087
1422	NA	4.5408497
1423	NA	4.6807194
1424	NA	4.8500447
1425	NA	3.4793756
1426	NA	3.551754
1428	NA	3.6315413
1430	NA	4.6749096
1433	NA	4.498321
1436	NA	4.439545
1437	NA	4.6288958
1439	NA	4.5055327
1440	NA	4.1980505
1441	NA	4.367944
1442	NA	4.637451
1445	NA	3.869595
1447	NA	4.2831016
1449	NA	4.471241
1450	NA	4.9280944
1451	NA	4.685683
1452	NA	4.048129
1454	NA	4.1644473
1456	NA	4.041472
1457	NA	4.7396393
1459	NA	4.055945
1460	NA	4.4484024
1462	NA	3.3988094
1465	NA	3.512395
1468	NA	4.9047074
1471	NA	3.5170193
1472	NA	4.0837092
1475	NA	4.3369985
1477	NA	4.8780932
1478	NA	4.8867183
1485	NA	4.796495
1490	NA	4.155945
1491	NA	4.2350187
1492	NA	4.162087
1496	NA	4.5143533
1497	NA	4.6377387
1500	NA	4.3404994
1502	NA	4.497072
1507	NA	4.1748166
1508	NA	4.259558
1510	NA	3.871082
1512	NA	3.596792
1515	NA	2.9678555
1516	NA	3.3002675
1518	NA	2.76493
1520	NA	4.4764986
1522	NA	4.7346992
1526	NA	4.0531526
1528	NA	4.3284783
1529	NA	4.551817
1530	NA	4.5977154
1533	NA	3.3146093
1537	NA	3.278897
1539	NA	4.4915695
1540	NA	4.5247264
1542	NA	3.9934938
1543	NA	3.794192
1544	NA	4.296
1546	NA	4.3190947
1548	NA	3.7755775
1554	NA	3.1795955
1555	NA	4.276457
1556	NA	4.669857
1560	NA	4.465668
1561	NA	4.5401597
1562	NA	4.1454825
1564	NA	4.537256
1567	NA	4.842946
1568	NA	4.7642884
1569	NA	4.8727098
1571	NA	4.3094954
1572	NA	4.422751
1577	NA	4.5687575
1578	NA	4.6184344
1579	NA	4.7121544
1581	NA	4.5431857
1583	NA	3.8088892
1589	NA	4.825618
1590	NA	4.6488338
1593	NA	4.258963
1594	NA	3.9387076
1596	NA	4.9654593
1597	NA	3.9985743
1598	NA	4.460571
1600	NA	4.1334047
1602	NA	3.5402715
1603	NA	3.7226672
1605	NA	4.152146
1611	NA	4.858014
1613	NA	4.17433
1616	NA	3.9972677
1617	NA	4.3712173
1619	NA	4.8862247
1620	NA	4.8876557
1622	NA	4.092137
1623	NA	3.8687065
1624	NA	4.021475
1630	NA	4.7165923
1633	NA	4.1350465
1634	NA	3.9612336
1636	NA	4.460419
1637	NA	4.142868
1638	NA	4.0811853
1642	NA	4.5633035
1644	NA	4.3643456
1645	NA	4.7343044
1654	NA	4.5342216
1656	NA	4.4738927
1658	NA	4.9202795
1662	NA	4.418074
1664	NA	4.8801637
1665	NA	3.9077299
1666	NA	4.2104034
1667	NA	4.939519
1672	NA	2.7128737
1674	NA	2.8763444
1678	NA	4.5273876
1679	NA	4.259956
1681	NA	4.7161074
1683	NA	4.7180867
1684	NA	4.672497
1685	NA	4.5046196
1686	NA	4.524134
1688	NA	4.165418
1689	NA	4.865754
1692	NA	4.2511945
1693	NA	4.726541
1695	NA	4.4395404
1696	NA	4.265232
1698	NA	4.1487327
1699	NA	4.45345
1701	NA	3.674023
1704	NA	4.701224
1709	NA	3.735678
1710	NA	3.855076
1713	NA	4.483356
1717	NA	4.3036475
1718	NA	4.3963957
1720	NA	4.25164
1722	NA	4.6335163
1725	NA	4.546834
1726	NA	4.780783
1727	NA	4.787035
1728	NA	4.168106
1730	NA	4.1018343
1731	NA	3.8947666
1732	NA	3.7823632
1734	NA	4.6239295
1735	NA	4.4094424
1737	NA	4.7188187
1738	NA	2.9934196
1739	NA	3.1435397
1740	NA	3.4422357
1742	NA	3.4711442
1743	NA	4.7582936
1744	NA	4.6389565
1745	NA	4.837948
1746	NA	4.5040126
1748	NA	4.318116
1749	NA	4.463049
1750	NA	4.3948236
1752	NA	4.4926705
1758	NA	4.5183024
1760	NA	4.3746095
1761	NA	4.485928
1762	NA	4.2560453
1763	NA	4.2485676
1764	NA	4.631176
1767	NA	4.521909
1768	NA	4.832534
1769	NA	4.7990875
1770	NA	4.590455
1774	NA	4.262618
1775	NA	3.7141051
1778	NA	4.935011
1779	NA	4.576412
1785	NA	4.6031156
1786	NA	4.4505067
1788	NA	4.4201436
1790	NA	4.570607
1793	NA	4.0868125
1794	NA	3.9435658
1795	NA	3.8558567
1796	NA	3.3884988
1797	NA	3.6068149
1799	NA	3.7679658
1800	NA	4.0419602
1801	NA	3.9288914
1802	NA	4.7903376
1803	NA	4.8026075
1804	NA	4.6450133
1805	NA	4.605771
1806	NA	4.265198
1810	NA	4.1693697
1813	NA	4.6930895
1816	NA	4.9156947
1817	NA	4.6790133
1819	NA	4.018677
1821	NA	3.539393
1824	NA	3.988764
1826	NA	4.9686584
1827	NA	4.5210757
1828	NA	4.8471646
1831	NA	4.839741
1833	NA	4.0514994
1834	NA	4.156159
1835	NA	4.172878
1836	NA	3.931188
1837	NA	4.1341887
1838	NA	4.19152
1843	NA	4.5448103
1845	NA	3.487961
1848	NA	3.5515385
1850	NA	4.9264464
1855	NA	4.352895
1856	NA	4.3020487
1857	NA	4.1076365
1858	NA	4.3717766
1859	NA	4.88043
1860	NA	4.4416094
1862	NA	4.8461843
1863	NA	4.2365694
1864	NA	3.587608
1865	NA	4.0578938
1867	NA	3.4325438
1868	NA	3.9540422
1870	NA	3.9350672
1871	NA	3.929054
1872	NA	4.6858993
1875	NA	4.68343
1880	NA	3.5458486
1883	NA	3.8354104
1885	NA	4.954047
1889	NA	4.4880514
1890	NA	4.41479
1891	NA	4.538464
1893	NA	3.9918435
1895	NA	4.176001
1896	NA	4.306084
1899	NA	4.636048
1901	NA	4.545465
1902	NA	4.5574875
1903	NA	2.8722312
1905	NA	3.2195168
1906	NA	3.1840181
1911	NA	4.05047
1913	NA	4.650492
1914	NA	4.5830083
1915	NA	3.893423
1916	NA	3.1898797
1917	NA	3.7292645
1920	NA	3.837232
1922	NA	4.783277
1923	NA	4.091558
1924	NA	4.5433097
1925	NA	4.8262835
1926	NA	4.845011
1928	NA	3.057181
1929	NA	2.9388094
1930	NA	3.2033343
1931	NA	2.887611
1932	NA	2.6007426
1933	NA	3.0922487
1937	NA	4.9172034
1938	NA	4.6567082
1941	NA	4.254951
1945	NA	4.8505635
1947	NA	4.6228747
1950	NA	4.12572
1951	NA	3.8101196
1953	NA	4.665498
1956	NA	4.7627397
1957	NA	4.6926455
1958	NA	2.9644246
1959	NA	2.7987103
1960	NA	2.8257263
1962	NA	3.0149865
1965	NA	4.632558
1966	NA	4.478547
1968	NA	4.759673
1971	NA	4.3567033
1973	NA	4.2570624
1976	NA	4.356249
1977	NA	4.914028
1979	NA	4.1598673
1980	NA	4.81632
1982	NA	3.5317845
1983	NA	3.650356
1985	NA	3.480288
1986	NA	3.5962226
1990	NA	4.6162524
1995	NA	4.345053
1997	NA	4.5119553
1998	NA	4.4914436
2002	NA	4.2627892
2003	NA	4.382614
2010	NA	4.5962973
2013	NA	4.1204205
2017	NA	4.9563527
2021	NA	3.8397238
2022	NA	3.608191
2026	NA	4.0492887
2028	NA	4.633524
2031	NA	4.688673
2032	NA	4.6327395
2033	NA	4.325668
2034	NA	3.8684537
2036	NA	4.183265
2039	NA	4.2722893
2042	NA	4.551476
2043	NA	4.928602
2044	NA	4.5495706
2046	NA	3.9183438
2048	NA	3.7545211
2050	NA	3.3021278
2053	NA	4.8313704
2054	NA	4.574716
2057	NA	4.576628
2060	NA	4.55476
2062	NA	4.3345804
2063	NA	4.3505054
2065	NA	4.929783
2069	NA	4.4860773
2071	NA	4.8164797
2074	NA	4.6188407
2077	NA	4.531034
2083	NA	4.268337
2085	NA	4.474442
2093	NA	4.5510616
2095	NA	3.3776731
2099	NA	3.9206936
2101	NA	4.4137616
2106	NA	4.64818
2108	NA	4.0328116
2110	NA	3.7620072
2111	NA	3.6820824
2114	NA	4.373415
2116	NA	4.4113874
2120	NA	4.1672883
2126	NA	4.112936
2127	NA	4.8264847
2128	NA	4.570931
2129	NA	4.7792716
2131	NA	4.4466085
2133	NA	4.4876175
2134	NA	4.315517
2135	NA	4.6715746
2137	NA	4.542978
2138	NA	4.478627
2140	NA	4.7966366
2142	NA	3.8513875
2143	NA	3.8615115
2147	NA	4.059599
2149	NA	4.8080807
2151	NA	4.7223153
2152	NA	4.9095364
2154	NA	4.7040133
2155	NA	4.292121
2156	NA	3.8604007
2158	NA	4.342753
2159	NA	4.3092766
2160	NA	4.299354
2161	NA	4.2952013
2168	NA	4.8898525
2169	NA	4.63985
2173	NA	4.68086
2174	NA	4.928527
2177	NA	4.580403
2178	NA	4.539938
2182	NA	4.816338
2185	NA	4.800455
2186	NA	4.5859013
2187	NA	4.4720836
2189	NA	4.196587
2190	NA	4.4871664
2191	NA	4.968699
2193	NA	4.694167
2194	NA	4.957142
2197	NA	4.290097
2200	NA	4.3049316
2201	NA	4.3069997
2204	NA	4.8318315
2206	NA	4.8475585
2209	NA	4.2626114
2211	NA	4.480333
2214	NA	4.3919363
2216	NA	4.464227
2219	NA	4.879741
2220	NA	4.262041
2223	NA	4.152488
2224	NA	4.3058543
2225	NA	4.2929482
2227	NA	4.585275
2230	NA	4.7878604
2237	NA	4.855292
2241	NA	3.9506302
2244	NA	4.2378955
2245	NA	4.2648764
2246	NA	4.9378743
2248	NA	4.4062505
2249	NA	4.4504147
2254	NA	4.5888324
2255	NA	4.640747
2256	NA	4.3535953
2257	NA	4.738137
2258	NA	4.706588
2262	NA	4.1028733
2265	NA	4.7099624
2267	NA	4.910013
2268	NA	4.490307
2269	NA	4.5160255
2270	NA	4.5942774
2271	NA	4.321331
2273	NA	4.583919
2276	NA	4.9581175
2278	NA	4.518481
2279	NA	4.3365593
2280	NA	4.591321
2283	NA	4.5754147
2285	NA	4.72636
2290	NA	4.9316473
2292	NA	4.550149
2293	NA	4.7641306
2294	NA	4.4971743
2295	NA	4.7111773
2296	NA	4.158994
2298	NA	4.320746
2300	NA	4.764103
2301	NA	4.51875
2306	NA	4.3149695
2312	NA	4.6834507
2313	NA	4.91779
2320	NA	4.209233
2321	NA	4.5081863
2323	NA	4.736743
2324	NA	4.6395264
2325	NA	4.8786426
2326	NA	4.4825015
2328	NA	4.8786426
2331	NA	4.8807015
2335	NA	4.7054543
2336	NA	4.4914474
2337	NA	4.8900185
2342	NA	3.8930562
2343	NA	4.204986
2345	NA	4.1336436
2346	NA	4.962573
2347	NA	4.897126
2349	NA	4.923666
2353	NA	4.4484673
2354	NA	4.440257
2355	NA	4.3730206
2356	NA	4.4011636
2357	NA	4.764735
2361	NA	4.633543
2367	NA	4.1554847
2370	NA	4.765173
2371	NA	4.7860546
2372	NA	4.7526093
2373	NA	4.404692
2376	NA	4.67191
2378	NA	4.3361034
2379	NA	4.8402476
2380	NA	4.6713557
2382	NA	4.49637
2384	NA	4.012719
2387	NA	4.7115326
2389	NA	4.6945167
2390	NA	4.829056
2393	NA	4.4907956
2394	NA	4.6154966
2395	NA	4.5177283
2396	NA	4.9048753
2398	NA	4.1039257
2399	NA	4.8518934
2403	NA	4.3997145
2406	NA	4.85652
2408	NA	4.8373036
2411	NA	3.8609805
2412	NA	3.897978
2416	NA	3.6927662
2417	NA	3.8185759
2418	NA	4.857085
2419	NA	4.868409
2420	NA	3.453308
2421	NA	3.6030252
2424	NA	4.5744605
2425	NA	3.6169932
2427	NA	4.4243007
2428	NA	4.8918867
2432	NA	3.768486
2433	NA	3.9458148
2434	NA	4.4239883
2435	NA	4.8396797
2437	NA	4.918012
2439	NA	4.681673
2442	NA	4.633205
2443	NA	3.1800807
2444	NA	4.7416687
2446	NA	4.410444
2448	NA	4.3208685
2449	NA	4.570643
2451	NA	4.838626
2452	NA	3.4019377
2453	NA	4.129076
2454	NA	4.0221753
2460	NA	4.42786
2461	NA	4.862632
2462	NA	4.6585336
2463	NA	4.7028294
2464	NA	4.395962
2468	NA	4.1836605
2469	NA	4.538228
2470	NA	4.8707223
2471	NA	4.230189
2473	NA	3.4871945
2475	NA	3.441254
2477	NA	4.719155
2478	NA	4.5288963
2479	NA	4.718219
2480	NA	4.8486567
2481	NA	4.548462
2482	NA	4.612823
2483	NA	4.5006304
2484	NA	4.3093624
2487	NA	4.2337036
2489	NA	4.2914705
2490	NA	4.4080267
2492	NA	4.126006
2493	NA	4.220411
2498	NA	4.790502
2501	NA	3.4708061
2502	NA	3.9525998
2503	NA	3.5208645
2504	NA	3.433653
2507	NA	4.5855265
2511	NA	4.1707287
2512	NA	4.284891
2513	NA	4.405676
2516	NA	4.38418
2517	NA	4.79071
2519	NA	4.8944116
2520	NA	4.8780804
2522	NA	3.966245
2523	NA	3.9651232
2524	NA	4.166938
2526	NA	3.5508573
2528	NA	4.842134
2531	NA	4.2546062
2532	NA	4.576534
2533	NA	4.1567883
2534	NA	4.551667
2536	NA	4.59983
2537	NA	4.856854
2541	NA	4.133598
2542	NA	3.9632988
2546	NA	4.4735885
2547	NA	4.7752852
2548	NA	4.4815044
2550	NA	4.3213315
2552	NA	4.2528815
2556	NA	4.5473857
2558	NA	4.5142207
2559	NA	4.0936036
2560	NA	3.7912514
2562	NA	3.6843305
2563	NA	4.376575
2564	NA	4.650638
2565	NA	4.7011056
2567	NA	4.211266
2568	NA	3.6779015
2570	NA	3.247712
2571	NA	3.4122717
2573	NA	4.8559923
2575	NA	4.725906
2576	NA	4.848057
2580	NA	4.4610624
2581	NA	4.750185
2584	NA	4.866696
2585	NA	4.495621
2586	NA	4.4458327
2587	NA	3.9062502
2595	NA	5.0
2598	NA	4.4090323
2600	NA	4.314081
2603	NA	4.5279145
2605	NA	4.8865795
2607	NA	4.487371
2609	NA	4.8046956
2610	NA	4.738924
2611	NA	4.324996
2612	NA	4.8046956
2613	NA	4.868969
2614	NA	4.4883037
2616	NA	4.3098135
2617	NA	3.9379187
2618	NA	4.0102115
2620	NA	3.8754835
2621	NA	4.201989
2624	NA	4.9190445
2629	NA	4.796477
2631	NA	4.8804975
2633	NA	4.811108
2635	NA	4.7447557
2639	NA	3.810827
2641	NA	4.590052
2642	NA	3.4624214
2644	NA	4.888067
2645	NA	4.4958262
2646	NA	4.4989104
2647	NA	4.8103905
2648	NA	3.8046439
2649	NA	3.902884
2652	NA	3.926842
2653	NA	4.900994
2658	NA	4.0434566
2659	NA	3.7411826
2661	NA	4.089039
2663	NA	4.091291
2665	NA	4.7789755
2667	NA	4.6857514
2669	NA	4.199996
2671	NA	4.1470942
2674	NA	4.713344
2676	NA	4.676784
2677	NA	4.809247
2681	NA	4.635856
2683	NA	4.8558617
2685	NA	4.7254415
2686	NA	4.967189
2690	NA	4.3868175
2693	NA	4.4866734
2694	NA	4.424084
2695	NA	4.899966
2697	NA	4.4728594
2698	NA	4.392667
2699	NA	4.3829346
2700	NA	4.346102
2706	NA	4.380999
2717	NA	4.2311254
2719	NA	4.2390194
2723	NA	4.7995825
2725	NA	4.594196
2727	NA	3.5755765
2729	NA	3.7423966
2732	NA	3.81742
2733	NA	4.7533855
2736	NA	4.883759
2737	NA	4.582547
2740	NA	4.3961015
2742	NA	4.871863
2743	NA	4.845822
2745	NA	4.3559513
2746	NA	4.592977
2747	NA	4.31568
2749	NA	4.5244036
2750	NA	4.7216563
2753	NA	4.6970196
2759	NA	4.371756
2760	NA	4.8164806
2762	NA	4.6322274
2767	NA	4.446134
2769	NA	4.9025455
2771	NA	4.9548244
2773	NA	4.729212
2780	NA	4.952931
2781	NA	4.2990594
2782	NA	4.6753144
2785	NA	4.6076994
2786	NA	4.7212615
2790	NA	4.6902137
2793	NA	4.195485
2794	NA	4.327278
2796	NA	4.338207
2798	NA	4.893784
2801	NA	4.8470984
2804	NA	4.150939
2805	NA	4.0051594
2806	NA	4.233523
2808	NA	4.2265015
2810	NA	4.4871664
2814	NA	2.9199305
2816	NA	4.864342
2819	NA	4.9488344
2820	NA	4.62278
2823	NA	4.1697345
2824	NA	4.0797715
2825	NA	4.2824574
2826	NA	4.264477
2830	NA	4.81414
2831	NA	3.4183724
2832	NA	3.6962867
2833	NA	3.677861
2834	NA	3.637725
2835	NA	3.6658103
2836	NA	4.6228566
2840	NA	4.3518987
2841	NA	3.6086252
2843	NA	4.4059105
2846	NA	4.3966374
2847	NA	4.819553
2848	NA	4.8224077
2849	NA	3.9836204
2852	NA	3.966104
2855	NA	4.8907723
2858	NA	4.2647185
2859	NA	3.9620805
2866	NA	4.439072
2869	NA	4.3243523
2871	NA	4.7759857
2872	NA	4.771838
2873	NA	4.546759
2876	NA	4.777507
2877	NA	4.775832
2878	NA	4.7241507
2880	NA	4.930239
2882	NA	4.5957847
2884	NA	4.851319
2885	NA	4.4632564
2887	NA	4.6111994
2888	NA	4.327665
2889	NA	4.7050247
2892	NA	4.2868266
2893	NA	4.5486145
2895	NA	4.131231
2897	NA	3.8145778
2901	NA	4.8524847
2902	NA	4.4974732
2904	NA	4.396769
2906	NA	4.250897
2912	NA	4.327768
2914	NA	4.357694
2921	NA	4.558764
2922	NA	4.5538054
2923	NA	4.578783
2925	NA	4.650813
2928	NA	4.7304635
2929	NA	4.8374724
2931	NA	4.412982
2934	NA	4.553173
2940	NA	4.587159
2942	NA	4.361456
2944	NA	4.387001
2946	NA	4.773239
2947	NA	4.7544436
2948	NA	4.9046655
2949	NA	4.413661
2950	NA	3.9655728
2953	NA	3.6450531
2954	NA	3.8837419
2962	NA	4.2792616
2963	NA	4.6530037
2973	NA	4.7186136
2975	NA	4.958223
2978	NA	4.859913
2979	NA	4.2422647
2982	NA	4.5599036
2985	NA	4.5232863
2986	NA	4.552212
2987	NA	4.5219703
2990	NA	4.2329626
2991	NA	3.6334367
2993	NA	3.8023312
2999	NA	4.706269
3000	NA	4.2662406
3001	NA	4.4114323
3003	NA	4.6378927
3004	NA	4.9714403
3006	NA	4.8535037
3008	NA	4.418636
3009	NA	4.233169
3011	NA	4.373401
3012	NA	4.32273
3013	NA	4.1133127
3017	NA	4.864846
3020	NA	3.9308727
3021	NA	4.1805716
3023	NA	4.28369
3025	NA	4.8209867
3026	NA	4.451782
3028	NA	4.469912
3029	NA	3.9799848
3030	NA	4.3341775
3032	NA	4.256335
3034	NA	4.8926206
3035	NA	4.879587
3037	NA	4.834551
3040	NA	4.773362
3044	NA	4.9058986
3045	NA	4.8159194
3048	NA	4.222383
3051	NA	4.952265
3052	NA	4.6576476
3053	NA	4.829482
3055	NA	4.7407727
3056	NA	4.4872365
3057	NA	4.7872233
3058	NA	4.4952826
3060	NA	4.983795
3063	NA	4.9207053
3064	NA	4.904329
3066	NA	4.463897
3067	NA	4.4335914
3070	NA	4.4454827
3074	NA	4.634141
3075	NA	4.186427
3076	NA	3.9673202
3077	NA	4.3194227
3078	NA	3.8014379
3080	NA	4.6456046
3082	NA	4.7792845
3083	NA	4.798627
3084	NA	4.350202
3086	NA	4.2633786
3087	NA	4.2716656
3088	NA	4.578403
3089	NA	4.731718
3090	NA	3.505098
3093	NA	4.518437
3095	NA	4.265451
3096	NA	3.050569
3099	NA	4.7414427
3101	NA	4.981451
3103	NA	4.7005796
3104	NA	3.694052
3106	NA	4.494321
3108	NA	4.692462
3109	NA	4.8949327
3112	NA	3.7284646
3113	NA	4.3153486
3115	NA	4.613283
3116	NA	4.21246
3117	NA	4.6284695
3118	NA	4.899099
3119	NA	4.8214684
3120	NA	4.9248323
3124	NA	4.4832273
3125	NA	4.3822427
3127	NA	4.9059815
3128	NA	4.237132
3131	NA	3.9609082
3133	NA	3.9303348
3135	NA	3.9971097
3136	NA	4.5175867
3137	NA	4.805163
3138	NA	5.0
3139	NA	4.706773
3141	NA	3.2706292
3142	NA	2.4902308
3144	NA	2.6768374
3145	NA	2.7342675
3146	NA	2.7342675
3147	NA	4.915914
3148	NA	4.632796
3149	NA	4.8257265
3151	NA	4.4901595
3152	NA	4.516305
3154	NA	4.565052
3155	NA	4.674975
3159	NA	4.918966
3160	NA	4.373726
3163	NA	4.709732
3167	NA	4.5285044
3168	NA	4.499549
3169	NA	4.505083
3171	NA	4.3325768
3172	NA	4.0206337
3173	NA	4.0265737
3175	NA	4.3054156
3176	NA	4.861013
3177	NA	4.568286
3178	NA	4.851446
3179	NA	4.87354
3180	NA	4.667789
3183	NA	4.3983216
3184	NA	4.7604656
3185	NA	4.923595
3189	NA	4.7002773
3190	NA	4.3972898
3191	NA	4.683921
3193	NA	4.7819824
3194	NA	4.9779325
3195	NA	4.7535033
3196	NA	4.9087496
3197	NA	4.9043503
3198	NA	4.6859283
3199	NA	4.6125393
3204	NA	4.6583037
3205	NA	4.9647636
3206	NA	4.747309
3207	NA	4.5671163
3209	NA	4.563928
3210	NA	4.507552
3211	NA	4.6830807
3212	NA	4.897847
3215	NA	4.8569856
3216	NA	4.288508
3219	NA	3.9181595
3220	NA	4.604241
3225	NA	4.634685
3226	NA	4.3329434
3229	NA	4.6666794
3231	NA	4.8291893
3233	NA	4.785423
3234	NA	4.3640814
3235	NA	4.45826
3236	NA	4.431004
3237	NA	4.3367095
3239	NA	4.927176
3240	NA	4.812826
3241	NA	4.9643936
3244	NA	3.3076096
3245	NA	4.342105
3246	NA	4.347431
3247	NA	4.348253
3249	NA	4.7109785
3251	NA	4.8010516
3259	NA	4.695796
3263	NA	4.914247
3266	NA	4.875345
3267	NA	4.7391076
3268	NA	4.793256
3269	NA	4.940318
3270	NA	4.715544
3276	NA	4.434098
3279	NA	4.42932
3282	NA	3.940792
3284	NA	4.333447
3289	NA	4.1568003
3290	NA	3.946727
3293	NA	3.748694
3295	NA	4.8400264
3296	NA	4.7954745
3297	NA	4.913083
3300	NA	4.3962216
3301	NA	4.54899
3302	NA	4.6571274
3305	NA	4.5806603
3306	NA	4.90888
3307	NA	4.3635015
3308	NA	4.6273017
3309	NA	4.9361634
3310	NA	3.7405984
3312	NA	3.4077013
3315	NA	4.9192376
3317	NA	4.978815
3318	NA	4.9458466
3320	NA	4.8944073
3323	NA	4.823467
3326	NA	4.594799
3328	NA	4.8930054
3331	NA	4.1844587
3333	NA	3.8673875
3334	NA	4.318826
3335	NA	4.7894487
3337	NA	4.948846
3341	NA	4.408186
3343	NA	4.5258164
3348	NA	4.8404956
3350	NA	4.3373604
3352	NA	3.7126853
3354	NA	4.3508406
3355	NA	4.9695363
3360	NA	4.345492
3365	NA	4.5071397
3377	NA	4.879058
3379	NA	4.0935802
3380	NA	4.054041
3381	NA	3.8542116
3383	NA	4.116514
3387	NA	4.819196
3388	NA	4.634387
3390	NA	4.340785
3391	NA	4.2965355
3392	NA	4.761981
3393	NA	4.892836
3394	NA	4.814044
3399	NA	3.5646915
3401	NA	3.687863
3402	NA	4.85546
3403	NA	4.8837028
3404	NA	4.6938677
3406	NA	4.401338
3408	NA	4.633482
3409	NA	4.6560144
3410	NA	4.771924
3415	NA	4.5585165
3417	NA	4.674768
3419	NA	4.468353
3421	NA	4.558708
3423	NA	4.490132
3430	NA	4.316726
3431	NA	3.8725286
3434	NA	4.4317446
3439	NA	4.5953856
3441	NA	4.5442963
3442	NA	4.706422
3445	NA	4.8402085
3446	NA	4.1609864
3447	NA	3.9938014
3449	NA	4.378511
3450	NA	3.96428
3455	NA	4.484513
3456	NA	4.4875875
3457	NA	4.5539308
3458	NA	4.2857404
3463	NA	4.542622
3464	NA	4.6772385
3466	NA	4.648247
3469	NA	4.4902263
3470	NA	3.7310653
3473	NA	4.7832537
3474	NA	3.9818664
3475	NA	3.5283844
3476	NA	4.266817
3477	NA	3.9000108
3478	NA	3.758974
3481	NA	4.8515897
3482	NA	4.774713
3483	NA	4.9596663
3489	NA	4.4481254
3490	NA	4.3111753
3493	NA	4.6842036
3497	NA	5.0
3498	NA	4.8327646
3499	NA	4.252322
3502	NA	4.5388465
3506	NA	4.4745555
3509	NA	4.3118477
3513	NA	4.8597693
3515	NA	4.7411
3519	NA	4.854085
3520	NA	4.15753
3521	NA	4.7136393
3522	NA	4.846494
3523	NA	4.220748
3524	NA	4.4368997
3525	NA	4.89082
3526	NA	4.279416
3527	NA	4.082962
3531	NA	3.825581
3532	NA	4.612343
3535	NA	4.7765746
3540	NA	4.46078
3545	NA	4.1427054
3550	NA	4.1607966
3551	NA	4.307802
3553	NA	4.8439293
3555	NA	4.467901
3557	NA	3.8275955
3558	NA	4.2155886
3559	NA	4.068759
3560	NA	3.7619429
3562	NA	4.387828
3563	NA	4.74055
3564	NA	4.607983
3570	NA	4.3937726
3573	NA	4.108918
3575	NA	4.686891
3578	NA	4.7573833
3581	NA	4.683914
3583	NA	4.724602
3585	NA	4.4565864
3587	NA	4.4496307
3588	NA	4.15203
3590	NA	4.315575
3591	NA	4.209967
3593	NA	4.668611
3594	NA	4.0793962
3595	NA	4.9142847
3596	NA	4.8527856
3597	NA	4.5387874
3599	NA	4.5398326
3600	NA	4.67073
3601	NA	4.300432
3604	NA	4.5830336
3605	NA	4.5553913
3606	NA	4.8229237
3608	NA	4.589794
3609	NA	4.5667915
3610	NA	3.9002454
3612	NA	4.0526567
3613	NA	3.8900964
3615	NA	4.78979
3616	NA	4.7624354
3617	NA	4.813614
3619	NA	4.3138256
3621	NA	4.4652853
3622	NA	4.2691503
3628	NA	4.7890916
3631	NA	4.383113
3632	NA	4.221719
3634	NA	4.342983
3636	NA	4.481451
3637	NA	4.575223
3641	NA	4.3408947
3642	NA	4.168762
3644	NA	4.9491243
3645	NA	4.736432
3648	NA	4.920002
3652	NA	4.4099755
3654	NA	4.2804103
3655	NA	4.3928504
3656	NA	4.3928504
3659	NA	4.892937
3660	NA	4.4910436
3662	NA	3.8587224
3663	NA	4.019311
3664	NA	3.6948407
3665	NA	3.917595
3667	NA	4.853611
3671	NA	3.9637446
3674	NA	4.2836657
3675	NA	4.0793805
3676	NA	4.2935605
3677	NA	4.8808227
3678	NA	3.7092733
3679	NA	4.908936
3681	NA	4.6719804
3683	NA	3.5666912
3688	NA	4.7673507
3698	NA	4.83576
3700	NA	4.6024513
3704	NA	4.147301
3706	NA	4.2758756
3714	NA	4.817488
3715	NA	4.744945
3716	NA	4.9091864
3717	NA	4.720131
3722	NA	4.827731
3723	NA	3.5972605
3724	NA	3.9298005
3726	NA	3.653605
3729	NA	4.6586595
3730	NA	4.558361
3731	NA	4.7467346
3732	NA	4.063948
3734	NA	4.04352
3735	NA	4.147043
3738	NA	3.9080844
3741	NA	4.742642
3744	NA	4.5330005
3745	NA	4.6819263
3749	NA	4.933408
3754	NA	4.6360297
3757	NA	4.2948513
3760	NA	4.6876073
3763	NA	4.844516
3764	NA	4.7047687
3768	NA	4.6082964
3769	NA	4.8109636
3771	NA	4.9243836
3772	NA	4.772201
3773	NA	4.8164406
3775	NA	4.638379
3778	NA	4.285319
3782	NA	4.447581
3786	NA	4.315146
3787	NA	4.11729
3791	NA	4.6113043
3792	NA	4.9130354
3793	NA	4.794404
3794	NA	4.7614064
3796	NA	4.4069986
3798	NA	4.4360795
3802	NA	4.7076836
3806	NA	4.2945437
3808	NA	4.50865
3810	NA	4.38406
3811	NA	4.5956883
3813	NA	4.635968
3815	NA	4.8391056
3816	NA	4.873972
3817	NA	4.469501
3818	NA	4.446219
3819	NA	4.592604
3822	NA	4.605951
3824	NA	4.2651596
3829	NA	4.7804756
3830	NA	4.383681
3832	NA	4.574204
3833	NA	4.4751387
3835	NA	4.905419
3837	NA	4.641609
3841	NA	4.177752
3842	NA	4.6180882
3843	NA	4.93312
3848	NA	4.316043
3849	NA	3.9681861
3850	NA	4.5378966
3851	NA	4.025495
3854	NA	4.8772063
3858	NA	4.797933
3859	NA	4.4401374
3863	NA	4.2840433
3865	NA	4.814683
3867	NA	4.9234605
3875	NA	4.074938
3876	NA	4.919395
3877	NA	4.2481613
3878	NA	4.948271
3879	NA	4.669341
3881	NA	4.2638216
3888	NA	4.193144
3889	NA	4.5371876
3890	NA	4.066247
3891	NA	4.221036
3894	NA	4.838669
3896	NA	4.4716554
3900	NA	4.589279
3902	NA	4.746524
3906	NA	3.1570165
3907	NA	4.581712
3911	NA	4.7884707
3913	NA	4.355781
3916	NA	4.028239
3918	NA	4.1781187
3919	NA	3.7175984
3923	NA	5.0
3925	NA	4.6550956
3926	NA	4.7814612
3927	NA	4.149436
3928	NA	4.248594
3931	NA	4.2109213
3932	NA	4.200279
3933	NA	4.200279
3937	NA	4.488349
3944	NA	4.8808827
3945	NA	4.822939
3946	NA	4.227834
3950	NA	4.7901325
3952	NA	4.961478
3953	NA	4.5903077
3954	NA	4.9453387
3959	NA	4.010918
3960	NA	4.621974
3962	NA	4.665777
3963	NA	4.8846846
3964	NA	4.6743736
3965	NA	4.9584446
3966	NA	4.712176
3967	NA	4.190707
3968	NA	4.096834
3969	NA	4.227633
3971	NA	4.3275867
3974	NA	4.485601
3975	NA	4.335444
3977	NA	3.9541035
3978	NA	4.534184
3979	NA	4.058264
3981	NA	4.931826
3983	NA	4.7165513
3988	NA	4.5480914
3991	NA	4.5419664
3997	NA	4.330254
4000	NA	4.7073097
4003	NA	4.322279
4005	NA	4.7932467
4008	NA	4.725182
4009	NA	4.611832
4010	NA	4.3313746
4016	NA	4.705415
4018	NA	4.6574407
4019	NA	4.5648775
4022	NA	4.774476
4023	NA	4.6440043
4024	NA	4.8131495
4025	NA	4.6713123
4026	NA	4.768457
4027	NA	4.755643
4029	NA	4.623298
4030	NA	4.4649677
4032	NA	4.2407794
4035	NA	4.535061
4039	NA	4.3846955
4042	NA	4.0252256
4044	NA	4.2361298
4048	NA	4.5320854
4051	NA	4.3201685
4052	NA	3.967573
4053	NA	4.440562
4055	NA	4.5453434
4057	NA	4.530934
4059	NA	4.3479967
4064	NA	4.92404
4070	NA	4.281625
4073	NA	4.3701706
4075	NA	4.633396
4077	NA	4.8324423
4078	NA	4.8102574
4080	NA	4.73612
4081	NA	4.8771005
4082	NA	4.5029025
4089	NA	4.7541265
4091	NA	3.775007
4092	NA	3.8859584
4093	NA	4.0784874
4095	NA	3.8210797
4096	NA	4.1045585
4097	NA	4.055027
4098	NA	4.7609024
4099	NA	4.6196427
4101	NA	4.063046
4103	NA	3.9001553
4104	NA	4.5890665
4106	NA	4.715457
4107	NA	4.513888
4110	NA	4.547734
4111	NA	4.148497
4116	NA	4.7992435
4121	NA	3.7752519
4122	NA	3.988804
4124	NA	4.2305465
4128	NA	4.5524487
4129	NA	4.5982056
4130	NA	4.75184
4131	NA	4.5199256
4138	NA	4.692792
4139	NA	4.5318666
4143	NA	3.8722403
4144	NA	4.0536532
4150	NA	4.2277813
4151	NA	4.2413363
4153	NA	4.321926
4158	NA	4.287584
4159	NA	4.0487633
4160	NA	4.503429
4161	NA	4.319358
4166	NA	4.9375844
4167	NA	4.37532
4169	NA	4.4893355
4170	NA	4.5887346
4171	NA	4.635388
4172	NA	4.9000425
4175	NA	4.5281844
4177	NA	3.9527447
4180	NA	4.345224
4182	NA	4.5172105
4184	NA	4.5523815
4186	NA	4.417214
4188	NA	4.324294
4189	NA	4.294243
4190	NA	3.9295719
4192	NA	4.5520015
4198	NA	3.8045158
4200	NA	4.0692472
4201	NA	4.8868203
4203	NA	4.61838
4204	NA	4.736106
4206	NA	4.4591475
4208	NA	3.9710453
4210	NA	4.623475
4211	NA	4.617692
4215	NA	3.3675969
4217	NA	3.4359958
4218	NA	3.584261
4222	NA	4.7275624
4224	NA	3.2851946
4225	NA	3.8067954
4226	NA	3.516465
4227	NA	3.6592784
4229	NA	4.743927
4230	NA	4.5949683
4233	NA	3.4944258
4234	NA	3.4476335
4237	NA	4.746079
4240	NA	4.592412
4241	NA	4.1751137
4243	NA	4.2193747
4245	NA	4.330828
4249	NA	4.5535975
4250	NA	5.0
4255	NA	4.0324793
4256	NA	4.6194987
4258	NA	4.846539
4261	NA	3.5464451
4262	NA	3.2051103
4263	NA	3.5034952
4264	NA	3.1353862
4268	NA	4.9283724
4270	NA	4.721651
4271	NA	4.72936
4273	NA	4.464223
4276	NA	4.913233
4278	NA	4.88331
4281	NA	3.70033
4285	NA	4.533295
4286	NA	4.8938694
4292	NA	4.27942
4293	NA	4.2319307
4294	NA	4.2265015
4296	NA	4.261936
4297	NA	4.1357775
4298	NA	3.8969138
4300	NA	3.6075032
4302	NA	4.5842395
4303	NA	4.355548
4309	NA	3.4684136
4310	NA	3.876133
4311	NA	4.8800545
4313	NA	4.892942
4314	NA	4.9292016
4317	NA	4.663307
4319	NA	4.787268
4324	NA	4.701384
4326	NA	4.4197655
4327	NA	4.5146484
4331	NA	4.4709086
4332	NA	4.8140073
4333	NA	4.7182846
4334	NA	4.9289565
4337	NA	4.258988
4343	NA	4.5291176
4345	NA	4.1189356
4352	NA	4.302408
4353	NA	4.2771215
4355	NA	2.8287585
4356	NA	3.0172772
4358	NA	2.5928898
4362	NA	4.7604475
4366	NA	4.3454213
4367	NA	3.758666
4368	NA	4.0983906
4372	NA	4.8607283
4373	NA	4.7021713
4374	NA	4.1076713
4375	NA	4.2870817
4380	NA	4.61615
4383	NA	4.4508004
4384	NA	4.9175277
4389	NA	4.5999746
4391	NA	4.6670036
4397	NA	4.4039993
4399	NA	4.599835
4400	NA	4.7896256
4402	NA	4.729913
4403	NA	4.818137
4404	NA	4.7655754
4405	NA	4.591711
4406	NA	4.9424496
4409	NA	4.9175873
4413	NA	4.3176446
4415	NA	4.0827537
4416	NA	4.8042192
4419	NA	4.905305
4420	NA	3.5382698
4421	NA	3.613305
4422	NA	3.69638
4423	NA	3.3549447
4424	NA	3.5589132
4425	NA	4.3915067
4427	NA	4.668786
4428	NA	4.7645674
4430	NA	4.4178185
4433	NA	4.639594
4434	NA	4.1323113
4435	NA	4.483457
4436	NA	4.5698357
4437	NA	4.4674735
4438	NA	3.5140274
4441	NA	3.2221372
4444	NA	4.624984
4448	NA	3.9853475
4449	NA	3.9858742
4450	NA	3.8133035
4451	NA	4.0052824
4452	NA	4.6964283
4453	NA	4.593641
4455	NA	4.8914804
4456	NA	4.1310363
4459	NA	4.127297
4460	NA	4.396454
4461	NA	4.7041063
4462	NA	4.5454803
4463	NA	4.3372636
4465	NA	4.177045
4466	NA	3.4731727
4467	NA	3.7921586
4470	NA	4.664607
4474	NA	3.2549636
4475	NA	3.4278922
4476	NA	3.9244113
4478	NA	3.4567592
4479	NA	4.5382934
4480	NA	4.853733
4482	NA	4.8961196
4483	NA	2.8479362
4484	NA	3.0447626
4485	NA	2.984135
4488	NA	4.7224565
4489	NA	4.5854115
4491	NA	4.928653
4493	NA	4.289071
4494	NA	4.594242
4495	NA	4.0782866
4496	NA	4.4348354
4499	NA	4.656204
4500	NA	4.8625116
4502	NA	3.7771502
4504	NA	4.0291705
4506	NA	4.0653105
4508	NA	4.695132
4510	NA	4.8491516
4512	NA	3.7700217
4518	NA	4.5098424
4521	NA	4.5977407
4527	NA	4.4848585
4528	NA	4.4919505
4530	NA	4.2995696
4531	NA	3.9806485
4532	NA	4.0781283
4533	NA	3.8672616
4535	NA	4.7521253
4536	NA	4.911934
4537	NA	4.8837247
4538	NA	4.753029
4539	NA	4.31307
4542	NA	4.161781
4543	NA	4.2320786
4547	NA	4.4943123
4548	NA	4.5090857
4550	NA	4.545062
4552	NA	4.9261823
4554	NA	4.613386
4555	NA	4.8834615
4557	NA	4.090528
4560	NA	4.41385
4561	NA	4.1838136
4563	NA	4.2667813
4566	NA	4.4896197
4568	NA	3.9966688
4571	NA	4.676603
4572	NA	4.0788884
4575	NA	4.058701
4576	NA	3.6522582
4577	NA	3.8759933
4578	NA	3.21328
4582	NA	4.1390224
4584	NA	4.1390224
4586	NA	4.601798
4587	NA	4.854581
4589	NA	3.7318187
4591	NA	4.5787196
4592	NA	4.868653
4593	NA	2.6617382
4594	NA	2.826914
4598	NA	4.740095
4599	NA	4.5143533
4600	NA	4.505525
4602	NA	4.5912347
4603	NA	4.537542
4604	NA	4.598418
4607	NA	4.623039
4608	NA	4.4848585
4609	NA	4.6851883
4613	NA	4.623039
4618	NA	4.849412
4620	NA	4.3787727
4621	NA	4.480567
4622	NA	4.4629393
4623	NA	4.3575563
4624	NA	4.5909815
4625	NA	4.7431374
4627	NA	4.7427354
4628	NA	4.838414
4629	NA	3.0074959
4631	NA	3.0308263
4639	NA	4.2207932
4640	NA	4.5498266
4641	NA	4.331981
4642	NA	4.7422295
4645	NA	4.840833
4647	NA	4.948213
4649	NA	4.4862666
4654	NA	4.914989
4655	NA	4.755373
4657	NA	3.1623037
4658	NA	3.4121306
4667	NA	4.6042857
4670	NA	4.8690486
4672	NA	4.9576607
4675	NA	4.678291
4676	NA	4.67501
4677	NA	4.5200357
4678	NA	4.5740576
4682	NA	4.8549194
4684	NA	4.8100286
4690	NA	4.723398
4691	NA	4.9275017
4692	NA	4.8304744
4693	NA	4.7170973
4694	NA	4.298467
4695	NA	4.2207513
4698	NA	4.410583
4703	NA	4.4627595
4704	NA	4.4384327
4705	NA	4.8282614
4706	NA	4.838517
4708	NA	4.8097057
4709	NA	4.7803025
4714	NA	4.3776593
4715	NA	4.1438713
4719	NA	5.0
4721	NA	4.6194158
4722	NA	2.844685
4723	NA	2.9686985
4726	NA	3.0544424
4727	NA	3.0544424
4730	NA	4.8808703
4732	NA	4.7733192
4733	NA	4.5056243
4736	NA	4.735201
4737	NA	4.459982
4738	NA	4.932168
4739	NA	4.797081
4741	NA	4.688946
4744	NA	4.305676
4747	NA	4.4552937
4748	NA	4.8754897
4749	NA	4.8050733
4750	NA	4.7816586
4751	NA	4.9166884
4754	NA	3.9573302
4757	NA	4.752507
4758	NA	4.652999
4765	NA	4.1407413
4768	NA	4.909679
4770	NA	3.3044045
4772	NA	3.293201
4773	NA	3.1905065
4775	NA	4.5922184
4778	NA	4.9891453
4779	NA	4.8014135
4781	NA	4.6774125
4783	NA	4.732239
4784	NA	4.5449543
4785	NA	4.9603224
4786	NA	4.608011
4787	NA	4.5771155
4789	NA	3.478968
4791	NA	3.5595639
4792	NA	3.6393874
4801	NA	4.6253157
4804	NA	5.0
4809	NA	3.9098892
4818	NA	4.4957743
4827	NA	4.656224
4828	NA	4.6264896
4829	NA	4.2326756
4830	NA	4.6438375
4833	NA	4.136357
4834	NA	4.5334477
4835	NA	4.594242
4837	NA	4.3244195
4838	NA	4.290464
4840	NA	3.9433296
4841	NA	4.3051376
4846	NA	3.7773323
4850	NA	3.6134975
4854	NA	4.592412
4856	NA	3.8845026
4861	NA	4.725008
4862	NA	4.4488955
4864	NA	3.5800333
4865	NA	3.5153635
4868	NA	4.125327
4870	NA	4.390309
4871	NA	4.5093575
4873	NA	4.3995566
4875	NA	4.8871784
4876	NA	4.1548376
4878	NA	4.7583137
4884	NA	4.504756
4887	NA	4.6273375
4889	NA	3.9004521
4890	NA	4.7014146
4892	NA	3.860021
4893	NA	4.1174464
4894	NA	3.67769
4895	NA	4.008433
4896	NA	4.590882
4897	NA	4.599867
4899	NA	4.4972186
4902	NA	3.8607845
4904	NA	3.991493
4906	NA	4.82729
4907	NA	4.5615354
4908	NA	4.6710896
4909	NA	3.0954964
4910	NA	3.1161633
4914	NA	4.740095
4917	NA	4.6705356
4923	NA	4.9538207
4924	NA	4.9383698
4925	NA	4.7893143
4927	NA	4.1281543
4930	NA	4.061978
4931	NA	4.098813
4935	NA	4.7946887
4936	NA	4.902577
4939	NA	4.336881
4943	NA	4.2027516
4945	NA	4.703597
4952	NA	3.5530417
4955	NA	4.956837
4956	NA	4.8854175
4958	NA	4.56171
4962	NA	4.4034157
4969	NA	4.034939
4972	NA	4.792039
4973	NA	4.8403726
4976	NA	2.942689
4979	NA	2.8482945
4980	NA	2.6950712
4984	NA	4.5507226
4986	NA	3.8836932
4987	NA	3.773682
4988	NA	3.4089136
4993	NA	4.863536
4994	NA	3.0977647
4995	NA	3.176851
4999	NA	4.9585443
5001	NA	4.9000516
5004	NA	4.70927
5006	NA	4.674869
5008	NA	4.8567142
5009	NA	4.4658275
5013	NA	4.3961816
5016	NA	4.818715
5019	NA	4.86678
5020	NA	4.8121996
5021	NA	4.896105
5028	NA	4.7464385
5029	NA	4.884983
5034	NA	4.655438
5035	NA	4.6451383
5036	NA	4.6654415
5038	NA	4.85304
5041	NA	4.7136197
5042	NA	4.4883037
5043	NA	4.0926814
5044	NA	3.9965248
5054	NA	3.7886293
5055	NA	3.823425
5057	NA	4.7027802
5059	NA	4.8319507
5061	NA	4.8595037
5062	NA	4.3948684
5063	NA	4.647561
5065	NA	4.8800545
5066	NA	4.718219
5067	NA	4.8486567
5068	NA	4.888449
5069	NA	4.691199
5070	NA	3.4906027
5071	NA	3.2828436
5075	NA	4.717366
5076	NA	4.4731336
5077	NA	4.741405
5084	NA	4.798193
5087	NA	4.764476
5088	NA	3.9369805
5090	NA	3.8244832
5093	NA	4.8622594
5094	NA	4.640953
5095	NA	4.7584968
5098	NA	3.4875338
5099	NA	3.6561368
5101	NA	3.4919991
5103	NA	4.738625
5104	NA	4.773216
5106	NA	4.3854766
5108	NA	4.228993
5111	NA	4.7805986
5112	NA	4.726703
5118	NA	2.6806839
5120	NA	4.7665653
5122	NA	4.7140436
5126	NA	3.7005959
5128	NA	3.5564177
5129	NA	4.9058137
5130	NA	4.776625
5131	NA	4.8340473
5138	NA	4.759199
5140	NA	4.571402
5143	NA	3.7628856
5144	NA	3.653967
5146	NA	3.7634308
5150	NA	4.6304193
5151	NA	3.7523727
5152	NA	3.3312347
5156	NA	4.9282494
5157	NA	4.681666
5158	NA	4.716123
5159	NA	4.5970273
5162	NA	3.9027445
5164	NA	3.944341
5165	NA	4.4712734
5168	NA	4.831431
5170	NA	3.1109579
5172	NA	3.0500922
5173	NA	3.079351
5174	NA	4.6483216
5179	NA	4.6143746
5180	NA	4.552389
5181	NA	4.5154386
5182	NA	4.7868195
5183	NA	4.250092
5184	NA	4.9435644
5185	NA	4.804726
5188	NA	3.3873625
5190	NA	3.159776
5192	NA	4.703516
5193	NA	4.2695
5194	NA	4.5693116
5196	NA	4.196952
5200	NA	4.0376563
5202	NA	4.81896
5205	NA	4.043482
5207	NA	3.9892766
5209	NA	3.9994714
5210	NA	4.852341
5211	NA	4.5066495
5213	NA	4.83958
5214	NA	3.1396503
5217	NA	2.5441246
5218	NA	2.5026486
5221	NA	4.540264
5222	NA	4.9270496
5224	NA	4.3587403
5228	NA	4.356517
5229	NA	4.602346
5230	NA	4.4219313
5233	NA	4.052387
5235	NA	3.8849728
5237	NA	4.817875
5240	NA	4.934483
5241	NA	4.223811
5243	NA	4.201669
5245	NA	3.9213147
5250	NA	4.0500374
5252	NA	3.9425683
5255	NA	4.574204
5257	NA	4.582574
5259	NA	3.750064
5265	NA	4.9184127
5266	NA	4.9376626
5268	NA	4.7252817
5270	NA	4.349934
5271	NA	4.7728577
5272	NA	4.8440304
5273	NA	4.6733108
5274	NA	4.665494
5275	NA	4.8192086
5279	NA	4.8437414
5280	NA	4.316821
5281	NA	4.615974
5283	NA	4.712938
5284	NA	4.836887
5285	NA	4.68864
5286	NA	4.0307417
5287	NA	3.4670956
5289	NA	3.48633
5290	NA	3.6481702
5292	NA	4.9225383
5293	NA	4.7180405
5295	NA	3.2884133
5297	NA	3.774941
5299	NA	3.3965495
5300	NA	4.506312
5301	NA	4.3895173
5302	NA	4.65905
5305	NA	4.3483114
5307	NA	4.0963063
5308	NA	4.573244
5309	NA	4.7599897
5312	NA	4.9870043
5315	NA	4.340537
5316	NA	4.0675707
5320	NA	4.4839826
5322	NA	4.2721114
5323	NA	4.0833125
5326	NA	4.054083
5328	NA	4.9409633
5330	NA	4.475952
5331	NA	4.6821985
5332	NA	4.475952
5336	NA	4.743278
5337	NA	4.9306707
5339	NA	4.86875
5343	NA	4.0072355
5344	NA	4.0875206
5353	NA	4.891044
5354	NA	4.514204
5355	NA	4.8667083
5360	NA	4.145898
5364	NA	4.5098424
5365	NA	4.8890605
5366	NA	4.8554425
5367	NA	3.6714048
5368	NA	3.6894023
5371	NA	3.6927378
5375	NA	4.8429804
5381	NA	4.6081853
5382	NA	4.8350663
5386	NA	4.464761
5388	NA	4.7655735
5390	NA	4.775948
5392	NA	4.7256107
5394	NA	4.303031
5396	NA	4.284142
5400	NA	4.5755553
5402	NA	4.676211
5403	NA	4.0058217
5408	NA	4.7479486
5410	NA	4.857256
5412	NA	4.424469
5413	NA	4.3332286
5416	NA	4.4227266
5417	NA	4.915603
5418	NA	4.9755673
5421	NA	3.0168128
5422	NA	2.9690623
5424	NA	3.1758275
5425	NA	3.0979693
5428	NA	4.5794697
5430	NA	4.127464
5431	NA	4.5144105
5433	NA	4.2517047
5438	NA	4.821749
5441	NA	3.7421725
5442	NA	4.049723
5444	NA	4.6076655
5445	NA	4.4008913
5448	NA	4.569379
5450	NA	4.5410624
5451	NA	4.168454
5452	NA	4.7929425
5453	NA	4.316169
5465	NA	4.3947606
5469	NA	3.76961
5470	NA	4.117649
5472	NA	4.9245577
5473	NA	4.6752663
5475	NA	3.745293
5479	NA	3.8556771
5481	NA	4.622713
5482	NA	4.8211203
5484	NA	4.6797924
5485	NA	4.7612605
5486	NA	4.4830995
5488	NA	4.77036
5490	NA	4.3480563
5493	NA	4.226672
5494	NA	4.5215163
5499	NA	4.92771
5506	NA	3.8006372
5508	NA	4.4187217
5509	NA	4.2418203
5511	NA	4.02236
5515	NA	4.8357067
5516	NA	4.577519
5517	NA	4.926495
5519	NA	4.689744
5524	NA	3.9001422
5527	NA	4.8710055
5528	NA	4.8170795
5529	NA	4.522304
5536	NA	4.4528384
5539	NA	4.3563857
5541	NA	4.3854795
5542	NA	4.445602
5543	NA	4.8138
5544	NA	4.566177
5547	NA	3.7234335
5550	NA	3.575442
5551	NA	3.809113
5557	NA	3.9971912
5559	NA	3.7859576
5562	NA	4.4916224
5564	NA	4.9854097
5566	NA	4.2041574
5567	NA	4.179262
5570	NA	4.848166
5571	NA	4.8017616
5572	NA	4.946922
5573	NA	4.985038
5574	NA	4.1432343
5576	NA	4.477973
5577	NA	4.1906686
5578	NA	4.1911225
5579	NA	4.7138085
5581	NA	4.646013
5583	NA	4.421276
5585	NA	3.9237864
5589	NA	4.9865847
5590	NA	4.8196106
5592	NA	4.6803813
5594	NA	4.4911795
5596	NA	4.897807
5597	NA	4.394848
5598	NA	4.2198324
5599	NA	4.5175495
5600	NA	4.1980505
5601	NA	3.9249291
5605	NA	4.2471504
5606	NA	3.9155924
5611	NA	3.0373907
5616	NA	4.6889524
5622	NA	4.3973346
5625	NA	4.763247
5626	NA	4.8665924
5628	NA	4.1672397
5629	NA	3.6625514
5630	NA	4.070601
5631	NA	3.9470007
5635	NA	4.7110496
5636	NA	4.732314
5638	NA	4.3420835
5639	NA	4.368718
5644	NA	4.856145
5648	NA	4.542067
5649	NA	4.7006454
5650	NA	4.7389755
5652	NA	4.9045887
5654	NA	4.87452
5655	NA	3.8938925
5658	NA	4.210286
5660	NA	4.705608
5661	NA	4.8744025
5662	NA	4.5383663
5665	NA	4.0628657
5666	NA	3.8494394
5667	NA	4.1274047
5669	NA	4.9468584
5670	NA	4.9334793
5672	NA	4.8472314
5673	NA	4.787146
5674	NA	4.8141026
5681	NA	4.4386525
5682	NA	4.476798
5684	NA	4.574121
5685	NA	4.694329
5686	NA	4.759952
5688	NA	4.8450794
5689	NA	4.754816
5690	NA	4.551089
5692	NA	3.5150304
5699	NA	4.671622
5700	NA	4.4727154
5702	NA	4.476154
5703	NA	4.387197
5704	NA	4.685879
5705	NA	4.5316653
5707	NA	4.508331
5708	NA	4.4799614
5709	NA	4.029001
5711	NA	4.08166
5713	NA	4.5537124
5714	NA	4.794581
5715	NA	4.6737804
5716	NA	4.779881
5719	NA	4.098422
5720	NA	4.4882517
5721	NA	4.2027464
5723	NA	4.21192
5724	NA	4.848073
5726	NA	4.8684726
5727	NA	4.3864837
5729	NA	4.1479487
5730	NA	4.619243
5731	NA	4.771783
5734	NA	4.7857423
5735	NA	4.326695
5738	NA	4.1551943
5743	NA	4.8292103
5746	NA	4.306609
5748	NA	4.5553093
5754	NA	3.966144
5757	NA	3.5851994
5759	NA	4.64353
5760	NA	4.915291
5763	NA	4.894149
5766	NA	3.941071
5767	NA	3.9618254
5769	NA	4.0785503
5771	NA	4.8544846
5774	NA	4.4579263
5775	NA	4.2671328
5778	NA	4.679822
5780	NA	4.920679
5782	NA	4.8054066
5783	NA	3.4460773
5784	NA	3.3522174
5785	NA	3.40058
5786	NA	3.4974136
5789	NA	4.4427285
5790	NA	4.6751637
5793	NA	4.8062315
5795	NA	4.3091803
5796	NA	4.8702936
5798	NA	4.5992928
5800	NA	4.5155354
5802	NA	3.6273408
5803	NA	3.7315822
5804	NA	3.912521
5805	NA	3.7813418
5807	NA	4.9272757
5808	NA	4.8763185
5809	NA	4.816877
5814	NA	4.2105002
5817	NA	4.7353325
5818	NA	4.5604324
5827	NA	4.8607283
5830	NA	4.6959467
5831	NA	4.8945947
5832	NA	4.8943844
5833	NA	4.626749
5837	NA	3.8437116
5838	NA	3.5285475
5840	NA	3.6076424
5843	NA	4.9220314
5844	NA	4.732787
5849	NA	4.9220314
5854	NA	4.9128604
5856	NA	4.4242153
5858	NA	4.523951
5862	NA	4.7762184
5863	NA	4.963071
5866	NA	4.561368
5868	NA	4.623699
5869	NA	4.3869886
5870	NA	4.7772994
5871	NA	4.4663057
5873	NA	3.7325459
5877	NA	4.1958423
5878	NA	4.913474
5880	NA	4.844137
5881	NA	4.5490055
5884	NA	4.461946
5888	NA	4.773982
5889	NA	4.932158
5891	NA	3.0774796
5892	NA	3.152053
5893	NA	3.166398
5896	NA	4.818234
5897	NA	4.470108
5903	NA	4.0050855
5908	NA	4.857275
5910	NA	3.9070878
5912	NA	3.7657788
5913	NA	3.9179823
5915	NA	4.697371
5916	NA	4.533008
5917	NA	4.414967
5921	NA	3.13888
5925	NA	4.405835
5926	NA	4.4253473
5927	NA	2.6517494
5929	NA	2.848841
5932	NA	4.7839065
5933	NA	4.7312574
5934	NA	4.553196
5935	NA	4.9099374
5939	NA	4.09671
5940	NA	4.426685
5942	NA	4.878222
5945	NA	4.8785043
5946	NA	4.511897
5949	NA	4.538165
5950	NA	4.4869285
5951	NA	4.5137377
5953	NA	4.4659486
5954	NA	4.8709636
5957	NA	4.5911975
5958	NA	4.574079
5959	NA	4.2263103
5961	NA	4.920619
5962	NA	4.321715
5963	NA	4.927611
5967	NA	4.0840335
5969	NA	3.9652646
5971	NA	4.2105536
5972	NA	4.7062974
5973	NA	4.8290486
5974	NA	4.639123
5980	NA	4.4888353
5981	NA	4.4155455
5984	NA	4.777796
5985	NA	4.945886
5993	NA	4.6257443
5994	NA	4.8376765
5995	NA	4.646739
5997	NA	4.8623266
5998	NA	4.5507493
5999	NA	4.2983117
6002	NA	4.407294
6003	NA	4.8808513
6004	NA	4.9082055
6008	NA	3.9746685
6009	NA	3.9192772
6010	NA	4.2556434
6011	NA	4.035084
6012	NA	4.120754
6013	NA	4.0260243
6016	NA	4.4252596
6018	NA	4.668974
6019	NA	4.72338
6021	NA	4.7744417
6023	NA	4.3675766
6024	NA	4.7689514
6025	NA	4.7538676
6026	NA	4.759258
6031	NA	4.225428
6033	NA	4.1320357
6034	NA	4.8597236
6036	NA	4.93966
6039	NA	4.3220787
6040	NA	4.145083
6043	NA	4.208162
6046	NA	4.7321196
6048	NA	4.7410336
6049	NA	3.994908
6055	NA	4.833975
6057	NA	4.855604
6058	NA	3.6271958
6059	NA	3.6986203
6062	NA	3.6937242
6063	NA	4.6864104
6064	NA	4.8721585
6066	NA	4.913789
6067	NA	4.891823
6069	NA	3.6864352
6070	NA	3.9103134
6071	NA	3.8673208
6073	NA	3.8498871
6074	NA	4.9711714
6076	NA	4.9246116
6079	NA	4.602668
6081	NA	4.5671797
6087	NA	4.1244946
6089	NA	4.3345475
6090	NA	4.2219906
6091	NA	4.2625847
6094	NA	4.9174
6097	NA	3.8831162
6100	NA	3.9452329
6102	NA	4.8025837
6107	NA	4.361643
6110	NA	4.3605886
6111	NA	4.2522173
6113	NA	4.4185715
6114	NA	4.814427
6115	NA	4.851909
6116	NA	4.8801937
6118	NA	4.781457
6121	NA	4.766096
6124	NA	4.7974787
6125	NA	4.7199197
6126	NA	4.9021235
6129	NA	4.6064863
6130	NA	4.5683517
6132	NA	4.8726463
6134	NA	4.166767
6138	NA	3.957763
6139	NA	4.0867543
6140	NA	3.8639116
6141	NA	4.219023
6142	NA	3.9870043
6143	NA	4.806721
6148	NA	3.6058342
6149	NA	4.0783367
6151	NA	4.151186
6156	NA	3.7357175
6162	NA	4.2429504
6163	NA	4.9260073
6165	NA	4.6642704
6166	NA	4.606789
6167	NA	4.6460485
6168	NA	4.121995
6172	NA	4.903125
6173	NA	4.5484824
6177	NA	3.5723245
6181	NA	3.517677
6182	NA	3.6847615
6184	NA	4.958577
6189	NA	4.2678204
6190	NA	4.219862
6192	NA	4.9576974
6196	NA	4.014076
6201	NA	4.9118066
6204	NA	4.574117
6207	NA	3.3152573
6210	NA	3.6819408
6216	NA	4.62202
6217	NA	4.43226
6220	NA	4.6680336
6221	NA	4.985495
6222	NA	4.893802
6223	NA	4.914269
6226	NA	4.3796043
6227	NA	4.3617406
6229	NA	4.362893
6230	NA	4.832123
6235	NA	3.797569
6237	NA	3.9395459
6238	NA	4.049367
6240	NA	4.4617543
6244	NA	4.066433
6245	NA	3.5845358
6247	NA	3.9066782
6251	NA	4.629429
6252	NA	4.4137716
6254	NA	4.3375416
6255	NA	4.350286
6256	NA	4.488588
6257	NA	4.497174
6260	NA	4.7113447
6261	NA	4.9526763
6262	NA	4.5366197
6264	NA	4.010174
6265	NA	4.617427
6268	NA	4.977106
6269	NA	4.6700935
6270	NA	4.9144225
6271	NA	4.776623
6273	NA	4.3545127
6274	NA	4.3664174
6275	NA	4.145487
6276	NA	4.4113827
6277	NA	4.851533
6279	NA	4.891754
6281	NA	4.8334017
6282	NA	4.450763
6283	NA	4.646403
6284	NA	4.5090976
6285	NA	4.6010723
6289	NA	4.74196
6294	NA	3.414596
6296	NA	3.2020333
6298	NA	3.7135954
6303	NA	4.549561
6304	NA	3.6808386
6312	NA	4.3540726
6314	NA	4.368493
6320	NA	4.277958
6322	NA	4.2869287
6323	NA	4.389476
6324	NA	4.9523993
6325	NA	4.821422
6328	NA	4.979084
6329	NA	4.2824917
6331	NA	4.15729
6332	NA	4.1969085
6339	NA	4.8997097
6340	NA	4.515125
6341	NA	4.5718174
6343	NA	4.6333404
6351	NA	4.4593954
6352	NA	4.438412
6354	NA	4.623532
6355	NA	4.8840237
6356	NA	4.790686
6361	NA	4.536425
6364	NA	4.90076
6365	NA	4.910975
6367	NA	4.812143
6369	NA	3.8535564
6371	NA	4.024346
6374	NA	4.038247
6376	NA	4.1810756
6378	NA	4.6019516
6379	NA	4.626892
6380	NA	4.289229
6383	NA	4.3246064
6384	NA	3.8947446
6388	NA	4.7930727
6389	NA	4.9413834
6391	NA	3.6940532
6393	NA	3.8236992
6398	NA	4.8045034
6399	NA	4.2146683
6400	NA	4.3615036
6401	NA	4.3979025
6403	NA	4.2880464
6406	NA	4.7854705
6408	NA	4.65553
6409	NA	3.9856277
6410	NA	4.362639
6413	NA	4.165933
6414	NA	4.1528234
6415	NA	4.6122866
6416	NA	4.513412
6418	NA	4.8867307
6422	NA	4.2641435
6425	NA	4.3146086
6427	NA	4.86941
6428	NA	4.8371525
6430	NA	4.613347
6431	NA	4.090712
6433	NA	4.2078414
6435	NA	4.1367464
6436	NA	4.196447
6437	NA	4.9522247
6438	NA	4.456145
6439	NA	4.917352
6440	NA	4.8946443
6441	NA	4.1417036
6442	NA	4.057211
6445	NA	4.191928
6446	NA	4.564821
6449	NA	4.171555
6451	NA	4.6167693
6453	NA	4.682146
6455	NA	4.597627
6456	NA	4.6454506
6457	NA	4.562617
6459	NA	4.897779
6461	NA	4.582752
6462	NA	3.7913752
6464	NA	3.9200647
6465	NA	3.383614
6466	NA	3.803443
6472	NA	4.5550056
6473	NA	4.492883
6474	NA	4.487928
6475	NA	4.4729056
6476	NA	4.5289063
6479	NA	4.8502636
6481	NA	4.109779
6483	NA	4.210188
6484	NA	4.0740542
6485	NA	4.160605
6486	NA	4.982466
6487	NA	4.795422
6490	NA	4.0180116
6492	NA	4.052433
6493	NA	4.0989704
6494	NA	4.0104995
6498	NA	4.7333717
6501	NA	4.0683913
6502	NA	3.8374364
6503	NA	3.926992
6504	NA	3.8169308
6505	NA	3.8605006
6507	NA	4.8507576
6509	NA	4.9022503
6512	NA	4.1565485
6515	NA	4.8230414
6516	NA	4.852422
6518	NA	4.9382954
6519	NA	4.97059
6520	NA	4.472846
6522	NA	4.489902
6523	NA	4.433213
6524	NA	4.4018598
6525	NA	4.548659
6526	NA	4.9777603
6528	NA	4.8842096
6530	NA	4.7458973
6533	NA	4.65396
6534	NA	4.5490775
6537	NA	4.872995
6538	NA	4.8319516
6541	NA	4.7149496
6542	NA	4.652851
6547	NA	4.740111
6551	NA	4.3739886
6553	NA	4.168753
6556	NA	4.5893764
6560	NA	4.061299
6561	NA	3.9503958
6562	NA	3.9934757
6564	NA	4.7480946
6570	NA	4.042967
6571	NA	4.1533837
6573	NA	4.1491117
6574	NA	4.1795225
6581	NA	4.2851505
6583	NA	4.5863123
6585	NA	4.4607744
6586	NA	4.9666557
6587	NA	4.8110123
6594	NA	4.7024274
6596	NA	4.805428
6601	NA	4.670014
6602	NA	4.9044952
6608	NA	4.298625
6609	NA	3.7178001
6611	NA	4.8914847
6612	NA	4.951718
6613	NA	4.9550548
6616	NA	3.9509096
6621	NA	4.612874
6622	NA	4.8976955
6623	NA	4.791217
6624	NA	4.2378035
6627	NA	4.0525284
6628	NA	4.2883625
6629	NA	4.943394
6630	NA	4.9242783
6633	NA	4.549179
6636	NA	4.5505147
6637	NA	4.5273423
6639	NA	4.54897
6641	NA	4.8106995
6642	NA	4.8616047
6643	NA	4.928489
6645	NA	4.3725905
6650	NA	4.4735603
6651	NA	4.969722
6652	NA	4.97081
6653	NA	4.86318
6654	NA	3.8026686
6655	NA	3.8581033
6660	NA	4.926871
6661	NA	4.6746964
6662	NA	4.775236
6663	NA	4.859785
6666	NA	3.9629052
6667	NA	3.5946162
6668	NA	3.9718702
6672	NA	4.87354
6676	NA	4.4442997
6677	NA	4.3601055
6679	NA	4.8726826
6680	NA	4.838242
6681	NA	3.9921548
6682	NA	4.640158
6685	NA	4.5609455
6686	NA	4.62833
6689	NA	4.814862
6690	NA	4.3250494
6691	NA	3.8305004
6693	NA	3.789391
6699	NA	4.9477034
6702	NA	4.6555505
6703	NA	4.541082
6704	NA	4.5638433
6706	NA	4.773727
6707	NA	4.917997
6708	NA	4.8298593
6710	NA	4.1482453
6712	NA	4.094064
6713	NA	4.242381
6716	NA	4.6441145
6718	NA	4.876396
6719	NA	4.2532973
6722	NA	4.630062
6724	NA	4.685434
6726	NA	4.7371683
6727	NA	4.7434244
6730	NA	3.7049584
6732	NA	3.736497
6734	NA	4.8904614
6737	NA	4.9437923
6739	NA	4.2400217
6741	NA	4.0889893
6743	NA	4.2323837
6744	NA	4.3664045
6749	NA	4.5519066
6751	NA	4.4024544
6753	NA	4.551606
6755	NA	4.956647
6759	NA	4.485785
6763	NA	4.903261
6767	NA	4.952103
6774	NA	4.9615993
6776	NA	4.973861
6779	NA	4.3888717
6780	NA	4.5156436
6782	NA	4.5209656
6783	NA	4.951101
6785	NA	4.8481793
6786	NA	4.7570114
6787	NA	3.737569
6788	NA	3.6157427
6790	NA	3.7880063
6792	NA	4.56474
6793	NA	4.6497927
6794	NA	4.904487
6795	NA	4.6133337
6796	NA	3.7079186
6797	NA	3.5554912
6798	NA	3.9094598
6801	NA	4.9808774
6803	NA	4.825567
6806	NA	3.927996
6807	NA	4.1199703
6808	NA	4.119092
6809	NA	4.0124655
6811	NA	4.0124
6815	NA	4.834747
6817	NA	4.2681265
6818	NA	4.452707
6820	NA	4.5384307
6821	NA	4.6601944
6823	NA	4.2177515
6826	NA	4.3866153
6827	NA	3.9887168
6828	NA	4.209076
6829	NA	4.1968126
6831	NA	4.3367977
6832	NA	4.8275175
6835	NA	4.877952
6836	NA	3.7876432
6837	NA	3.611029
6838	NA	3.7066202
6839	NA	3.7699728
6841	NA	4.79709
6842	NA	4.515568
6844	NA	4.897307
6846	NA	3.8280213
6848	NA	3.6922877
6850	NA	3.1883786
6852	NA	4.844018
6853	NA	4.762412
6854	NA	4.630363
6856	NA	4.1919537
6858	NA	4.1593585
6859	NA	4.1095405
6860	NA	4.1921268
6861	NA	4.9653225
6864	NA	4.755681
6867	NA	4.456616
6871	NA	4.581296
6872	NA	4.849648
6873	NA	4.67995
6874	NA	4.1062045
6876	NA	4.006861
6878	NA	4.144379
6881	NA	4.9247146
6882	NA	4.8450327
6883	NA	4.2438025
6886	NA	4.109534
6888	NA	4.9625673
6889	NA	4.904368
6891	NA	4.9262204
6892	NA	4.304236
6893	NA	4.2508426
6895	NA	4.3959684
6898	NA	4.933239
6900	NA	4.893945
6904	NA	4.7540197
6906	NA	4.957287
6908	NA	4.8543277
6909	NA	4.8834844
6910	NA	4.6745305
6911	NA	4.5948505
6915	NA	5.0
6916	NA	4.663558
6917	NA	4.9607177
6925	NA	4.2187743
6926	NA	4.9690804
6928	NA	4.9300036
6929	NA	4.777572
6930	NA	3.990129
6933	NA	3.8379862
6935	NA	4.7690387
6936	NA	4.6967683
6937	NA	4.7480164
6938	NA	4.9447145
6939	NA	4.9888406
6941	NA	3.8448622
6943	NA	3.9026868
6944	NA	3.8695745
6949	NA	4.969089
6951	NA	4.5575075
6952	NA	4.60786
6953	NA	4.5251975
6954	NA	4.5459514
6956	NA	4.6329846
6959	NA	4.8721967
6960	NA	4.491865
6962	NA	3.1146507
6963	NA	2.7754858
6965	NA	3.2329767
6967	NA	3.028714
6972	NA	4.904736
6973	NA	4.292649
6976	NA	4.1649613
6977	NA	4.3127728
6984	NA	4.165933
6985	NA	4.252131
6986	NA	4.204049
6988	NA	4.795586
6989	NA	4.636431
6990	NA	4.9656167
6999	NA	4.753549
7003	NA	4.0240297
7010	NA	4.547172
7011	NA	4.4079604
7012	NA	4.350151
7014	NA	4.600103
7015	NA	4.833743
7017	NA	4.7081857
7023	NA	3.6783125
7024	NA	3.671655
7029	NA	4.883617
7030	NA	4.2568903
7031	NA	4.130525
7032	NA	4.3347187
7033	NA	4.3393526
7034	NA	4.2564044
7036	NA	3.9663684
7037	NA	4.812843
7038	NA	4.9359217
7039	NA	4.932846
7041	NA	4.3451343
7042	NA	4.457991
7046	NA	4.5862017
7047	NA	4.8030343
7048	NA	4.984692
7049	NA	4.9678087
7050	NA	4.452035
7051	NA	4.466769
7052	NA	4.235523
7053	NA	4.29153
7055	NA	4.8529124
7057	NA	4.72036
7059	NA	4.3907237
7062	NA	4.2891326
7065	NA	4.8444104
7067	NA	4.7629986
7068	NA	3.5421026
7069	NA	3.8886547
7071	NA	3.509297
7072	NA	3.6007986
7073	NA	4.827528
7075	NA	4.984526
7076	NA	4.8569155
7078	NA	4.326179
7079	NA	4.6146183
7080	NA	4.541685
7089	NA	4.149843
7091	NA	4.224664
7095	NA	4.860098
7096	NA	4.658641
7097	NA	4.2790093
7098	NA	4.1267853
7102	NA	4.9371357
7106	NA	5.0
7107	NA	4.1934032
7109	NA	4.2355003
7111	NA	4.0651436
7112	NA	4.2355003
7113	NA	4.920611
7114	NA	4.756119
7115	NA	4.9033933
7117	NA	4.2373977
7122	NA	4.901379
7128	NA	4.824523
7129	NA	4.788415
7130	NA	4.886112
7131	NA	4.967091
7132	NA	4.8160677
7134	NA	4.825076
7135	NA	4.644859
7136	NA	4.698055
7137	NA	4.5435514
7140	NA	4.798849
7141	NA	4.896774
7142	NA	4.8475747
7146	NA	4.8380675
7147	NA	4.0689645
7148	NA	3.9617732
7149	NA	4.215682
7151	NA	3.984322
7152	NA	4.0682726
7154	NA	4.9181542
7157	NA	4.751469
7158	NA	4.561005
7159	NA	4.5140905
7160	NA	4.7013745
7162	NA	4.5916653
7163	NA	4.9030886
7167	NA	4.369281
7168	NA	4.2801824
7169	NA	4.3090343
7170	NA	4.3777256
7171	NA	4.18858
7172	NA	4.3929415
7173	NA	4.952608
7174	NA	4.8070207
7175	NA	4.8107214
7176	NA	4.7854633
7177	NA	4.44629
7178	NA	4.2568593
7179	NA	4.3661075
7180	NA	4.417802
7181	NA	4.387285
7182	NA	4.7154064
7183	NA	4.878497
7184	NA	4.826689
7187	NA	3.9843085
7188	NA	4.1975656
7190	NA	4.087957
7191	NA	4.0881004
7192	NA	4.183651
7193	NA	4.975163
7194	NA	4.635005
7195	NA	4.707362
7197	NA	4.1522837
7198	NA	4.3789134
7199	NA	4.433218
7201	NA	4.4295783
7202	NA	4.90035
7203	NA	4.773895
7206	NA	4.9773226
7207	NA	4.5749087
7212	NA	4.557719
7215	NA	4.7992315
7216	NA	4.6580467
7220	NA	4.3570285
7223	NA	4.8103485
7225	NA	4.796085
7227	NA	4.0070095
7231	NA	3.8398056
7232	NA	3.8964095
7233	NA	4.826174
7236	NA	4.97783
7238	NA	4.3719287
7243	NA	4.372585
7244	NA	4.9562144
7245	NA	4.9852896
7247	NA	4.7769337
7248	NA	4.8860393
7249	NA	4.2561126
7250	NA	4.367506
7251	NA	4.3578267
7253	NA	4.291509
7254	NA	4.295337
7255	NA	4.9475017
7256	NA	4.9308352
7257	NA	4.8374786
7258	NA	4.7919555
7259	NA	4.934624
7260	NA	4.4036837
7261	NA	4.2255363
7263	NA	4.3865714
7264	NA	4.4322295
7265	NA	4.409831
7266	NA	4.9683065
7272	NA	4.498813
7273	NA	4.4038987
7275	NA	4.7265134
7278	NA	4.935314
7279	NA	4.224121
7282	NA	4.176081
7283	NA	4.2403274
7284	NA	4.9659314
7285	NA	4.982387
7286	NA	4.874278
7288	NA	4.8954024
7289	NA	3.3339422
7290	NA	3.5221603
7295	NA	4.9619684
7296	NA	4.9246516
7297	NA	4.8895802
7299	NA	4.3040905
7301	NA	4.4516335
7303	NA	4.4408307
7305	NA	4.9368258
7307	NA	4.920517
7308	NA	4.7479296
7310	NA	4.64192
7312	NA	4.7255263
7317	NA	4.9402785
7318	NA	4.923223
7321	NA	4.8097405
7323	NA	4.826472
7324	NA	4.936496
7325	NA	4.9460115
7326	NA	4.840694
7327	NA	4.871545
7328	NA	4.2548294
7329	NA	4.373073
7330	NA	4.265078
7331	NA	4.2076945
7333	NA	4.3644586
7336	NA	4.83241
7337	NA	4.9495697
7338	NA	4.858371
7339	NA	4.780014
7341	NA	3.464848
7342	NA	3.5226758
7345	NA	3.5614493
7348	NA	4.849312
7351	NA	3.9132905
7354	NA	4.201381
7355	NA	3.878091
7357	NA	4.8503714
7360	NA	4.666927
7361	NA	3.8935788
7366	NA	4.695577
7369	NA	4.893251
7373	NA	4.401071
7376	NA	4.4037886
7377	NA	4.937283
7378	NA	4.7629633
7379	NA	4.552436
7380	NA	4.7532835
7382	NA	4.101728
7384	NA	4.4230366
7385	NA	4.3298717
7387	NA	4.178338
7393	NA	4.1443963
7395	NA	4.8536396
7396	NA	4.6372647
7400	NA	4.1736298
7401	NA	3.838198
7403	NA	4.0901804
7405	NA	4.9378867
7406	NA	4.8943734
7407	NA	4.766667
7408	NA	4.0276456
7409	NA	4.03467
7412	NA	4.103405
7413	NA	4.7713
7415	NA	4.758142
7421	NA	4.5980306
7424	NA	4.88325
7425	NA	4.8348413
7426	NA	4.8586125
7429	NA	4.5810375
7430	NA	4.7633142
7431	NA	4.582716
7433	NA	4.9196672
7435	NA	4.5725126
7436	NA	4.8925595
7439	NA	4.2857566
7440	NA	4.363481
7442	NA	4.90477
7443	NA	4.945234
7447	NA	4.888057
7449	NA	3.843893
7450	NA	3.6914053
7453	NA	3.7423244
7456	NA	4.703796
7458	NA	4.442445
7460	NA	4.0354843
7463	NA	3.8371172
7465	NA	3.846387
7467	NA	4.938635
7469	NA	4.9515123
7473	NA	4.400647
7478	NA	4.013728
7480	NA	4.6445775
7482	NA	3.890841
7484	NA	4.254601
7488	NA	4.771732
7489	NA	4.881137
7490	NA	4.352451
7494	NA	4.5051813
7495	NA	4.933617
7498	NA	4.905255
7500	NA	4.5541277
7502	NA	4.6430397
7510	NA	4.4676647
7512	NA	4.3884087
7513	NA	4.451436
7514	NA	4.467788
7515	NA	4.7820706
7517	NA	4.960977
7518	NA	4.9123464
7519	NA	4.460004
7520	NA	4.363316
7521	NA	4.5532475
7523	NA	4.459896
7524	NA	4.940933
7528	NA	4.8250165
7529	NA	4.214689
7530	NA	4.050166
7531	NA	3.9153814
7535	NA	4.9364653
7536	NA	4.8677697
7538	NA	4.9780912
7540	NA	4.2014422
7552	NA	4.766359
7555	NA	4.84292
7560	NA	4.3478904
7562	NA	4.22277
7565	NA	4.2137814
7566	NA	4.958547
7568	NA	4.966047
7570	NA	4.642855
7571	NA	4.60346
7574	NA	4.69861
7575	NA	4.844383
7578	NA	4.613414
7579	NA	3.0254838
7584	NA	3.935704
7585	NA	4.1684327
7586	NA	4.82413
7589	NA	4.847772
7591	NA	4.0215178
7592	NA	4.276471
7593	NA	4.397831
7595	NA	4.597771
7596	NA	4.463475
7597	NA	4.1412644
7598	NA	4.9014306
7600	NA	4.1924376
7601	NA	3.9312522
7602	NA	3.998656
7604	NA	3.5379057
7605	NA	4.1032357
7607	NA	4.828955
7610	NA	4.4061375
7614	NA	4.482101
7615	NA	4.959713
7617	NA	4.6816363
7620	NA	4.1713877
7621	NA	3.7482953
7623	NA	4.0861635
7624	NA	4.092537
7626	NA	4.8874183
7627	NA	4.9087753
7628	NA	4.9850116
7631	NA	4.7401276
7632	NA	4.6821675
7633	NA	4.71741
7635	NA	4.9125476
7637	NA	4.931563
7640	NA	4.2096395
7644	NA	4.248764
7645	NA	4.2338176
7646	NA	4.977864
7650	NA	4.3938794
7655	NA	4.9225826
7656	NA	4.8692594
7661	NA	4.610167
7663	NA	4.66713
7664	NA	4.497358
7671	NA	4.2766733
7673	NA	4.3021293
7674	NA	4.3104234
7676	NA	4.7701106
7679	NA	4.8962493
7683	NA	3.8308296
7684	NA	3.967507
7685	NA	3.9698539
7686	NA	4.9440427
7690	NA	4.040318
7691	NA	4.0368624
7693	NA	3.8592668
7694	NA	4.022612
7695	NA	4.8013115
7696	NA	4.7732677
7698	NA	4.9462624
7704	NA	3.6549969
7705	NA	3.7148607
7706	NA	4.9752784
7708	NA	4.9643545
7709	NA	4.913888
7710	NA	4.6312647
7713	NA	4.4312983
7715	NA	4.9379063
7717	NA	4.8916554
7721	NA	4.5675793
7725	NA	4.872373
7727	NA	5.0
7730	NA	3.4927378
7735	NA	4.935446
7736	NA	4.587384
7737	NA	4.867272
7738	NA	4.73897
7745	NA	4.7099276
7748	NA	4.706667
7749	NA	3.7097638
7750	NA	3.9211035
7756	NA	4.773889
7758	NA	4.875978
7759	NA	4.699096
7761	NA	4.1196856
7762	NA	4.2387137
7765	NA	4.1445465
7766	NA	4.8284626
7767	NA	4.913769
7770	NA	4.468489
7773	NA	4.003129
7774	NA	4.178305
7775	NA	4.241393
7783	NA	4.3547034
7786	NA	4.886043
7788	NA	4.595267
7789	NA	4.949316
7791	NA	3.8165624
7796	NA	4.698152
7797	NA	4.97583
7799	NA	4.435602
7800	NA	4.4083343
7801	NA	4.3531995
7802	NA	4.106939
7803	NA	4.4255705
7806	NA	4.9464693
7809	NA	4.0134254
7812	NA	4.2163906
7814	NA	4.872196
7815	NA	4.8875327
7816	NA	4.9787736
7818	NA	4.201971
7824	NA	4.8738523
7825	NA	4.8734612
7826	NA	4.686159
7827	NA	4.608699
7828	NA	4.556207
7829	NA	4.4536376
7830	NA	4.507751
7831	NA	4.839607
7832	NA	4.7523375
7833	NA	4.688267
7835	NA	4.6283884
7837	NA	4.7671237
7840	NA	4.898058
7842	NA	4.8669243
7843	NA	4.9318023
7845	NA	4.0978174
7846	NA	4.008514
7848	NA	4.1455297
7850	NA	4.9542875
7852	NA	4.9568768
7853	NA	4.371537
7854	NA	4.3174553
7855	NA	3.9603515
7856	NA	4.198273
7857	NA	4.260119
7858	NA	4.932292
7860	NA	4.838488
7862	NA	4.5628257
7863	NA	4.498232
7865	NA	4.717286
7870	NA	4.867917
7871	NA	4.967169
7873	NA	4.4913573
7874	NA	4.296394
7879	NA	3.9490314
7880	NA	4.89714
7882	NA	4.4177213
7883	NA	4.4931316
7885	NA	3.6827927
7886	NA	4.496509
7894	NA	4.7835073
7895	NA	4.802774
7897	NA	4.7228413
7901	NA	4.3946033
7904	NA	4.4539347
7905	NA	4.9325066
7907	NA	4.9600563
7908	NA	4.9630585
7910	NA	4.496182
7911	NA	4.5152383
7913	NA	4.4898286
7914	NA	4.4165235
7915	NA	4.48227
7916	NA	4.7844353
7918	NA	4.909907
7919	NA	4.7394786
7920	NA	4.6820884
7922	NA	4.624368
7924	NA	4.8010206
7928	NA	4.9428353
7929	NA	3.7527044
7930	NA	3.7488194
7931	NA	3.8123143
7941	NA	3.8581355
7942	NA	3.880209
7943	NA	4.7894707
7944	NA	4.9915247
7945	NA	4.8906107
7948	NA	3.9618075
7952	NA	4.8956237
7955	NA	4.721712
7956	NA	4.488008
7958	NA	4.4911065
7960	NA	4.509768
7961	NA	4.941428
7962	NA	4.893321
7965	NA	4.850676
7968	NA	4.563585
7969	NA	4.3544183
7970	NA	4.5270395
7974	NA	4.942466
7975	NA	4.9394994
7978	NA	3.9662824
7979	NA	3.9664655
7982	NA	4.9747715
7983	NA	4.7616944
7984	NA	4.923099
7988	NA	3.818977
7991	NA	4.395917
7992	NA	4.8066635
7994	NA	4.872118
8000	NA	4.1221843
8001	NA	4.8588824
8003	NA	4.8299065
8004	NA	4.9390917
8007	NA	3.2089612
8008	NA	3.460924
8009	NA	3.1668146
8011	NA	4.952202
8013	NA	4.9445586
8015	NA	4.067612
8016	NA	4.2292213
8017	NA	3.960784
8019	NA	4.637705
8020	NA	4.717474
8022	NA	4.9562974
8023	NA	4.474452
8026	NA	4.4755397
8027	NA	4.678355
8030	NA	4.825277
8033	NA	4.1733165
8034	NA	4.2112403
8035	NA	4.1790113
8036	NA	4.2270985
8042	NA	4.1573615
8043	NA	4.2746134
8045	NA	4.148109
8046	NA	4.9309444
8048	NA	4.9161325
8051	NA	4.567248
8052	NA	4.568048
8053	NA	4.509201
8054	NA	4.65541
8056	NA	4.9226675
8061	NA	3.8504188
8062	NA	3.8754961
8063	NA	3.890529
8066	NA	4.880083
8070	NA	4.594783
8074	NA	4.898954
8075	NA	4.8565955
8078	NA	3.9673955
8080	NA	3.8916314
8081	NA	3.9957163
8082	NA	4.9479985
8083	NA	4.894286
8085	NA	4.9106984
8086	NA	4.6530733
8087	NA	4.7987604
8088	NA	4.819144
8097	NA	4.5163703
8098	NA	4.548404
8099	NA	4.6104198
8100	NA	4.762868
8101	NA	4.572058
8102	NA	4.9431963
8103	NA	4.882662
8106	NA	4.0455074
8107	NA	4.000275
8111	NA	4.96115
8113	NA	3.4694424
8114	NA	3.440651
8115	NA	3.2809868
8116	NA	3.458908
8117	NA	3.4483578
8118	NA	4.823163
8123	NA	2.8999958
8125	NA	3.3395772
8128	NA	4.882191
8131	NA	4.1973476
8132	NA	4.0607877
8133	NA	4.0432534
8135	NA	4.0485525
8139	NA	4.9579287
8140	NA	4.370031
8142	NA	4.2561107
8144	NA	4.410351
8146	NA	4.9728584
8148	NA	4.9709554
8149	NA	4.43029
8150	NA	4.431439
8151	NA	4.395934
8153	NA	4.4027147
8154	NA	4.7874203
8160	NA	3.7986183
8164	NA	4.966398
8166	NA	4.9835973
8167	NA	4.45705
8169	NA	4.559981
8170	NA	4.5533094
8171	NA	4.5624743
8172	NA	4.8014927
8174	NA	4.9127793
8176	NA	4.5272655
8178	NA	4.54877
8181	NA	4.933676
8182	NA	4.908196
8183	NA	4.730754
8185	NA	4.6021113
8188	NA	4.8566875
8197	NA	4.330289
8198	NA	4.25931
8202	NA	4.9047685
8203	NA	4.470529
8204	NA	4.5879455
8205	NA	4.606749
8207	NA	4.6213703
8208	NA	4.968061
8209	NA	4.8523574
8214	NA	4.33897
8218	NA	4.4020743
8221	NA	4.0258975
8222	NA	3.8219707
8224	NA	3.8077044
8226	NA	4.862928
8229	NA	4.946299
8231	NA	4.5367928
8232	NA	4.437881
8234	NA	4.5918617
8235	NA	4.857372
8236	NA	4.873868
8237	NA	4.7507043
8238	NA	4.71815
8239	NA	3.7727914
8240	NA	3.9791305
8241	NA	3.8465917
8242	NA	3.8207512
8243	NA	3.9510674
8244	NA	4.955154
8245	NA	4.9582663
8250	NA	4.545011
8252	NA	4.5089116
8253	NA	4.9649086
8254	NA	4.9050946
8255	NA	4.922188
8256	NA	4.9373364
8257	NA	4.6873755
8259	NA	4.6284246
8260	NA	4.518917
8261	NA	4.614861
8262	NA	4.9410543
8265	NA	4.9512477
8268	NA	4.3458285
8270	NA	4.3089485
8271	NA	4.9301867
8273	NA	4.785296
8275	NA	3.5928364
8278	NA	3.4827156
8279	NA	3.538935
8280	NA	4.7925463
8284	NA	4.269532
8286	NA	4.0416884
8287	NA	4.128806
8290	NA	4.5251594
8291	NA	4.884404
8292	NA	4.9430223
8293	NA	4.159422
8295	NA	4.035336
8297	NA	4.28788
8298	NA	4.6035748
8299	NA	4.9845777
8301	NA	4.907335
8302	NA	4.5426016
8303	NA	4.6978307
8308	NA	4.9134836
8309	NA	4.942002
8310	NA	4.994738
8311	NA	3.5391886
8315	NA	3.5254736
8318	NA	4.317845
8319	NA	4.75171
8320	NA	3.8491116
8322	NA	3.1421928
8324	NA	4.0628242
8332	NA	4.1405673
8337	NA	4.9794707
8341	NA	4.2414775
8342	NA	4.2661676
8344	NA	4.923038
8346	NA	4.9548817
8348	NA	4.7032022
8350	NA	4.7221117
8353	NA	4.836407
8354	NA	4.9076605
8357	NA	4.642485
8359	NA	4.6664557
8361	NA	4.906136
8364	NA	4.9632297
8365	NA	4.4565816
8369	NA	4.525442
8370	NA	4.9424696
8371	NA	4.526105
8372	NA	4.9339056
8373	NA	4.8927035
8378	NA	3.8178618
8380	NA	4.9534345
8382	NA	4.76804
8385	NA	4.387824
8386	NA	4.31497
8387	NA	4.3592234
8390	NA	4.937511
8391	NA	4.953919
8392	NA	4.3113813
8393	NA	4.37459
8394	NA	4.3080006
8395	NA	4.3872824
8397	NA	4.6786747
8399	NA	4.819129
8401	NA	4.432582
8402	NA	4.2778487
8403	NA	3.9294384
8405	NA	4.451731
8408	NA	4.9109573
8410	NA	4.6433153
8411	NA	4.732466
8413	NA	4.797426
8414	NA	4.7812734
8415	NA	4.760515
8416	NA	4.8946075
8418	NA	4.935808
8420	NA	4.275936
8422	NA	4.212691
8423	NA	4.230295
8427	NA	4.7063975
8428	NA	3.8112252
8429	NA	3.7592142
8432	NA	3.8090594
8433	NA	4.8403096
8436	NA	4.9608016
8438	NA	4.1834197
8439	NA	4.0415564
8440	NA	4.258582
8442	NA	4.7243314
8443	NA	4.963263
8445	NA	4.858309
8447	NA	4.5808377
8448	NA	4.471314
8450	NA	4.700383
8454	NA	4.9636087
8463	NA	4.9574885
8464	NA	4.2519617
8465	NA	4.19219
8466	NA	4.0371523
8467	NA	4.239116
8468	NA	4.2241573
8472	NA	4.9919477
8473	NA	4.2474403
8477	NA	4.2170134
8478	NA	4.874695
8480	NA	4.7479467
8485	NA	4.4769936
8487	NA	4.8275075
8488	NA	4.802977
8491	NA	4.2446055
8495	NA	4.370205
8496	NA	4.7262526
8497	NA	4.8754416
8498	NA	4.6506553
8499	NA	4.893772
8503	NA	4.7163315
8508	NA	4.9733152
8509	NA	3.7136567
8510	NA	3.8875134
8513	NA	3.9339705
8515	NA	4.82414
8518	NA	4.5339236
8519	NA	4.5472255
8522	NA	4.638194
8523	NA	4.9069896
8526	NA	4.943615
8527	NA	3.9182084
8531	NA	3.8878834
8533	NA	4.7858186
8534	NA	4.8652735
8535	NA	4.9493647
8539	NA	4.1483316
8540	NA	4.410463
8542	NA	4.85373
8544	NA	4.966771
8545	NA	4.4492774
8546	NA	4.4503746
8547	NA	4.23549
8549	NA	4.4754586
8550	NA	4.9514413
8552	NA	4.903686
8553	NA	4.867469
8554	NA	4.682323
8556	NA	4.7048626
8557	NA	4.720264
8559	NA	4.9567404
8560	NA	4.8832164
8565	NA	4.5497184
8568	NA	4.263958
8570	NA	4.9035373
8573	NA	4.257213
8575	NA	4.2721763
8577	NA	4.5185857
8579	NA	4.9535832
8580	NA	4.9073334
8583	NA	3.9522293
8585	NA	4.218498
8587	NA	4.855334
8591	NA	4.138419
8592	NA	4.260298
8595	NA	4.9013133
8599	NA	4.2603025
8602	NA	4.4119797
8603	NA	4.4668117
8604	NA	4.905708
8605	NA	4.9040294
8612	NA	4.3578506
8615	NA	4.910232
8616	NA	4.943758
8617	NA	4.376803
8619	NA	4.285983
8621	NA	4.3727736
8623	NA	4.3337674
8625	NA	4.7851315
8628	NA	3.652595
8634	NA	4.953759
8638	NA	4.227336
8640	NA	4.9198723
8641	NA	4.995592
8642	NA	4.8309135
8643	NA	4.7040787
8644	NA	4.924892
8648	NA	4.2578917
8650	NA	4.339635
8652	NA	4.9176855
8653	NA	4.8811235
8654	NA	4.8286643
8655	NA	4.367377
8659	NA	4.3771257
8661	NA	4.431457
8662	NA	4.7996445
8666	NA	3.8671968
8667	NA	3.5491617
8670	NA	4.7685075
8671	NA	4.946398
8672	NA	4.987554
8673	NA	4.3604975
8677	NA	4.342645
8681	NA	4.985441
8682	NA	3.6395388
8687	NA	4.7242064
8688	NA	4.8299417
8693	NA	4.4285297
8694	NA	4.4445624
8695	NA	4.5838704
8698	NA	4.9825544
8701	NA	4.8360744
8703	NA	4.798365
8704	NA	4.861621
8706	NA	4.9847665
8707	NA	4.9141984
8710	NA	4.2003484
8711	NA	4.166869
8713	NA	4.179935
8715	NA	4.8584213
8717	NA	4.903763
8718	NA	4.1240687
8720	NA	4.2381926
8721	NA	4.198015
8722	NA	4.2143884
8723	NA	4.7673597
8725	NA	4.7133684
8726	NA	4.919651
8729	NA	4.5573277
8730	NA	4.5291667
8731	NA	4.539044
8732	NA	4.7142243
8733	NA	4.858829
8734	NA	4.8618407
8735	NA	4.801241
8736	NA	4.3745604
8737	NA	4.456043
8740	NA	4.6760015
8744	NA	4.94644
8745	NA	4.566888
8747	NA	4.6758447
8752	NA	4.68921
8754	NA	4.076123
8755	NA	4.422321
8758	NA	4.46664
8761	NA	4.927207
8762	NA	4.915055
8763	NA	3.9284365
8764	NA	3.7633479
8765	NA	3.9312475
8769	NA	4.924814
8770	NA	4.7050214
8771	NA	4.905704
8772	NA	4.2282734
8773	NA	4.4101915
8774	NA	4.2757797
8776	NA	4.4007955
8778	NA	4.986636
8780	NA	4.8056517
8782	NA	4.47926
8785	NA	4.5369143
8788	NA	4.9501605
8789	NA	4.9958344
8793	NA	4.2826905
8795	NA	4.7297883
8797	NA	4.7588177
8798	NA	4.74045
8799	NA	4.5983434
8802	NA	4.4837728
8803	NA	4.5931587
8804	NA	4.765761
8807	NA	4.9225802
8808	NA	3.860449
8809	NA	4.1970468
8810	NA	4.4632993
8811	NA	4.3247952
8812	NA	4.242209
8817	NA	4.8877563
8818	NA	4.6278834
8819	NA	4.711483
8820	NA	4.681156
8821	NA	4.8120666
8824	NA	4.9465623
8825	NA	4.9966683
8826	NA	4.375625
8827	NA	4.222909
8828	NA	4.1853538
8829	NA	4.257472
8831	NA	4.8821983
8833	NA	4.9162397
8835	NA	4.517084
8837	NA	4.479699
8839	NA	4.484655
8840	NA	4.914885
8843	NA	4.9836483
8845	NA	4.2062907
8847	NA	4.264178
8849	NA	4.873182
8850	NA	4.9180136
8851	NA	4.897373
8853	NA	4.809009
8857	NA	4.7163157
8860	NA	4.980878
8861	NA	4.984202
8863	NA	4.6286697
8864	NA	4.6725945
8865	NA	4.6399837
8866	NA	4.637959
8868	NA	4.6311383
8870	NA	4.9868298
8871	NA	4.4621687
8872	NA	4.258128
8874	NA	4.129946
8877	NA	4.910282
8880	NA	4.153449
8881	NA	4.0264063
8882	NA	4.0056505
8883	NA	4.046379
8884	NA	4.100672
8885	NA	4.9711714
8886	NA	4.993354
8887	NA	4.747487
8889	NA	4.132164
8890	NA	4.1089997
8891	NA	4.1061254
8893	NA	4.1032524
8895	NA	4.824548
8896	NA	4.884707
8897	NA	4.901882
8898	NA	3.9188557
8899	NA	3.8807526
8900	NA	3.4143393
8904	NA	4.974315
8905	NA	4.9247823
8906	NA	4.9294605
8909	NA	4.058767
8910	NA	4.234486
8911	NA	4.233305
8912	NA	4.6729255
8919	NA	4.308285
8920	NA	4.3694253
8921	NA	4.5997105
8922	NA	4.905357
8923	NA	4.8210077
8925	NA	4.3148007
8927	NA	4.263659
8928	NA	4.2043624
8929	NA	4.3120193
8930	NA	4.9680214
8931	NA	4.9689107
8933	NA	4.9512525
8935	NA	4.451894
8939	NA	4.7584715
8940	NA	4.850956
8946	NA	3.952916
8947	NA	4.0555587
8950	NA	4.893419
8951	NA	4.8838854
8953	NA	4.779435
8954	NA	4.8207517
8960	NA	4.894913
8962	NA	4.0134964
8968	NA	5.0
8969	NA	4.959025
8970	NA	4.5566635
8971	NA	4.570094
8974	NA	4.5566635
8975	NA	4.8777122
8979	NA	4.41108
8981	NA	4.1411858
8984	NA	4.8607154
8985	NA	4.884121
8989	NA	4.561833
8990	NA	4.5720286
8991	NA	4.488698
8993	NA	4.8638344
8995	NA	4.9471383
8997	NA	4.9467435
9002	NA	4.5893946
9003	NA	4.5891848
9004	NA	4.9041357
9007	NA	4.9502077
9008	NA	4.599788
9009	NA	4.6119776
9010	NA	4.738833
9012	NA	4.693847
9013	NA	4.9143267
9016	NA	4.9552064
9018	NA	4.14228
9020	NA	4.2384143
9022	NA	4.9160666
9023	NA	4.5794744
9025	NA	4.967789
9026	NA	3.6805935
9027	NA	3.6648638
9032	NA	4.846067
9034	NA	4.9553194
9042	NA	4.8889546
9043	NA	4.979863
9047	NA	4.6848297
9048	NA	4.735712
9049	NA	4.8988004
9052	NA	4.945791
9055	NA	4.3370748
9057	NA	4.2421517
9059	NA	4.7390523
9060	NA	4.6857476
9061	NA	4.941624
9062	NA	4.3528624
9063	NA	4.2419686
9064	NA	4.4499254
9065	NA	3.9615366
9072	NA	3.9572122
9076	NA	4.8378468
9079	NA	4.9739456
9081	NA	4.3923635
9082	NA	4.4056
9084	NA	4.4551773
9087	NA	4.817426
9088	NA	4.739607
9089	NA	3.6724384
9091	NA	3.6863067
9092	NA	3.7706769
9100	NA	4.3657737
9104	NA	4.9555373
9105	NA	4.816652
9107	NA	3.9789298
9111	NA	4.2444367
9112	NA	4.4267
9114	NA	4.8481927
9115	NA	4.853003
9116	NA	4.2781925
9118	NA	4.4122834
9119	NA	4.3024287
9120	NA	4.215077
9121	NA	4.9787927
9122	NA	4.9795322
9123	NA	4.9256086
9124	NA	4.9352207
9128	NA	4.080445
9130	NA	4.8754454
9135	NA	4.8044424
9138	NA	4.822218
9143	NA	4.6900616
9144	NA	4.716269
9145	NA	4.723806
9149	NA	4.964282
9151	NA	4.993079
9152	NA	4.362669
9154	NA	4.3115788
9157	NA	4.903646
9158	NA	4.8253202
9162	NA	4.514524
9163	NA	4.3978825
9164	NA	4.394836
9165	NA	4.5059505
9166	NA	4.900771
9168	NA	4.8963885
9170	NA	4.8535256
9173	NA	4.791833
9174	NA	4.834454
9175	NA	4.161412
9176	NA	4.636139
9178	NA	4.726428
9179	NA	4.0690784
9180	NA	4.03336
9182	NA	3.967311
9190	NA	4.2764244
9191	NA	4.350504
9195	NA	4.784081
9197	NA	4.406192
9199	NA	4.3997273
9201	NA	4.4009533
9202	NA	4.775191
9203	NA	4.9921985
9204	NA	4.912676
9205	NA	4.906071
9207	NA	4.5167747
9209	NA	4.594693
9210	NA	4.6040416
9214	NA	4.9507318
9216	NA	3.8329413
9217	NA	3.7881427
9218	NA	3.7491386
9219	NA	3.899295
9220	NA	4.937703
9221	NA	4.9682994
9225	NA	3.2855299
9226	NA	3.3550696
9227	NA	3.3480837
9228	NA	3.3750315
9229	NA	4.6323113
9231	NA	4.9143815
9232	NA	4.9561763
9234	NA	4.7959266
9237	NA	4.834899
9243	NA	4.2565627
9244	NA	4.271239
9245	NA	4.320221
9246	NA	4.3010025
9248	NA	4.9331727
9251	NA	3.7541857
9252	NA	3.775312
9253	NA	3.73451
9256	NA	4.966424
9257	NA	4.953815
9258	NA	4.9355865
9260	NA	4.6082096
9261	NA	4.518023
9263	NA	4.509702
9265	NA	4.968924
9266	NA	4.987237
9267	NA	4.2293334
9268	NA	4.9577827
9270	NA	4.186791
9271	NA	4.168705
9276	NA	4.7682486
9277	NA	4.9589133
9278	NA	4.4090395
9279	NA	4.529708
9282	NA	4.535589
9283	NA	4.888528
9286	NA	4.97509
9289	NA	4.4556093
9290	NA	4.5031433
9291	NA	4.5103083
9294	NA	4.8927183
9296	NA	4.0687675
9298	NA	4.0388923
9301	NA	4.9804144
9302	NA	4.956241
9304	NA	4.772175
9306	NA	3.5711617
9310	NA	4.906511
9311	NA	4.724196
9312	NA	4.7299366
9316	NA	3.76103
9317	NA	3.5579793
9318	NA	3.6630387
9320	NA	4.79196
9321	NA	4.9058666
9322	NA	4.924017
9324	NA	3.9852855
9325	NA	3.882092
9331	NA	4.981003
9332	NA	4.9599547
9333	NA	4.9809313
9334	NA	4.7125673
9339	NA	4.921987
9340	NA	4.9566746
9341	NA	4.8335347
9345	NA	4.2796526
9346	NA	4.216626
9347	NA	4.263984
9348	NA	4.886241
9352	NA	3.5798674
9353	NA	3.631118
9355	NA	3.7147455
9357	NA	4.8610106
9358	NA	4.9529243
9360	NA	4.8843794
9363	NA	3.9906142
9364	NA	4.238645
9365	NA	4.2572575
9366	NA	4.956655
9372	NA	4.388786
9376	NA	4.5125337
9378	NA	4.9506845
9379	NA	3.630631
9381	NA	3.8183696
9382	NA	3.75927
9383	NA	3.6818988
9384	NA	4.7085814
9390	NA	3.4459474
9392	NA	3.5004737
9396	NA	4.943491
9397	NA	4.6601443
9398	NA	4.687177
9399	NA	4.5787616
9403	NA	4.6461062
9404	NA	4.8069882
9405	NA	4.9742084
9406	NA	3.9217088
9409	NA	3.9920588
9410	NA	3.9317229
9411	NA	4.9110136
9415	NA	4.2075143
9416	NA	4.289258
9417	NA	4.3215747
9418	NA	4.1985307
9419	NA	4.2854314
9420	NA	4.9191837
9421	NA	4.991429
9422	NA	4.8851447
9428	NA	4.571643
9429	NA	4.77358
9432	NA	4.932677
9440	NA	4.9877696
9441	NA	4.9602165
9443	NA	4.2354903
9446	NA	4.391159
9450	NA	4.9292912
9454	NA	4.2157025
9458	NA	4.906068
9459	NA	4.95861
9460	NA	4.860343
9463	NA	3.9689946
9464	NA	3.9936235
9466	NA	4.0167665
9468	NA	4.98156
9470	NA	4.772437
9472	NA	3.6748638
9474	NA	3.475354
9476	NA	4.9191914
9477	NA	4.9191203
9478	NA	3.3926182
9479	NA	4.84347
9480	NA	3.185499
9481	NA	4.452853
9483	NA	4.5443454
9484	NA	4.560738
9485	NA	4.9569387
9486	NA	4.5108547
9487	NA	4.658591
9491	NA	4.288817
9494	NA	4.799482
9498	NA	3.901889
9501	NA	3.7126317
9503	NA	4.963362
9505	NA	4.7367063
9507	NA	4.434083
9508	NA	4.152558
9509	NA	4.2618327
9511	NA	4.3125596
9513	NA	4.9682026
9514	NA	4.8868985
9518	NA	4.2969637
9519	NA	4.4523025
9520	NA	4.4588237
9521	NA	4.6622996
9522	NA	4.6194496
9523	NA	4.611242
9527	NA	4.2726374
9528	NA	4.21194
9533	NA	4.8605275
9534	NA	4.2543025
9536	NA	4.054325
9539	NA	4.9085603
9543	NA	4.284915
9546	NA	4.2790365
9547	NA	4.2627277
9548	NA	4.701739
9550	NA	4.895763
9552	NA	4.652682
9553	NA	4.5430546
9559	NA	4.9430737
9560	NA	4.8092365
9564	NA	4.4172792
9566	NA	4.6435313
9568	NA	4.94668
9573	NA	4.184932
9575	NA	4.863707
9582	NA	4.0478086
9585	NA	4.721416
9586	NA	4.936487
9587	NA	4.9866266
9588	NA	4.8550363
9589	NA	3.9305296
9590	NA	3.9834235
9595	NA	3.927909
9596	NA	4.8249846
9597	NA	4.779676
9598	NA	4.9277544
9601	NA	4.2085133
9603	NA	3.6023357
9606	NA	4.852015
9608	NA	4.2775164
9611	NA	4.148433
9612	NA	4.2364373
9613	NA	4.9361825
9614	NA	4.9424086
9618	NA	3.9563813
9619	NA	3.9379656
9620	NA	4.0911274
9621	NA	4.005013
9622	NA	4.9489355
9625	NA	4.9727783
9626	NA	4.581123
9628	NA	4.6067057
9629	NA	4.588052
9630	NA	4.6013756
9633	NA	4.9144363
9634	NA	4.9747024
9637	NA	4.771947
9640	NA	4.8203506
9642	NA	4.852687
9647	NA	3.8725514
9648	NA	3.8114014
9649	NA	3.9912794
9652	NA	4.9425793
9654	NA	4.8686185
9655	NA	4.3605237
9658	NA	4.3832393
9660	NA	4.8862305
9661	NA	4.9750915
9663	NA	4.898225
9664	NA	4.7509246
9670	NA	4.9745855
9671	NA	4.9466186
9672	NA	4.9973965
9673	NA	4.171439
9674	NA	4.2011533
9679	NA	4.975522
9681	NA	4.995396
9682	NA	4.3354096
9683	NA	4.3275456
9685	NA	4.3005476
9686	NA	4.3305783
9688	NA	4.742074
9690	NA	4.620486
9693	NA	4.1549063
9696	NA	4.859278
9705	NA	4.906774
9707	NA	4.975963
9711	NA	4.6989636
9712	NA	4.5939927
9714	NA	4.936395
9716	NA	4.58618
9724	NA	4.9553843
9725	NA	4.9784894
9727	NA	4.2122483
9728	NA	4.1499505
9729	NA	4.500589
9732	NA	4.622257
9734	NA	4.9829755
9735	NA	4.9806123
9737	NA	4.2081537
9739	NA	4.209446
9740	NA	4.1924443
9741	NA	4.8451376
9742	NA	4.89763
9743	NA	4.9855986
9750	NA	4.9170804
9751	NA	4.9899244
9754	NA	4.4155364
9755	NA	4.382928
9756	NA	4.4555526
9761	NA	3.9241943
9762	NA	3.522674
9767	NA	4.0511003
9768	NA	3.693741
9772	NA	3.164414
9775	NA	4.28193
9777	NA	3.7979548
9779	NA	2.898675
9781	NA	4.315394
9782	NA	3.0048947
9783	NA	3.2502522
9785	NA	3.5214407
9787	NA	3.0841348
9790	NA	3.490206
9791	NA	3.9433773
9792	NA	3.6828716
9793	NA	3.390809
9794	NA	3.3677995
9796	NA	3.4644434
9797	NA	3.8080556
9798	NA	4.1599617
9802	NA	3.9244144
9804	NA	3.5943725
9807	NA	3.6767795
9808	NA	3.4335775
9809	NA	3.5611806
9810	NA	3.239268
9812	NA	3.1786487
9813	NA	3.764053
9818	NA	3.5902927
9819	NA	3.5965254
9823	NA	3.2645862
9824	NA	3.1618748
9826	NA	3.185659
9828	NA	3.8359199
9830	NA	3.6475103
9831	NA	3.3202775
9832	NA	3.6098301
9833	NA	3.888125
9834	NA	2.8403356
9835	NA	2.9662845
9837	NA	4.1517324
9842	NA	3.8429122
9845	NA	2.5119553
9848	NA	2.857766
9849	NA	4.0645657
9850	NA	3.4510329
9852	NA	3.618075
9854	NA	3.6219578
9855	NA	3.559898
9857	NA	2.979619
9858	NA	3.9679031
9861	NA	3.5747132
9862	NA	3.312653
9865	NA	2.916416
9866	NA	3.863463
9867	NA	3.648763
9871	NA	3.057136
9872	NA	3.5255666
9873	NA	3.030007
9881	NA	3.738889
9883	NA	2.9059093
9887	NA	3.852418
9888	NA	3.4769104
9890	NA	4.0816355
9891	NA	2.9654613
9892	NA	3.6965044
9894	NA	3.3992498
9896	NA	3.7634895
9898	NA	2.9872832
9899	NA	3.0155592
9901	NA	3.8526003
9902	NA	3.8729336
9906	NA	3.9956367
9908	NA	3.7641513
9909	NA	3.3830237
9910	NA	3.2361887
9913	NA	3.0956063
9917	NA	3.9524481
9918	NA	3.0946414
9920	NA	2.8095284
9923	NA	4.1610756
9924	NA	4.243775
9925	NA	3.7743993
9928	NA	3.1046174
9929	NA	3.580299
9930	NA	3.6269422
9932	NA	3.5476084
9933	NA	2.912031
9937	NA	3.045292
9941	NA	3.4894726
9944	NA	2.4921432
9945	NA	3.2441292
9946	NA	2.948083
9950	NA	3.3820705
9952	NA	3.150562
9953	NA	3.6152458
9954	NA	3.5548408
9956	NA	3.202107
9957	NA	2.9865074
9958	NA	3.2747018
9959	NA	3.2962003
9961	NA	3.391063
9962	NA	3.5735948
9964	NA	2.9165
9965	NA	3.5759418
9966	NA	3.186545
9969	NA	3.5989635
9970	NA	3.5706396
9971	NA	3.0651898
9972	NA	3.3119357
9977	NA	3.3210454
9978	NA	3.1337154
9979	NA	3.5386899
9986	NA	3.3433173
9987	NA	3.8055878
9989	NA	3.0757377
9990	NA	3.7695532
9991	NA	3.7622476
9992	NA	3.2747402
9994	NA	2.7117639
9995	NA	3.3481548
9996	NA	3.22034
