pair_ID	entailment_judgment	relatedness_score
6	NA	3.4786804
7	NA	3.6580672
8	NA	3.5301428
10	NA	4.383172
11	NA	4.371213
13	NA	4.269788
15	NA	2.8978112
16	NA	2.5545087
17	NA	2.4322405
19	NA	4.3520412
20	NA	4.3520412
21	NA	4.5
22	NA	4.3157873
23	NA	4.3336797
27	NA	2.980608
29	NA	3.2025445
31	NA	4.360312
32	NA	4.371798
33	NA	4.2791157
34	NA	3.479768
36	NA	2.8251793
37	NA	3.8257227
38	NA	4.01308
39	NA	3.7816832
41	NA	4.098416
43	NA	4.5
46	NA	3.484545
48	NA	2.4935503
50	NA	3.3666577
51	NA	3.3666577
52	NA	4.280654
53	NA	4.151025
54	NA	4.377998
57	NA	2.8753555
59	NA	3.2182698
60	NA	2.9382215
61	NA	2.662158
63	NA	4.2071285
64	NA	4.40571
66	NA	4.204976
67	NA	4.3714833
68	NA	4.0710554
69	NA	4.3438687
71	NA	4.354537
74	NA	4.23191
75	NA	4.4467416
76	NA	4.3521194
80	NA	2.1230063
86	NA	2.7093472
89	NA	4.251185
92	NA	2.8833952
95	NA	2.81446
96	NA	2.7472854
101	NA	4.3903675
102	NA	3.586199
103	NA	3.360418
104	NA	3.374774
106	NA	3.418223
108	NA	4.1521935
109	NA	3.2031794
110	NA	4.2293444
111	NA	4.305967
114	NA	2.5389462
115	NA	1.9573104
118	NA	4.1841745
121	NA	4.363191
123	NA	3.031839
125	NA	2.9813008
128	NA	3.1364853
132	NA	4.5
134	NA	3.4944334
135	NA	3.0163155
137	NA	2.8208792
138	NA	2.2913525
142	NA	4.435223
143	NA	4.184901
144	NA	2.522068
145	NA	2.1431913
147	NA	2.1879752
149	NA	4.3074665
151	NA	4.1692395
152	NA	4.398046
153	NA	4.1692395
154	NA	4.398046
155	NA	4.3074665
156	NA	4.328165
157	NA	4.5
158	NA	4.5
160	NA	3.6747699
162	NA	3.4832194
165	NA	3.8037941
166	NA	3.801769
167	NA	4.1418724
168	NA	3.9236026
169	NA	4.3538537
171	NA	4.5
172	NA	3.9608607
174	NA	3.777079
175	NA	3.9370632
177	NA	3.777079
178	NA	4.1582
179	NA	3.677593
180	NA	4.5
181	NA	4.181667
182	NA	4.311635
187	NA	3.0264115
189	NA	3.1132448
190	NA	3.1132448
191	NA	4.124805
193	NA	4.3066874
195	NA	4.038685
196	NA	4.2057962
198	NA	3.5198517
199	NA	3.9856856
203	NA	4.246283
204	NA	3.5657146
206	NA	3.730257
207	NA	3.8471367
208	NA	3.8471367
209	NA	4.0657005
210	NA	4.048124
212	NA	3.6057076
213	NA	2.0378783
214	NA	2.7452362
220	NA	3.7578552
221	NA	4.5
222	NA	4.5
229	NA	4.2584896
230	NA	4.1184554
231	NA	4.5
235	NA	2.3057783
239	NA	2.3057783
242	NA	4.1342134
243	NA	4.3149724
244	NA	4.3581123
245	NA	4.5
246	NA	3.9199233
247	NA	4.156187
250	NA	4.086627
251	NA	3.8365355
252	NA	4.0652456
255	NA	4.348937
261	NA	2.7844372
262	NA	4.1467595
263	NA	4.178797
264	NA	4.2849126
267	NA	3.435352
268	NA	3.3564417
270	NA	3.1303072
271	NA	3.5745878
274	NA	4.283357
275	NA	3.777611
278	NA	3.290735
281	NA	2.8099926
282	NA	4.2136617
284	NA	4.0131006
288	NA	3.2765977
290	NA	3.3367407
292	NA	3.614149
294	NA	4.0733347
295	NA	3.244826
297	NA	2.8888497
298	NA	3.4711974
299	NA	3.2407134
300	NA	4.28177
306	NA	2.9919758
307	NA	2.915978
308	NA	3.093775
314	NA	4.5
316	NA	2.5837247
318	NA	2.8529296
319	NA	2.5282881
320	NA	2.4383616
321	NA	2.5281203
322	NA	4.391847
324	NA	3.3829975
325	NA	3.3829975
326	NA	2.6578133
328	NA	2.1042397
330	NA	2.0460029
334	NA	4.29643
336	NA	3.0891902
337	NA	2.3606079
343	NA	4.223628
345	NA	3.4090276
348	NA	3.5681202
349	NA	3.4775639
350	NA	3.5681202
352	NA	4.5
353	NA	4.4259377
355	NA	4.038469
356	NA	3.3324544
357	NA	3.5136268
359	NA	3.150575
364	NA	4.2266307
365	NA	4.5
368	NA	3.8297427
369	NA	3.937382
371	NA	4.2600126
376	NA	3.4069877
383	NA	4.1215215
385	NA	4.2365956
386	NA	3.7417681
388	NA	3.9665885
389	NA	4.0202746
399	NA	3.5009203
400	NA	3.611323
401	NA	3.5009203
405	NA	4.0211062
406	NA	2.333108
407	NA	2.1827278
408	NA	3.004451
411	NA	4.222037
412	NA	3.8884046
414	NA	3.9179366
416	NA	3.56898
418	NA	3.4012535
419	NA	4.074799
420	NA	4.071236
421	NA	3.7356012
424	NA	4.1064563
425	NA	4.2466297
426	NA	4.5
429	NA	4.1425014
430	NA	3.9252267
431	NA	4.1425014
432	NA	4.1425014
433	NA	4.2490053
437	NA	3.2488446
443	NA	4.1453032
444	NA	4.5
445	NA	3.4990091
448	NA	3.7380583
452	NA	3.6185615
453	NA	4.1184597
455	NA	3.0084288
456	NA	4.2350917
458	NA	2.8506274
459	NA	2.9445517
460	NA	3.052115
463	NA	4.34981
464	NA	4.1828485
466	NA	4.5
467	NA	3.5536242
468	NA	3.6278772
469	NA	3.957242
471	NA	3.6637604
472	NA	3.6278772
474	NA	4.5
478	NA	3.2432299
479	NA	3.069337
480	NA	3.328103
481	NA	3.328103
482	NA	4.365808
483	NA	4.0075936
487	NA	4.0015793
488	NA	3.6067097
490	NA	3.8490443
492	NA	4.264964
493	NA	4.1194015
495	NA	3.6538472
498	NA	2.5018058
501	NA	2.5376682
502	NA	4.1977406
503	NA	4.3216195
504	NA	3.8751922
509	NA	3.4923217
510	NA	3.2002797
511	NA	3.0437868
512	NA	3.3875363
517	NA	4.2812777
518	NA	4.4381204
519	NA	4.461906
521	NA	3.824375
523	NA	3.7202277
525	NA	3.3259888
532	NA	4.5
533	NA	4.4276032
534	NA	3.9453797
536	NA	3.7776182
537	NA	3.992247
539	NA	3.9019315
540	NA	3.9894547
543	NA	4.306178
544	NA	4.3396053
546	NA	4.2442355
547	NA	3.4094946
549	NA	3.2187846
553	NA	3.4045048
554	NA	3.841673
558	NA	4.4009533
559	NA	4.3846054
562	NA	3.2508392
563	NA	3.1663015
566	NA	3.2558267
567	NA	4.364945
569	NA	4.4041767
571	NA	4.0515428
572	NA	4.3625164
573	NA	3.6722329
574	NA	3.6722329
575	NA	3.873652
576	NA	3.8704433
577	NA	3.99096
578	NA	3.9138112
579	NA	4.005223
580	NA	4.277824
582	NA	4.4294887
583	NA	3.9599154
584	NA	4.378233
585	NA	3.0172586
589	NA	3.7312787
590	NA	3.7804
591	NA	4.2050886
593	NA	4.3983912
594	NA	4.5
595	NA	2.9752033
596	NA	3.319283
598	NA	3.3385518
600	NA	4.5
602	NA	4.149813
607	NA	3.5259435
608	NA	3.344586
610	NA	2.9040086
612	NA	3.5259435
613	NA	4.43421
614	NA	4.2651653
615	NA	4.3835135
616	NA	3.2951634
618	NA	3.9314172
620	NA	2.1314104
623	NA	3.1353416
624	NA	3.1247754
627	NA	4.0675335
633	NA	3.0575686
635	NA	3.449051
636	NA	3.1178231
639	NA	4.5
640	NA	3.9145281
642	NA	4.065907
644	NA	4.055755
652	NA	4.5
654	NA	3.7896283
656	NA	4.415816
658	NA	3.9250395
659	NA	3.916185
662	NA	3.7944996
664	NA	3.902608
665	NA	4.5
666	NA	4.195652
667	NA	4.2730465
669	NA	4.173434
670	NA	3.461758
673	NA	3.1055617
674	NA	3.1750162
675	NA	3.1055617
677	NA	3.9214046
681	NA	4.1448965
682	NA	2.7271478
683	NA	2.3550591
684	NA	1.4510674
686	NA	2.455808
688	NA	2.3550591
694	NA	3.9129834
695	NA	3.1210673
700	NA	3.1016252
701	NA	3.1451578
705	NA	3.7095227
706	NA	3.6314461
707	NA	3.3374002
708	NA	3.097906
710	NA	2.8221939
711	NA	2.8032153
712	NA	2.9079452
713	NA	4.5
714	NA	3.4879556
716	NA	4.0569544
719	NA	1.6713458
720	NA	1.6584597
721	NA	1.6280851
724	NA	1.6389177
726	NA	4.2145815
739	NA	4.5
740	NA	3.8086858
742	NA	4.0802574
743	NA	3.071106
744	NA	2.7857153
750	NA	4.122798
751	NA	4.186904
753	NA	4.3414555
755	NA	3.771206
756	NA	3.6866863
758	NA	3.9779146
763	NA	3.9556055
767	NA	3.0537605
770	NA	3.0712898
771	NA	3.4102974
773	NA	4.342621
775	NA	3.95858
776	NA	2.3282137
778	NA	2.3557057
779	NA	2.7931004
781	NA	4.087992
782	NA	4.5
786	NA	3.6956434
787	NA	2.8860795
788	NA	2.9055398
790	NA	2.8229623
794	NA	4.3425055
795	NA	4.229108
798	NA	3.8386729
800	NA	3.1234026
801	NA	3.4497726
803	NA	3.0169647
805	NA	3.9257414
806	NA	4.3186893
807	NA	3.7940805
808	NA	3.8829906
809	NA	4.1286993
810	NA	2.9318206
814	NA	2.8506224
815	NA	3.098263
817	NA	4.270893
818	NA	4.5
819	NA	4.290912
821	NA	2.1772518
823	NA	2.3640687
826	NA	2.1772518
828	NA	4.3715777
829	NA	4.373893
832	NA	4.264308
833	NA	3.48186
834	NA	3.467347
835	NA	3.4639363
837	NA	3.4791036
838	NA	3.5007582
840	NA	4.0617914
842	NA	4.2024293
843	NA	4.3804407
847	NA	3.610016
849	NA	3.396679
850	NA	3.8108625
853	NA	4.2689605
854	NA	3.7255163
856	NA	4.3187394
861	NA	3.1805038
863	NA	4.2689605
865	NA	4.370453
871	NA	3.8619053
875	NA	4.164693
877	NA	3.4358194
884	NA	2.443379
885	NA	2.7383232
886	NA	2.4282098
890	NA	3.873979
891	NA	3.3513064
894	NA	3.4956453
896	NA	3.0407505
897	NA	2.8385816
900	NA	4.2755537
901	NA	4.2731085
903	NA	4.134289
905	NA	3.448433
907	NA	3.5830953
911	NA	3.5938778
912	NA	4.357734
914	NA	4.237738
916	NA	4.0568542
918	NA	1.7895234
919	NA	2.3004708
921	NA	2.2586339
923	NA	3.9708252
924	NA	4.324302
925	NA	3.6231177
926	NA	3.6574938
928	NA	3.1233969
929	NA	3.3887067
930	NA	3.8508723
934	NA	4.4364076
937	NA	4.5
938	NA	4.2446427
939	NA	3.8993018
941	NA	3.256857
942	NA	3.4335835
946	NA	3.2948322
951	NA	3.3174236
952	NA	4.1326804
954	NA	2.4946377
955	NA	3.3200862
958	NA	3.57992
964	NA	4.3121576
965	NA	4.209351
966	NA	2.7884517
968	NA	2.8161774
969	NA	2.9239218
971	NA	3.328178
972	NA	2.895174
974	NA	4.4262824
976	NA	4.3831434
977	NA	4.368062
981	NA	2.5055106
982	NA	2.6031861
983	NA	2.5809383
986	NA	4.325935
990	NA	4.5
992	NA	3.4522262
993	NA	3.4522262
995	NA	3.3894563
997	NA	3.145912
999	NA	4.3519783
1001	NA	4.3095512
1003	NA	2.4165275
1005	NA	2.7742236
1006	NA	2.7758214
1011	NA	4.5
1012	NA	3.1401753
1013	NA	4.261466
1014	NA	3.6282086
1015	NA	2.8447351
1017	NA	3.5314004
1020	NA	3.6282086
1023	NA	4.241186
1024	NA	4.374485
1025	NA	3.9301531
1027	NA	3.3201196
1030	NA	3.7950373
1032	NA	4.5
1034	NA	3.668579
1035	NA	4.335626
1036	NA	4.365449
1040	NA	2.848113
1041	NA	2.884059
1042	NA	2.6494725
1051	NA	2.3526766
1056	NA	2.6613197
1058	NA	4.289865
1059	NA	4.399463
1060	NA	4.3023686
1062	NA	4.5
1063	NA	4.2765946
1066	NA	3.5590875
1067	NA	3.7897584
1070	NA	3.6531086
1071	NA	4.4685206
1072	NA	3.2436156
1073	NA	4.411385
1075	NA	4.42097
1077	NA	4.0074058
1078	NA	4.110281
1079	NA	4.041108
1081	NA	4.063752
1085	NA	4.3884153
1086	NA	4.001601
1089	NA	3.6566072
1098	NA	4.0421953
1100	NA	1.5456052
1101	NA	1.5399134
1103	NA	1.6944976
1106	NA	4.345834
1107	NA	4.182176
1110	NA	4.5
1113	NA	1.8265177
1114	NA	2.1716595
1116	NA	1.90003
1121	NA	4.133608
1123	NA	4.274825
1124	NA	4.5
1126	NA	4.3486156
1127	NA	4.5
1130	NA	4.2321043
1131	NA	4.5
1132	NA	3.5517583
1134	NA	3.865252
1136	NA	3.865252
1138	NA	3.865252
1139	NA	4.124147
1140	NA	4.5
1141	NA	4.2942414
1142	NA	4.5
1143	NA	2.1136048
1144	NA	2.3221605
1146	NA	2.3221605
1148	NA	4.185615
1150	NA	4.3070903
1151	NA	4.5
1152	NA	3.9656303
1156	NA	4.215713
1158	NA	4.3124037
1159	NA	4.0452356
1160	NA	4.3621874
1163	NA	3.518046
1164	NA	3.5751708
1166	NA	4.161304
1168	NA	4.1361737
1171	NA	4.251639
1172	NA	3.9253495
1173	NA	4.251639
1174	NA	4.251639
1176	NA	4.5
1181	NA	2.5473871
1183	NA	2.3814707
1185	NA	4.3102694
1186	NA	4.119175
1187	NA	4.1879516
1189	NA	4.0398536
1197	NA	4.5
1198	NA	4.5
1199	NA	2.7111082
1201	NA	3.1083329
1203	NA	3.1083329
1204	NA	3.1083329
1208	NA	4.302414
1209	NA	4.5
1210	NA	3.588737
1211	NA	3.5503778
1216	NA	4.5
1217	NA	4.0054817
1218	NA	3.9285393
1220	NA	2.7762785
1223	NA	2.7948856
1224	NA	4.2966533
1225	NA	4.5
1226	NA	4.0998254
1229	NA	3.4632838
1231	NA	3.4632838
1233	NA	3.551696
1234	NA	4.5
1235	NA	4.156064
1238	NA	4.202361
1243	NA	4.5
1245	NA	4.5
1247	NA	3.493042
1250	NA	3.493042
1252	NA	4.5
1253	NA	4.197823
1254	NA	3.7975426
1256	NA	2.8501635
1257	NA	2.7146473
1258	NA	2.8491158
1260	NA	3.8373842
1261	NA	4.5
1262	NA	3.994668
1263	NA	4.0763726
1264	NA	3.2054577
1265	NA	2.7676456
1267	NA	2.4775653
1269	NA	3.0649793
1272	NA	4.5
1277	NA	2.361943
1278	NA	3.3389888
1279	NA	3.3816233
1281	NA	4.5
1285	NA	3.6598048
1286	NA	3.1766639
1288	NA	4.5
1289	NA	4.5
1290	NA	4.135924
1295	NA	3.8481584
1296	NA	3.9854457
1298	NA	4.1566415
1299	NA	3.6727567
1300	NA	4.5
1301	NA	4.2061234
1304	NA	3.999151
1306	NA	3.449115
1307	NA	3.922383
1309	NA	4.048392
1310	NA	4.5
1312	NA	4.26259
1313	NA	1.6801869
1314	NA	1.5083544
1315	NA	1.8591751
1316	NA	1.6136436
1320	NA	4.5
1322	NA	3.1779127
1323	NA	4.5
1324	NA	3.4119275
1325	NA	2.9027932
1327	NA	3.9979668
1330	NA	4.139984
1331	NA	4.342816
1332	NA	4.334301
1334	NA	4.425859
1337	NA	3.7668176
1338	NA	3.6636755
1339	NA	3.8548996
1340	NA	3.949219
1343	NA	3.45927
1347	NA	4.061676
1348	NA	4.061676
1349	NA	3.326711
1351	NA	4.061311
1353	NA	3.3131144
1356	NA	3.7746599
1357	NA	3.7746599
1360	NA	3.8264468
1362	NA	3.6773107
1363	NA	4.0065117
1364	NA	3.4575152
1366	NA	3.7312026
1367	NA	4.1017976
1369	NA	3.7582207
1370	NA	4.5
1374	NA	4.029515
1375	NA	4.029515
1377	NA	4.5
1382	NA	3.6961024
1383	NA	3.7811158
1391	NA	1.8315427
1392	NA	2.0696986
1393	NA	2.0696986
1394	NA	4.111825
1395	NA	4.0009923
1397	NA	4.5
1398	NA	3.687038
1401	NA	4.2132764
1402	NA	3.9217536
1406	NA	4.5
1411	NA	3.0969598
1413	NA	4.321521
1416	NA	4.132106
1418	NA	3.74751
1420	NA	4.132106
1422	NA	3.5866609
1423	NA	4.1681876
1424	NA	4.5
1425	NA	2.4677885
1426	NA	2.7974539
1428	NA	2.5521414
1430	NA	4.168412
1433	NA	4.5
1436	NA	3.8130763
1437	NA	4.0784755
1439	NA	4.1738086
1440	NA	4.5
1441	NA	3.843192
1442	NA	3.9436088
1445	NA	2.9606035
1447	NA	3.3738542
1449	NA	3.6735606
1450	NA	4.371493
1451	NA	4.5
1452	NA	3.1380286
1454	NA	3.203194
1456	NA	3.1058528
1457	NA	4.236882
1459	NA	2.8907475
1460	NA	3.5195787
1462	NA	1.8862046
1465	NA	2.2019408
1468	NA	4.3811603
1471	NA	2.5185401
1472	NA	3.1336577
1475	NA	3.4439895
1477	NA	4.282943
1478	NA	4.5
1485	NA	4.5
1490	NA	3.3488648
1491	NA	3.5700846
1492	NA	3.5700846
1496	NA	4.5
1497	NA	4.0672216
1500	NA	4.5
1502	NA	3.8090613
1507	NA	3.499859
1508	NA	3.451204
1510	NA	3.0544302
1512	NA	3.2239368
1515	NA	2.493035
1516	NA	2.5479796
1518	NA	2.2174275
1520	NA	3.7800663
1522	NA	4.015225
1526	NA	3.2409873
1528	NA	3.6739645
1529	NA	3.813608
1530	NA	3.7774994
1533	NA	1.6617569
1537	NA	1.5970482
1539	NA	4.5
1540	NA	3.938756
1542	NA	3.3871517
1543	NA	3.6301324
1544	NA	3.5751398
1546	NA	3.6301324
1548	NA	3.6655064
1554	NA	1.9238946
1555	NA	3.1608195
1556	NA	3.70906
1560	NA	3.6989226
1561	NA	3.5267172
1562	NA	2.740045
1564	NA	3.667131
1567	NA	4.2992544
1568	NA	4.3312182
1569	NA	4.2826915
1571	NA	3.6947308
1572	NA	3.575245
1577	NA	3.8573952
1578	NA	4.1924467
1579	NA	4.289195
1581	NA	4.5
1583	NA	3.3272536
1589	NA	4.5
1590	NA	4.308719
1593	NA	3.1746304
1594	NA	3.054726
1596	NA	4.5
1597	NA	2.8485367
1598	NA	3.4469223
1600	NA	3.0355563
1602	NA	2.523561
1603	NA	2.2922866
1605	NA	2.87552
1611	NA	4.3409724
1613	NA	3.400471
1616	NA	3.0513403
1617	NA	3.5512936
1619	NA	4.5
1620	NA	4.3496327
1622	NA	3.331601
1623	NA	3.5389664
1624	NA	3.178246
1630	NA	3.8744488
1633	NA	2.5437891
1634	NA	3.0200133
1636	NA	3.3358235
1637	NA	2.894392
1638	NA	2.900358
1642	NA	4.339749
1644	NA	4.5
1645	NA	4.5
1654	NA	4.5
1656	NA	3.9229782
1658	NA	4.5
1662	NA	3.9963377
1664	NA	4.3213754
1665	NA	3.1577296
1666	NA	3.6156006
1667	NA	4.5
1672	NA	1.4202809
1674	NA	0.9076352
1678	NA	4.0009847
1679	NA	3.898084
1681	NA	4.5
1683	NA	4.3734436
1684	NA	4.5
1685	NA	4.038647
1686	NA	4.1487026
1688	NA	3.898084
1689	NA	4.5
1692	NA	3.7944126
1693	NA	4.1399236
1695	NA	3.8265238
1696	NA	3.7118816
1698	NA	3.6375437
1699	NA	4.107939
1701	NA	2.837105
1704	NA	3.8737864
1709	NA	2.4568338
1710	NA	2.6133132
1713	NA	4.5
1717	NA	4.125936
1718	NA	4.125936
1720	NA	4.125936
1722	NA	4.125936
1725	NA	4.138987
1726	NA	4.2904596
1727	NA	4.5
1728	NA	3.8155782
1730	NA	3.604282
1731	NA	3.2707984
1732	NA	3.604282
1734	NA	3.7208643
1735	NA	3.7208643
1737	NA	4.203103
1738	NA	0.983905
1739	NA	0.96696633
1740	NA	1.0
1742	NA	1.0
1743	NA	4.356382
1744	NA	4.5
1745	NA	4.356382
1746	NA	3.8620276
1748	NA	3.620465
1749	NA	3.8321605
1750	NA	3.786531
1752	NA	3.786531
1758	NA	4.5
1760	NA	4.1962075
1761	NA	3.9421296
1762	NA	3.7935221
1763	NA	4.01254
1764	NA	4.1962075
1767	NA	4.016074
1768	NA	4.0753393
1769	NA	4.265425
1770	NA	3.9925516
1774	NA	3.8665702
1775	NA	3.7067664
1778	NA	4.381402
1779	NA	3.7067194
1785	NA	3.9868896
1786	NA	3.6963217
1788	NA	3.6674445
1790	NA	4.5
1793	NA	4.101481
1794	NA	3.4958942
1795	NA	2.7161741
1796	NA	3.0772662
1797	NA	2.6698973
1799	NA	2.8391397
1800	NA	3.0583348
1801	NA	2.8391397
1802	NA	4.5
1803	NA	4.2754884
1804	NA	4.1792746
1805	NA	4.5
1806	NA	3.9400246
1810	NA	3.812416
1813	NA	4.164185
1816	NA	4.3859797
1817	NA	4.5
1819	NA	3.361406
1821	NA	3.0002265
1824	NA	3.5024686
1826	NA	4.5
1827	NA	3.9766347
1828	NA	4.224278
1831	NA	4.3435726
1833	NA	3.715099
1834	NA	3.7002866
1835	NA	3.7364926
1836	NA	3.3508096
1837	NA	3.4575114
1838	NA	3.7364926
1843	NA	4.5
1845	NA	1.805147
1848	NA	1.9036615
1850	NA	4.447856
1855	NA	3.9679453
1856	NA	3.91917
1857	NA	4.0621877
1858	NA	3.895251
1859	NA	4.3143787
1860	NA	3.776538
1862	NA	4.5
1863	NA	4.5
1864	NA	3.5402467
1865	NA	3.3630028
1867	NA	3.413675
1868	NA	3.2800915
1870	NA	3.3453724
1871	NA	3.3630028
1872	NA	4.5
1875	NA	4.1331215
1880	NA	3.127442
1883	NA	2.850617
1885	NA	4.5
1889	NA	3.7691395
1890	NA	4.224346
1891	NA	3.9796767
1893	NA	3.6198277
1895	NA	3.9796767
1896	NA	3.888537
1899	NA	3.8454795
1901	NA	4.3262315
1902	NA	4.256718
1903	NA	1.9979527
1905	NA	1.8432064
1906	NA	2.3996532
1911	NA	3.2738764
1913	NA	4.2085867
1914	NA	3.955595
1915	NA	2.6013908
1916	NA	2.147957
1917	NA	2.3779237
1920	NA	2.2444053
1922	NA	4.5
1923	NA	3.080182
1924	NA	3.9816263
1925	NA	4.3757796
1926	NA	4.381496
1928	NA	1.4048036
1929	NA	1.8518119
1930	NA	1.6092861
1931	NA	1.604904
1932	NA	1.0
1933	NA	1.9365036
1937	NA	4.3851748
1938	NA	4.1743813
1941	NA	3.1317499
1945	NA	4.377189
1947	NA	3.9338272
1950	NA	3.1002164
1951	NA	2.9304874
1953	NA	4.090985
1956	NA	4.138804
1957	NA	4.188769
1958	NA	1.3945589
1959	NA	1.2343292
1960	NA	1.7013515
1962	NA	1.548466
1965	NA	4.3289595
1966	NA	4.0017624
1968	NA	4.262743
1971	NA	3.7738788
1973	NA	3.764825
1976	NA	3.764825
1977	NA	4.3104963
1979	NA	3.6966343
1980	NA	4.5
1982	NA	2.2773418
1983	NA	2.2773418
1985	NA	2.2773418
1986	NA	2.4531667
1990	NA	4.168087
1995	NA	3.9424496
1997	NA	3.925077
1998	NA	4.0285034
2002	NA	3.3839283
2003	NA	4.1077976
2010	NA	4.04462
2013	NA	3.6263983
2017	NA	4.5
2021	NA	2.9262557
2022	NA	2.7940767
2026	NA	3.2403965
2028	NA	3.782739
2031	NA	4.286899
2032	NA	4.1646924
2033	NA	3.6605675
2034	NA	3.3099713
2036	NA	3.3082185
2039	NA	3.4463441
2042	NA	4.218226
2043	NA	4.5
2044	NA	4.5
2046	NA	2.3508441
2048	NA	2.656616
2050	NA	2.2081122
2053	NA	4.347048
2054	NA	3.8585389
2057	NA	4.5
2060	NA	4.0911865
2062	NA	3.7743933
2063	NA	3.7798493
2065	NA	4.426819
2069	NA	3.8522801
2071	NA	4.292985
2074	NA	3.9960296
2077	NA	3.7699692
2083	NA	2.962007
2085	NA	3.472671
2093	NA	3.8237526
2095	NA	2.0736568
2099	NA	2.2619524
2101	NA	3.0533392
2106	NA	3.9448242
2108	NA	2.3290558
2110	NA	1.6970541
2111	NA	2.2849753
2114	NA	3.7217376
2116	NA	3.6735024
2120	NA	3.5432749
2126	NA	3.5130706
2127	NA	4.194203
2128	NA	4.5
2129	NA	4.5
2131	NA	3.6503804
2133	NA	3.4044688
2134	NA	3.6503804
2135	NA	3.6503804
2137	NA	4.5
2138	NA	3.7961645
2140	NA	4.5
2142	NA	3.2245734
2143	NA	3.2245734
2147	NA	3.5216587
2149	NA	4.18292
2151	NA	3.881519
2152	NA	4.3731303
2154	NA	4.1818304
2155	NA	3.448284
2156	NA	2.9594066
2158	NA	3.6637483
2159	NA	3.303466
2160	NA	3.2560146
2161	NA	3.6615365
2168	NA	4.5
2169	NA	4.0276427
2173	NA	3.9622674
2174	NA	4.5
2177	NA	4.076601
2178	NA	3.9581137
2182	NA	4.232131
2185	NA	4.5
2186	NA	4.1683583
2187	NA	4.1683583
2189	NA	3.7639103
2190	NA	4.1683583
2191	NA	4.5
2193	NA	4.1553917
2194	NA	4.449593
2197	NA	3.7342863
2200	NA	3.7872777
2201	NA	3.7342863
2204	NA	4.3344274
2206	NA	4.4220657
2209	NA	3.5061255
2211	NA	3.706816
2214	NA	3.5232058
2216	NA	3.656308
2219	NA	4.5
2220	NA	3.1945748
2223	NA	2.951898
2224	NA	3.0307872
2225	NA	3.0307872
2227	NA	4.5
2230	NA	4.2528467
2237	NA	4.3618793
2241	NA	3.2267632
2244	NA	3.2884514
2245	NA	3.2267632
2246	NA	4.4177294
2248	NA	3.9683557
2249	NA	4.5
2254	NA	4.209088
2255	NA	4.0672216
2256	NA	3.5023181
2257	NA	4.0930886
2258	NA	4.5
2262	NA	3.2190785
2265	NA	4.5
2267	NA	4.5
2268	NA	3.8721855
2269	NA	4.104506
2270	NA	4.104506
2271	NA	4.104506
2273	NA	3.6240826
2276	NA	4.3385234
2278	NA	3.054662
2279	NA	2.5813875
2280	NA	2.9082217
2283	NA	4.5
2285	NA	4.2084756
2290	NA	4.5
2292	NA	4.5
2293	NA	4.2686906
2294	NA	3.9091415
2295	NA	4.2206326
2296	NA	3.4434779
2298	NA	4.131594
2300	NA	4.5
2301	NA	3.89718
2306	NA	3.92751
2312	NA	4.36448
2313	NA	4.5
2320	NA	3.7132072
2321	NA	3.9154172
2323	NA	4.099275
2324	NA	4.041502
2325	NA	4.5
2326	NA	4.5
2328	NA	4.5
2331	NA	4.240286
2335	NA	4.161304
2336	NA	4.5
2337	NA	4.5
2342	NA	3.2732906
2343	NA	3.603249
2345	NA	3.587829
2346	NA	4.5
2347	NA	4.4181533
2349	NA	4.3892612
2353	NA	4.019221
2354	NA	4.0456843
2355	NA	4.019221
2356	NA	4.019221
2357	NA	4.3325267
2361	NA	4.5
2367	NA	3.0826383
2370	NA	4.5
2371	NA	4.353065
2372	NA	4.242211
2373	NA	4.1104956
2376	NA	4.242211
2378	NA	3.4776638
2379	NA	4.2661514
2380	NA	4.5
2382	NA	4.1175656
2384	NA	3.1181998
2387	NA	3.9706476
2389	NA	3.9254394
2390	NA	4.5
2393	NA	3.5662026
2394	NA	3.9706476
2395	NA	3.8931541
2396	NA	4.5
2398	NA	4.5
2399	NA	4.2271214
2403	NA	3.5813246
2406	NA	4.5
2408	NA	4.296028
2411	NA	2.7763405
2412	NA	2.7763405
2416	NA	3.0805984
2417	NA	2.8862681
2418	NA	4.2931285
2419	NA	4.5
2420	NA	2.493064
2421	NA	2.650241
2424	NA	4.1419277
2425	NA	2.650241
2427	NA	3.7656279
2428	NA	4.5
2432	NA	3.0959232
2433	NA	3.1357312
2434	NA	3.892747
2435	NA	4.377657
2437	NA	4.5
2439	NA	4.5
2442	NA	4.0125365
2443	NA	2.1848156
2444	NA	4.1732917
2446	NA	4.16776
2448	NA	4.1155505
2449	NA	4.0423727
2451	NA	4.4133735
2452	NA	2.0004718
2453	NA	3.415785
2454	NA	3.2776425
2460	NA	4.075527
2461	NA	4.352331
2462	NA	4.5
2463	NA	4.166989
2464	NA	4.3011937
2468	NA	4.082866
2469	NA	3.460048
2470	NA	4.245724
2471	NA	2.8925812
2473	NA	2.690939
2475	NA	2.8055232
2477	NA	4.07592
2478	NA	3.6876438
2479	NA	4.348344
2480	NA	4.5
2481	NA	4.124507
2482	NA	4.267829
2483	NA	3.8709245
2484	NA	3.4725878
2487	NA	3.2555773
2489	NA	3.112894
2490	NA	3.569706
2492	NA	3.398025
2493	NA	3.1085973
2498	NA	4.5
2501	NA	3.279884
2502	NA	3.0185802
2503	NA	2.3461714
2504	NA	2.3224187
2507	NA	4.5
2511	NA	3.7380776
2512	NA	4.0208206
2513	NA	3.9260962
2516	NA	4.0208206
2517	NA	4.5
2519	NA	4.430624
2520	NA	4.5
2522	NA	3.2074678
2523	NA	3.3190866
2524	NA	3.4085624
2526	NA	2.7659779
2528	NA	4.270199
2531	NA	3.523204
2532	NA	4.169151
2533	NA	3.3809595
2534	NA	4.018893
2536	NA	4.169151
2537	NA	4.155287
2541	NA	2.7381222
2542	NA	2.5859528
2546	NA	3.9034302
2547	NA	4.5
2548	NA	3.7235818
2550	NA	3.4672856
2552	NA	3.670054
2556	NA	3.7377586
2558	NA	3.564627
2559	NA	3.686238
2560	NA	3.3114026
2562	NA	3.0956943
2563	NA	4.085822
2564	NA	4.153662
2565	NA	4.5
2567	NA	3.3368485
2568	NA	3.1998024
2570	NA	2.9544322
2571	NA	3.1998024
2573	NA	4.5
2575	NA	4.3407693
2576	NA	4.5
2580	NA	4.216188
2581	NA	4.216188
2584	NA	4.220185
2585	NA	4.5
2586	NA	3.8510365
2587	NA	4.113816
2595	NA	4.5
2598	NA	3.6685834
2600	NA	3.5382955
2603	NA	4.5
2605	NA	4.5
2607	NA	3.8071513
2609	NA	4.256562
2610	NA	4.256562
2611	NA	4.256562
2612	NA	4.256562
2613	NA	4.27178
2614	NA	4.5
2616	NA	3.6704135
2617	NA	3.3991194
2618	NA	3.5734801
2620	NA	3.6871474
2621	NA	3.6871474
2624	NA	4.432933
2629	NA	4.397873
2631	NA	4.3591795
2633	NA	4.379801
2635	NA	4.1885576
2639	NA	2.6855717
2641	NA	4.095201
2642	NA	2.3274808
2644	NA	4.2687335
2645	NA	4.5
2646	NA	4.2084475
2647	NA	4.5
2648	NA	3.14898
2649	NA	3.3741982
2652	NA	3.3741982
2653	NA	4.2804084
2658	NA	2.9945657
2659	NA	3.053836
2661	NA	3.0533867
2663	NA	3.1130753
2665	NA	4.5
2667	NA	4.5
2669	NA	3.7169302
2671	NA	3.7169302
2674	NA	4.5
2676	NA	4.142567
2677	NA	4.5
2681	NA	3.967291
2683	NA	4.205311
2685	NA	4.202352
2686	NA	4.5
2690	NA	3.7676725
2693	NA	4.0522447
2694	NA	3.7532017
2695	NA	4.3822007
2697	NA	4.2133813
2698	NA	4.384177
2699	NA	3.9972599
2700	NA	3.7181983
2706	NA	3.9836733
2717	NA	3.6380632
2719	NA	3.6380632
2723	NA	4.5
2725	NA	3.5668137
2727	NA	2.505512
2729	NA	2.6388955
2732	NA	2.9922135
2733	NA	4.5
2736	NA	4.5
2737	NA	4.182766
2740	NA	3.6715012
2742	NA	4.5
2743	NA	4.3664
2745	NA	3.5515087
2746	NA	3.991429
2747	NA	3.4850037
2749	NA	3.8634057
2750	NA	3.9900305
2753	NA	4.309775
2759	NA	4.0547376
2760	NA	4.2374406
2762	NA	4.25983
2767	NA	3.9714856
2769	NA	4.410906
2771	NA	4.5
2773	NA	4.3372526
2780	NA	4.5
2781	NA	3.451888
2782	NA	4.169407
2785	NA	4.272352
2786	NA	4.272352
2790	NA	4.5
2793	NA	3.6584823
2794	NA	3.980267
2796	NA	3.980267
2798	NA	4.2713375
2801	NA	4.5
2804	NA	3.6288228
2805	NA	3.2952023
2806	NA	3.8809452
2808	NA	3.1552534
2810	NA	3.9286547
2814	NA	1.5482402
2816	NA	4.2333894
2819	NA	4.343293
2820	NA	3.925463
2823	NA	3.1679804
2824	NA	3.189415
2825	NA	3.1570566
2826	NA	3.189415
2830	NA	4.5
2831	NA	2.2785637
2832	NA	2.575734
2833	NA	2.6386173
2834	NA	2.575734
2835	NA	2.575734
2836	NA	3.9496062
2840	NA	3.587431
2841	NA	2.239033
2843	NA	3.9315836
2846	NA	4.5
2847	NA	4.1323037
2848	NA	4.5
2849	NA	3.5761466
2852	NA	3.9372604
2855	NA	4.5
2858	NA	2.9968452
2859	NA	3.0069294
2866	NA	3.9833033
2869	NA	3.789335
2871	NA	4.1801653
2872	NA	4.1408963
2873	NA	4.5
2876	NA	4.5
2877	NA	4.5
2878	NA	4.1408963
2880	NA	4.5
2882	NA	4.0922904
2884	NA	4.5
2885	NA	4.3517137
2887	NA	4.328738
2888	NA	4.0922904
2889	NA	4.5
2892	NA	4.071832
2893	NA	4.1866293
2895	NA	3.577421
2897	NA	2.7597702
2901	NA	4.3315034
2902	NA	3.648166
2904	NA	3.640653
2906	NA	3.1717017
2912	NA	3.510633
2914	NA	3.730809
2921	NA	3.7543898
2922	NA	3.9337375
2923	NA	3.9337375
2925	NA	3.9337375
2928	NA	4.0412183
2929	NA	4.5
2931	NA	4.0208373
2934	NA	4.0208373
2940	NA	3.8411565
2942	NA	3.4534786
2944	NA	3.4590824
2946	NA	4.2320414
2947	NA	4.2552404
2948	NA	4.5
2949	NA	4.5
2950	NA	2.9271429
2953	NA	2.6408935
2954	NA	2.9271429
2962	NA	4.1180077
2963	NA	4.1180077
2973	NA	4.072209
2975	NA	4.5
2978	NA	4.337842
2979	NA	4.399232
2982	NA	4.128583
2985	NA	4.128583
2986	NA	3.8507807
2987	NA	4.5
2990	NA	3.3111947
2991	NA	2.0853443
2993	NA	3.1635873
2999	NA	4.1135306
3000	NA	4.1135306
3001	NA	3.9597764
3003	NA	4.1135306
3004	NA	4.5
3006	NA	4.2432885
3008	NA	3.9803033
3009	NA	3.8306468
3011	NA	3.7104776
3012	NA	3.783805
3013	NA	3.783805
3017	NA	4.288484
3020	NA	3.0045695
3021	NA	3.436326
3023	NA	3.611416
3025	NA	4.5
3026	NA	3.692115
3028	NA	3.5332556
3029	NA	3.3843205
3030	NA	3.3367522
3032	NA	3.3367522
3034	NA	4.5
3035	NA	4.5
3037	NA	4.288756
3040	NA	4.288756
3044	NA	4.5
3045	NA	4.5
3048	NA	3.6336756
3051	NA	4.5
3052	NA	4.5
3053	NA	4.369062
3055	NA	4.1186156
3056	NA	3.9472454
3057	NA	4.2322884
3058	NA	4.2322884
3060	NA	4.461013
3063	NA	4.3780103
3064	NA	4.5
3066	NA	4.025886
3067	NA	3.9826539
3070	NA	4.025886
3074	NA	3.6598961
3075	NA	2.9312937
3076	NA	2.4923828
3077	NA	3.174441
3078	NA	2.8167605
3080	NA	4.2464395
3082	NA	4.2354245
3083	NA	4.5
3084	NA	3.8157525
3086	NA	3.8604312
3087	NA	3.683702
3088	NA	4.0981874
3089	NA	4.142655
3090	NA	3.451062
3093	NA	4.227896
3095	NA	3.9537385
3096	NA	3.2437596
3099	NA	4.5
3101	NA	4.5
3103	NA	4.0585003
3104	NA	2.0863001
3106	NA	4.0585003
3108	NA	4.0585003
3109	NA	4.5
3112	NA	2.7353458
3113	NA	3.7620006
3115	NA	4.179725
3116	NA	4.179725
3117	NA	4.179725
3118	NA	4.285456
3119	NA	4.327782
3120	NA	4.4323187
3124	NA	3.575007
3125	NA	3.510843
3127	NA	4.5
3128	NA	3.4629424
3131	NA	3.1939716
3133	NA	3.2606785
3135	NA	3.2606785
3136	NA	3.6918209
3137	NA	4.5
3138	NA	4.5
3139	NA	4.3420315
3141	NA	2.0041654
3142	NA	2.008294
3144	NA	1.8374479
3145	NA	1.8374479
3146	NA	1.8374479
3147	NA	4.3976946
3148	NA	4.1507583
3149	NA	4.331719
3151	NA	4.043243
3152	NA	4.1325417
3154	NA	4.034859
3155	NA	4.1798778
3159	NA	4.5
3160	NA	3.9522917
3163	NA	3.9205341
3167	NA	3.619302
3168	NA	3.5707066
3169	NA	3.5078795
3171	NA	3.3595924
3172	NA	3.4045265
3173	NA	2.9455166
3175	NA	3.4045265
3176	NA	4.258084
3177	NA	3.77493
3178	NA	4.329054
3179	NA	4.5
3180	NA	4.174323
3183	NA	3.6768606
3184	NA	4.250511
3185	NA	4.5
3189	NA	3.8792884
3190	NA	3.3512924
3191	NA	4.0686536
3193	NA	4.0686536
3194	NA	4.5
3195	NA	4.5
3196	NA	4.3573146
3197	NA	4.5
3198	NA	4.099824
3199	NA	3.9968941
3204	NA	4.1297717
3205	NA	4.5
3206	NA	4.5
3207	NA	4.2387357
3209	NA	4.133278
3210	NA	3.9263012
3211	NA	4.2387357
3212	NA	4.5
3215	NA	4.5
3216	NA	3.3040612
3219	NA	3.2122931
3220	NA	3.8649333
3225	NA	3.8572528
3226	NA	3.4211934
3229	NA	3.8572528
3231	NA	4.5
3233	NA	4.2803235
3234	NA	3.4705114
3235	NA	3.5604482
3236	NA	3.5731997
3237	NA	3.5731997
3239	NA	4.5
3240	NA	4.5
3241	NA	4.4255896
3244	NA	1.8849378
3245	NA	3.5292597
3246	NA	3.5292597
3247	NA	3.5292597
3249	NA	4.0934424
3251	NA	4.281832
3259	NA	4.348344
3263	NA	4.5
3266	NA	4.4197793
3267	NA	4.487236
3268	NA	4.393585
3269	NA	4.5
3270	NA	4.3034024
3276	NA	4.0495276
3279	NA	3.864893
3282	NA	2.8865502
3284	NA	3.605846
3289	NA	3.3794632
3290	NA	3.398285
3293	NA	3.1287532
3295	NA	4.5
3296	NA	4.3590093
3297	NA	4.5
3300	NA	4.0827494
3301	NA	4.268969
3302	NA	4.268969
3305	NA	4.268969
3306	NA	4.360354
3307	NA	3.6834135
3308	NA	4.2149873
3309	NA	4.5
3310	NA	2.6390884
3312	NA	2.514554
3315	NA	4.5
3317	NA	4.5
3318	NA	4.5
3320	NA	4.4394474
3323	NA	4.4394474
3326	NA	4.163452
3328	NA	4.5
3331	NA	3.5815017
3333	NA	2.9101098
3334	NA	3.5815017
3335	NA	4.0525336
3337	NA	4.5
3341	NA	3.7896457
3343	NA	3.6202254
3348	NA	3.8019838
3350	NA	2.8108375
3352	NA	1.924802
3354	NA	3.4970691
3355	NA	4.452523
3360	NA	3.3447835
3365	NA	4.5
3377	NA	4.5
3379	NA	3.3399289
3380	NA	3.3399289
3381	NA	3.3399289
3383	NA	3.3399289
3387	NA	4.5
3388	NA	4.1549287
3390	NA	3.9362218
3391	NA	4.3700957
3392	NA	4.3700957
3393	NA	3.5552502
3394	NA	4.5
3399	NA	2.7175956
3401	NA	2.5059574
3402	NA	4.22246
3403	NA	4.2841473
3404	NA	4.1659904
3406	NA	3.6997042
3408	NA	3.8108015
3409	NA	3.84262
3410	NA	4.061865
3415	NA	3.6329315
3417	NA	3.8429139
3419	NA	3.442483
3421	NA	3.6438723
3423	NA	4.5
3430	NA	4.215194
3431	NA	2.9428778
3434	NA	4.5
3439	NA	3.995551
3441	NA	3.81249
3442	NA	3.80946
3445	NA	4.2797217
3446	NA	3.4470856
3447	NA	3.4681156
3449	NA	3.751725
3450	NA	3.4924047
3455	NA	3.721676
3456	NA	3.721676
3457	NA	3.721676
3458	NA	3.721676
3463	NA	3.7532017
3464	NA	4.0672216
3466	NA	4.1332464
3469	NA	3.6622643
3470	NA	2.3744926
3473	NA	4.2319417
3474	NA	3.1787722
3475	NA	3.1787722
3476	NA	3.4037874
3477	NA	2.5493946
3478	NA	2.263715
3481	NA	4.5
3482	NA	4.324432
3483	NA	4.400855
3489	NA	3.8349183
3490	NA	3.7407348
3493	NA	4.5
3497	NA	4.5
3498	NA	4.2094803
3499	NA	3.377459
3502	NA	4.5
3506	NA	4.000737
3509	NA	4.067483
3513	NA	4.5
3515	NA	4.2025557
3519	NA	4.304657
3520	NA	4.304657
3521	NA	4.304657
3522	NA	4.5
3523	NA	4.5
3524	NA	3.8252535
3525	NA	4.5
3526	NA	3.505255
3527	NA	2.9418008
3531	NA	3.9787762
3532	NA	3.9787762
3535	NA	4.2871304
3540	NA	3.5122802
3545	NA	3.423424
3550	NA	3.398025
3551	NA	3.298104
3553	NA	4.2522106
3555	NA	3.5292597
3557	NA	3.1595738
3558	NA	3.076794
3559	NA	3.2156925
3560	NA	3.0049405
3562	NA	4.022279
3563	NA	4.022279
3564	NA	4.3359475
3570	NA	4.047427
3573	NA	4.047427
3575	NA	4.5
3578	NA	4.5
3581	NA	4.1754947
3583	NA	4.1754947
3585	NA	4.5
3587	NA	3.5860827
3588	NA	3.1968665
3590	NA	3.8114016
3591	NA	4.057773
3593	NA	3.9934812
3594	NA	2.9820592
3595	NA	4.5
3596	NA	4.5
3597	NA	4.097886
3599	NA	4.162453
3600	NA	4.0611157
3601	NA	3.678676
3604	NA	4.181707
3605	NA	4.0054507
3606	NA	4.238386
3608	NA	4.1543446
3609	NA	3.8650994
3610	NA	3.5498538
3612	NA	3.2131984
3613	NA	2.8651934
3615	NA	4.5
3616	NA	4.5
3617	NA	4.1780214
3619	NA	4.1780214
3621	NA	4.5
3622	NA	4.5
3628	NA	4.5
3631	NA	3.7089226
3632	NA	3.4806952
3634	NA	3.7089226
3636	NA	4.5
3637	NA	4.1025376
3641	NA	3.290752
3642	NA	3.8279822
3644	NA	4.5
3645	NA	3.960333
3648	NA	4.5
3652	NA	3.798889
3654	NA	3.4046776
3655	NA	3.798889
3656	NA	3.798889
3659	NA	4.5
3660	NA	3.6575322
3662	NA	2.5698676
3663	NA	2.8900528
3664	NA	2.6853464
3665	NA	2.6853464
3667	NA	4.2514696
3671	NA	3.034446
3674	NA	3.5239658
3675	NA	3.1976542
3676	NA	3.5726025
3677	NA	4.5
3678	NA	2.9159727
3679	NA	4.5
3681	NA	3.97724
3683	NA	2.6293075
3688	NA	4.1874204
3698	NA	4.1598125
3700	NA	4.0026817
3704	NA	3.4499469
3706	NA	3.5990891
3714	NA	4.240822
3715	NA	4.429943
3716	NA	4.388179
3717	NA	4.5
3722	NA	4.5
3723	NA	3.0588086
3724	NA	3.1916494
3726	NA	3.1916494
3729	NA	4.5
3730	NA	4.1136765
3731	NA	4.5
3732	NA	3.8487475
3734	NA	3.606009
3735	NA	3.6082935
3738	NA	3.606009
3741	NA	4.321106
3744	NA	4.5
3745	NA	4.235332
3749	NA	4.392448
3754	NA	4.1044493
3757	NA	4.1044493
3760	NA	4.5
3763	NA	4.2809734
3764	NA	3.9736273
3768	NA	3.9958463
3769	NA	4.285625
3771	NA	4.5
3772	NA	4.134071
3773	NA	4.341005
3775	NA	4.090628
3778	NA	3.2402012
3782	NA	3.6891458
3786	NA	3.5199718
3787	NA	2.9859123
3791	NA	3.767975
3792	NA	4.39766
3793	NA	4.5
3794	NA	4.2708507
3796	NA	3.8501832
3798	NA	3.8501832
3802	NA	4.5
3806	NA	3.3838966
3808	NA	3.7754478
3810	NA	3.8155026
3811	NA	3.8933616
3813	NA	4.5
3815	NA	4.300807
3816	NA	4.5
3817	NA	3.8161952
3818	NA	3.8923404
3819	NA	3.8923404
3822	NA	3.8923404
3824	NA	3.5437746
3829	NA	4.2578707
3830	NA	3.5437746
3832	NA	4.1122603
3833	NA	4.5
3835	NA	4.5
3837	NA	4.1921244
3841	NA	4.087887
3842	NA	4.087887
3843	NA	4.397029
3848	NA	4.028627
3849	NA	4.028627
3850	NA	3.9589252
3851	NA	3.3977368
3854	NA	4.245794
3858	NA	4.5
3859	NA	3.9598253
3863	NA	2.952214
3865	NA	3.8225071
3867	NA	4.5
3875	NA	3.1258862
3876	NA	4.3494406
3877	NA	2.931524
3878	NA	4.5
3879	NA	4.5
3881	NA	3.8022907
3888	NA	3.0178485
3889	NA	3.8827047
3890	NA	2.8977127
3891	NA	3.2198784
3894	NA	4.5
3896	NA	3.6394687
3900	NA	4.0831375
3902	NA	4.0831375
3906	NA	1.8042359
3907	NA	4.1418443
3911	NA	4.384177
3913	NA	4.5
3916	NA	3.3275576
3918	NA	3.7405934
3919	NA	3.621818
3923	NA	4.5
3925	NA	3.8071501
3926	NA	4.3782144
3927	NA	3.4705632
3928	NA	3.5544322
3931	NA	3.3337376
3932	NA	3.3337376
3933	NA	3.3337376
3937	NA	3.7972252
3944	NA	4.5
3945	NA	4.1590266
3946	NA	4.0479736
3950	NA	4.5
3952	NA	4.5
3953	NA	4.315341
3954	NA	4.5
3959	NA	3.4443572
3960	NA	3.8408291
3962	NA	3.8408291
3963	NA	4.5
3964	NA	3.9455733
3965	NA	4.5
3966	NA	4.5
3967	NA	3.523145
3968	NA	3.523145
3969	NA	3.523145
3971	NA	3.523145
3974	NA	4.0389876
3975	NA	3.6870778
3977	NA	3.1832156
3978	NA	3.5492907
3979	NA	3.7653213
3981	NA	4.5
3983	NA	4.1382966
3988	NA	3.614248
3991	NA	4.5
3997	NA	3.9021673
4000	NA	4.1256366
4003	NA	3.7978559
4005	NA	4.5
4008	NA	4.2700686
4009	NA	3.8873694
4010	NA	3.7978559
4016	NA	4.218563
4018	NA	4.09341
4019	NA	4.197162
4022	NA	4.3373895
4023	NA	3.9496508
4024	NA	4.3373895
4025	NA	4.30201
4026	NA	4.0372877
4027	NA	4.2417207
4029	NA	4.4153614
4030	NA	3.530264
4032	NA	3.5951772
4035	NA	3.625806
4039	NA	3.222773
4042	NA	3.11449
4044	NA	3.11449
4048	NA	4.5
4051	NA	3.5034883
4052	NA	3.1567705
4053	NA	3.9860306
4055	NA	4.5
4057	NA	4.5
4059	NA	3.8560872
4064	NA	4.3109255
4070	NA	3.2795496
4073	NA	3.2795496
4075	NA	3.8744526
4077	NA	4.5
4078	NA	4.5
4080	NA	4.5
4081	NA	4.5
4082	NA	4.1122603
4089	NA	4.5
4091	NA	2.734043
4092	NA	3.284415
4093	NA	3.284415
4095	NA	3.284415
4096	NA	3.3675094
4097	NA	3.284415
4098	NA	4.213094
4099	NA	3.6989522
4101	NA	4.5
4103	NA	4.1446557
4104	NA	3.79995
4106	NA	4.1446557
4107	NA	3.8986003
4110	NA	4.5
4111	NA	3.3627052
4116	NA	4.5
4121	NA	3.2931652
4122	NA	3.7774324
4124	NA	3.7774324
4128	NA	4.5
4129	NA	3.7578964
4130	NA	4.020975
4131	NA	3.6014297
4138	NA	4.00631
4139	NA	4.5
4143	NA	3.5761125
4144	NA	3.5761125
4150	NA	3.6317794
4151	NA	3.4922316
4153	NA	3.6317794
4158	NA	3.8242157
4159	NA	3.9932349
4160	NA	3.8791766
4161	NA	3.9932349
4166	NA	4.343948
4167	NA	3.258653
4169	NA	3.5669086
4170	NA	3.9078906
4171	NA	3.996613
4172	NA	4.317689
4175	NA	4.5
4177	NA	3.4971411
4180	NA	3.4971411
4182	NA	4.5
4184	NA	4.5
4186	NA	3.5464778
4188	NA	3.3790627
4189	NA	3.282732
4190	NA	3.179134
4192	NA	3.8082657
4198	NA	2.6051297
4200	NA	3.1070998
4201	NA	4.5
4203	NA	3.751451
4204	NA	4.2584014
4206	NA	3.8949978
4208	NA	3.8793478
4210	NA	4.0562925
4211	NA	4.5
4215	NA	1.9401128
4217	NA	2.5198107
4218	NA	2.5198107
4222	NA	4.038935
4224	NA	2.3242595
4225	NA	3.0279994
4226	NA	2.862042
4227	NA	2.862042
4229	NA	4.178294
4230	NA	3.8025212
4233	NA	2.368287
4234	NA	2.4325247
4237	NA	4.3407693
4240	NA	4.5
4241	NA	3.423734
4243	NA	3.4507604
4245	NA	3.579806
4249	NA	4.5
4250	NA	4.5
4255	NA	4.182437
4256	NA	4.182437
4258	NA	4.2948503
4261	NA	2.3871012
4262	NA	1.8222779
4263	NA	1.8430268
4264	NA	1.6495601
4268	NA	4.373674
4270	NA	4.000884
4271	NA	4.1662
4273	NA	4.1662
4276	NA	4.5
4278	NA	4.3782144
4281	NA	3.3383214
4285	NA	4.5
4286	NA	4.3755927
4292	NA	3.9929588
4293	NA	2.7933085
4294	NA	3.1552534
4296	NA	4.5
4297	NA	2.597048
4298	NA	2.7933085
4300	NA	2.331578
4302	NA	4.0728188
4303	NA	4.5
4309	NA	3.0370398
4310	NA	3.0370398
4311	NA	4.2429066
4313	NA	4.27674
4314	NA	4.347424
4317	NA	3.782899
4319	NA	4.0365715
4324	NA	4.5
4326	NA	3.7561817
4327	NA	4.5
4331	NA	4.159495
4332	NA	4.5
4333	NA	3.5298738
4334	NA	4.2644343
4337	NA	3.0627575
4343	NA	4.5
4345	NA	4.5
4352	NA	4.5
4353	NA	3.410273
4355	NA	1.2464793
4356	NA	1.5240206
4358	NA	1.5240206
4362	NA	4.3317075
4366	NA	3.6989937
4367	NA	2.292455
4368	NA	3.6989937
4372	NA	4.5
4373	NA	4.291268
4374	NA	4.5
4375	NA	3.6388185
4380	NA	4.2328343
4383	NA	4.5
4384	NA	4.5
4389	NA	4.1751146
4391	NA	4.0089693
4397	NA	3.7660437
4399	NA	4.5
4400	NA	4.3370357
4402	NA	4.3370357
4403	NA	4.5
4404	NA	4.3370357
4405	NA	4.5
4406	NA	4.5
4409	NA	4.3302603
4413	NA	3.5610108
4415	NA	3.19248
4416	NA	4.3140926
4419	NA	4.4226723
4420	NA	2.2053537
4421	NA	2.2857096
4422	NA	2.3787935
4423	NA	2.2871964
4424	NA	2.2871964
4425	NA	3.8090649
4427	NA	4.013988
4428	NA	4.5
4430	NA	4.226645
4433	NA	4.226645
4434	NA	3.3637574
4435	NA	4.5
4436	NA	3.7906625
4437	NA	4.5
4438	NA	2.3780584
4441	NA	2.3473556
4444	NA	4.5
4448	NA	3.1016285
4449	NA	3.0537472
4450	NA	3.1016285
4451	NA	3.1016285
4452	NA	3.7958758
4453	NA	4.5
4455	NA	4.5
4456	NA	3.184593
4459	NA	3.9943118
4460	NA	3.9943118
4461	NA	3.622586
4462	NA	4.5
4463	NA	3.3771632
4465	NA	3.13663
4466	NA	1.9357417
4467	NA	2.2990057
4470	NA	4.124827
4474	NA	2.3539376
4475	NA	2.4498374
4476	NA	2.753354
4478	NA	2.5401027
4479	NA	3.9456174
4480	NA	4.5
4482	NA	4.5
4483	NA	1.5503728
4484	NA	1.7996261
4485	NA	1.7345517
4488	NA	3.9508479
4489	NA	4.5
4491	NA	4.4721937
4493	NA	3.3377922
4494	NA	3.6844847
4495	NA	3.4064074
4496	NA	3.4064074
4499	NA	3.928525
4500	NA	4.5
4502	NA	2.7051039
4504	NA	3.1999495
4506	NA	3.1999495
4508	NA	4.2865653
4510	NA	4.2869186
4512	NA	2.6279895
4518	NA	4.5
4521	NA	4.0173264
4527	NA	4.5
4528	NA	3.862457
4530	NA	3.366916
4531	NA	3.306401
4532	NA	2.7650368
4533	NA	3.306401
4535	NA	4.0923247
4536	NA	4.5
4537	NA	4.236692
4538	NA	4.5
4539	NA	3.3533182
4542	NA	3.1389263
4543	NA	3.1389263
4547	NA	4.5
4548	NA	3.9722188
4550	NA	4.0370326
4552	NA	4.378187
4554	NA	3.8737864
4555	NA	4.3275633
4557	NA	3.2899113
4560	NA	3.5733693
4561	NA	3.2758915
4563	NA	4.5
4566	NA	4.078644
4568	NA	4.0766807
4571	NA	4.1554437
4572	NA	4.085654
4575	NA	3.468157
4576	NA	3.1470878
4577	NA	2.9781196
4578	NA	2.95345
4582	NA	3.5194077
4584	NA	3.5194077
4586	NA	4.1404843
4587	NA	4.5
4589	NA	2.3904417
4591	NA	4.1995544
4592	NA	4.5
4593	NA	1.2130667
4594	NA	1.2327018
4598	NA	4.348344
4599	NA	4.5
4600	NA	3.9972599
4602	NA	4.0522447
4603	NA	4.384177
4604	NA	4.182042
4607	NA	4.124147
4608	NA	4.5
4609	NA	3.8245182
4613	NA	4.124147
4618	NA	4.19533
4620	NA	3.9818237
4621	NA	4.3113394
4622	NA	4.059844
4623	NA	4.3113394
4624	NA	4.3113394
4625	NA	4.3412232
4627	NA	4.1456957
4628	NA	4.5
4629	NA	1.9467885
4631	NA	1.6988105
4639	NA	4.0284
4640	NA	3.854319
4641	NA	4.0284
4642	NA	4.0284
4645	NA	4.393375
4647	NA	4.393375
4649	NA	3.5611022
4654	NA	4.2336473
4655	NA	4.5
4657	NA	1.7556506
4658	NA	1.4891951
4667	NA	4.047865
4670	NA	4.216219
4672	NA	4.5
4675	NA	3.823615
4676	NA	3.886469
4677	NA	3.4290535
4678	NA	3.5678911
4682	NA	4.5
4684	NA	4.5
4690	NA	4.002011
4691	NA	4.3066664
4692	NA	4.3253303
4693	NA	3.9451938
4694	NA	3.1125417
4695	NA	3.1084106
4698	NA	3.2103453
4703	NA	3.8534348
4704	NA	3.811713
4705	NA	4.215602
4706	NA	4.3262944
4708	NA	4.332179
4709	NA	4.5
4714	NA	3.7395873
4715	NA	3.684461
4719	NA	4.5
4721	NA	4.5
4722	NA	1.8241516
4723	NA	2.099934
4726	NA	2.099934
4727	NA	2.099934
4730	NA	4.202258
4732	NA	3.8807445
4733	NA	3.8299088
4736	NA	3.8299088
4737	NA	3.5539622
4738	NA	4.5
4739	NA	4.1246605
4741	NA	3.9386055
4744	NA	3.3261335
4747	NA	3.4012744
4748	NA	4.418699
4749	NA	4.298239
4750	NA	4.240285
4751	NA	4.4279737
4754	NA	2.4954848
4757	NA	4.036591
4758	NA	3.8598275
4765	NA	3.2823427
4768	NA	4.3835907
4770	NA	2.8319106
4772	NA	2.8181913
4773	NA	2.9065957
4775	NA	4.3716164
4778	NA	4.482813
4779	NA	4.290702
4781	NA	4.1520314
4783	NA	4.2369423
4784	NA	3.8134627
4785	NA	4.4146914
4786	NA	4.138987
4787	NA	4.5
4789	NA	2.281734
4791	NA	2.11511
4792	NA	2.281734
4801	NA	4.131594
4804	NA	4.5
4809	NA	2.8968976
4818	NA	4.5
4827	NA	4.5
4828	NA	4.1757817
4829	NA	3.9545248
4830	NA	4.205722
4833	NA	3.0920303
4834	NA	4.5
4835	NA	3.6844847
4837	NA	3.121514
4838	NA	3.2346487
4840	NA	3.1366317
4841	NA	3.1366317
4846	NA	1.8828093
4850	NA	1.9928441
4854	NA	4.5
4856	NA	2.9059198
4861	NA	4.5
4862	NA	3.5727363
4864	NA	2.114162
4865	NA	3.1130285
4868	NA	3.1130285
4870	NA	4.5
4871	NA	4.2035117
4873	NA	4.025665
4875	NA	4.346737
4876	NA	4.1579485
4878	NA	4.3533688
4884	NA	3.8543992
4887	NA	3.9617372
4889	NA	2.9774556
4890	NA	4.5
4892	NA	3.2222712
4893	NA	3.277829
4894	NA	3.2222712
4895	NA	3.2222712
4896	NA	3.9761684
4897	NA	4.5
4899	NA	4.5
4902	NA	2.5476897
4904	NA	2.671085
4906	NA	4.5
4907	NA	3.8152
4908	NA	4.5
4909	NA	2.0273788
4910	NA	2.0359702
4914	NA	4.348344
4917	NA	4.5
4923	NA	4.4048934
4924	NA	4.5
4925	NA	3.9942708
4927	NA	2.935975
4930	NA	3.0039933
4931	NA	3.0039933
4935	NA	4.1860623
4936	NA	4.5
4939	NA	3.8246555
4943	NA	3.8246555
4945	NA	4.135851
4952	NA	2.0579689
4955	NA	4.5
4956	NA	4.2623734
4958	NA	3.9190333
4962	NA	3.4889343
4969	NA	3.038887
4972	NA	4.1676674
4973	NA	4.5
4976	NA	1.2086682
4979	NA	1.2154205
4980	NA	1.2154205
4984	NA	4.011836
4986	NA	2.934859
4987	NA	2.5520437
4988	NA	2.6419337
4993	NA	4.5
4994	NA	1.0170304
4995	NA	1.1658531
4999	NA	4.5
5001	NA	4.3322997
5004	NA	4.063435
5006	NA	4.0193634
5008	NA	4.263003
5009	NA	4.5
5013	NA	4.145667
5016	NA	4.145667
5019	NA	4.2569757
5020	NA	4.338464
5021	NA	4.5
5028	NA	4.0381045
5029	NA	4.5
5034	NA	4.134269
5035	NA	4.2365656
5036	NA	3.8569388
5038	NA	4.2365656
5041	NA	4.2562146
5042	NA	4.5
5043	NA	3.5946178
5044	NA	3.8661811
5054	NA	2.3166463
5055	NA	2.5343456
5057	NA	4.2125106
5059	NA	4.1790233
5061	NA	4.240484
5062	NA	4.2429066
5063	NA	4.0984893
5065	NA	4.2429066
5066	NA	4.348344
5067	NA	4.5
5068	NA	4.2275567
5069	NA	4.5
5070	NA	1.9866126
5071	NA	1.9123887
5075	NA	4.335992
5076	NA	4.5
5077	NA	4.354388
5084	NA	4.125363
5087	NA	4.33705
5088	NA	2.7888908
5090	NA	2.6233516
5093	NA	4.250076
5094	NA	4.5
5095	NA	4.205178
5098	NA	1.9067807
5099	NA	2.2065234
5101	NA	2.0170736
5103	NA	4.023911
5104	NA	4.1686425
5106	NA	3.838215
5108	NA	3.7222178
5111	NA	4.124627
5112	NA	4.5
5118	NA	2.0958881
5120	NA	4.3387575
5122	NA	4.0827866
5126	NA	1.5226904
5128	NA	1.6276616
5129	NA	4.391902
5130	NA	4.5
5131	NA	4.3099184
5138	NA	4.115706
5140	NA	3.5791743
5143	NA	2.5797071
5144	NA	2.5203414
5146	NA	2.5797071
5150	NA	4.5
5151	NA	2.304583
5152	NA	1.7329192
5156	NA	4.3571324
5157	NA	4.3571324
5158	NA	4.2329364
5159	NA	4.2329364
5162	NA	2.5238848
5164	NA	2.6578755
5165	NA	3.9857788
5168	NA	4.5
5170	NA	1.928284
5172	NA	1.928284
5173	NA	1.928284
5174	NA	4.1918836
5179	NA	4.288026
5180	NA	3.9938369
5181	NA	4.288026
5182	NA	4.288026
5183	NA	3.8561919
5184	NA	4.422616
5185	NA	4.2448974
5188	NA	2.2000268
5190	NA	2.1908896
5192	NA	4.040678
5193	NA	4.5
5194	NA	4.059512
5196	NA	3.0535655
5200	NA	2.9319847
5202	NA	4.369587
5205	NA	2.7995892
5207	NA	3.1269858
5209	NA	3.1614952
5210	NA	4.2856774
5211	NA	4.5
5213	NA	4.5
5214	NA	2.0464952
5217	NA	1.9932808
5218	NA	1.9932808
5221	NA	3.3695803
5222	NA	4.3100657
5224	NA	3.2859066
5228	NA	3.8081276
5229	NA	4.5
5230	NA	3.4494872
5233	NA	3.0426857
5235	NA	3.0426857
5237	NA	4.2825
5240	NA	4.381942
5241	NA	3.6580677
5243	NA	3.5700607
5245	NA	3.2704587
5250	NA	2.8537683
5252	NA	2.508898
5255	NA	4.1122603
5257	NA	3.7861614
5259	NA	3.2054992
5265	NA	4.5
5266	NA	3.9269018
5268	NA	4.065036
5270	NA	3.056842
5271	NA	4.21479
5272	NA	4.21479
5273	NA	4.1877427
5274	NA	4.5
5275	NA	4.5
5279	NA	4.255215
5280	NA	4.0021963
5281	NA	4.0021963
5283	NA	4.5
5284	NA	4.286159
5285	NA	4.5
5286	NA	2.9583786
5287	NA	2.3754938
5289	NA	2.3754938
5290	NA	2.3754938
5292	NA	4.3959436
5293	NA	3.9570522
5295	NA	1.9126278
5297	NA	2.2693584
5299	NA	2.155324
5300	NA	4.2055664
5301	NA	4.5
5302	NA	4.104396
5305	NA	4.057216
5307	NA	4.057216
5308	NA	4.057216
5309	NA	4.36338
5312	NA	4.4750867
5315	NA	3.3306143
5316	NA	3.4102316
5320	NA	4.291268
5322	NA	3.3438783
5323	NA	3.4972453
5326	NA	3.4972453
5328	NA	4.3273096
5330	NA	3.971899
5331	NA	3.7888634
5332	NA	3.971899
5336	NA	4.10686
5337	NA	4.5
5339	NA	4.5
5343	NA	3.4965935
5344	NA	3.4965935
5353	NA	4.2825303
5354	NA	3.9229782
5355	NA	4.5
5360	NA	3.7679145
5364	NA	4.5
5365	NA	4.335488
5366	NA	4.5
5367	NA	2.4129019
5368	NA	2.4008353
5371	NA	2.4008353
5375	NA	4.5
5381	NA	4.332161
5382	NA	4.5
5386	NA	4.386517
5388	NA	4.386517
5390	NA	3.9215724
5392	NA	3.8404915
5394	NA	3.8611612
5396	NA	3.9054315
5400	NA	4.0082912
5402	NA	4.5
5403	NA	3.020168
5408	NA	4.3546557
5410	NA	4.311786
5412	NA	4.0511246
5413	NA	4.004904
5416	NA	4.004904
5417	NA	4.326687
5418	NA	4.4511905
5421	NA	1.6235037
5422	NA	1.406813
5424	NA	1.5586715
5425	NA	1.406813
5428	NA	3.5355768
5430	NA	3.2340214
5431	NA	4.074937
5433	NA	4.074937
5438	NA	4.5
5441	NA	2.324565
5442	NA	3.4539578
5444	NA	4.1845317
5445	NA	4.5
5448	NA	4.038618
5450	NA	4.153035
5451	NA	4.2289095
5452	NA	4.2289095
5453	NA	3.4971461
5465	NA	4.5
5469	NA	3.397497
5470	NA	3.397497
5472	NA	4.5
5473	NA	4.143244
5475	NA	2.3515267
5479	NA	2.5829203
5481	NA	3.9795957
5482	NA	4.1454577
5484	NA	3.9596734
5485	NA	4.167718
5486	NA	3.54883
5488	NA	4.1880727
5490	NA	4.5
5493	NA	3.8115163
5494	NA	4.004159
5499	NA	4.361078
5506	NA	2.4053707
5508	NA	4.5
5509	NA	3.2509954
5511	NA	3.3637574
5515	NA	4.386517
5516	NA	3.666432
5517	NA	4.5
5519	NA	3.7994385
5524	NA	2.923125
5527	NA	4.3201094
5528	NA	4.5
5529	NA	3.8436358
5536	NA	3.4300003
5539	NA	3.2382615
5541	NA	3.5397978
5542	NA	3.5397978
5543	NA	3.5779371
5544	NA	4.5
5547	NA	2.0233788
5550	NA	1.998023
5551	NA	1.998023
5557	NA	2.930065
5559	NA	2.5171075
5562	NA	4.5
5564	NA	4.4778867
5566	NA	3.9770665
5567	NA	4.0127616
5570	NA	4.2421765
5571	NA	4.5
5572	NA	4.31497
5573	NA	4.4505124
5574	NA	3.4032888
5576	NA	3.775954
5577	NA	3.4037824
5578	NA	3.4037824
5579	NA	4.146432
5581	NA	4.083448
5583	NA	3.6695893
5585	NA	3.070156
5589	NA	4.4791927
5590	NA	4.2073283
5592	NA	3.9912782
5594	NA	3.845634
5596	NA	4.3400702
5597	NA	3.476101
5598	NA	4.5
5599	NA	3.705385
5600	NA	4.5
5601	NA	2.4963696
5605	NA	3.2285078
5606	NA	3.2600904
5611	NA	1.808239
5616	NA	4.5
5622	NA	4.0499763
5625	NA	4.1660957
5626	NA	4.17817
5628	NA	3.1910715
5629	NA	2.828089
5630	NA	2.8429575
5631	NA	2.9980986
5635	NA	4.109238
5636	NA	4.5
5638	NA	3.9974546
5639	NA	3.8915265
5644	NA	4.259282
5648	NA	4.0117683
5649	NA	4.2024407
5650	NA	4.2024407
5652	NA	4.5
5654	NA	4.5
5655	NA	2.0455575
5658	NA	2.7762272
5660	NA	3.9567544
5661	NA	4.1948695
5662	NA	3.9895883
5665	NA	3.028999
5666	NA	2.5971258
5667	NA	3.1847227
5669	NA	4.5
5670	NA	4.3375773
5672	NA	4.5
5673	NA	4.136129
5674	NA	4.5
5681	NA	4.5
5682	NA	3.956427
5684	NA	3.9021335
5685	NA	4.0711226
5686	NA	4.1662717
5688	NA	4.5
5689	NA	3.9216588
5690	NA	4.5
5692	NA	3.0692132
5699	NA	4.5
5700	NA	4.0854235
5702	NA	4.3568454
5703	NA	4.309608
5704	NA	4.309608
5705	NA	3.6331573
5707	NA	3.618
5708	NA	4.5
5709	NA	2.7207382
5711	NA	2.8277268
5713	NA	3.6760638
5714	NA	4.20401
5715	NA	4.5
5716	NA	4.0395794
5719	NA	3.1170735
5720	NA	3.6158414
5721	NA	3.5136542
5723	NA	3.4944096
5724	NA	4.5
5726	NA	4.5
5727	NA	3.867143
5729	NA	3.4719493
5730	NA	4.2310348
5731	NA	4.2310348
5734	NA	4.226216
5735	NA	3.4824624
5738	NA	3.1819043
5743	NA	4.209695
5746	NA	3.777568
5748	NA	3.777568
5754	NA	2.4891229
5757	NA	2.4772778
5759	NA	4.136437
5760	NA	4.352508
5763	NA	4.3412714
5766	NA	3.0037234
5767	NA	2.8929305
5769	NA	3.0944622
5771	NA	4.5
5774	NA	3.8649805
5775	NA	4.1892
5778	NA	4.1892
5780	NA	4.2806506
5782	NA	4.242171
5783	NA	1.3378992
5784	NA	1.5786617
5785	NA	1.6491532
5786	NA	1.7258369
5789	NA	4.5
5790	NA	4.024549
5793	NA	4.05032
5795	NA	4.1914134
5796	NA	4.1914134
5798	NA	4.2321663
5800	NA	4.5
5802	NA	2.6640513
5803	NA	2.550659
5804	NA	2.7423418
5805	NA	2.6640513
5807	NA	4.385264
5808	NA	4.242742
5809	NA	4.121435
5814	NA	3.317506
5817	NA	4.1142054
5818	NA	4.5
5827	NA	4.5
5830	NA	4.201268
5831	NA	4.339579
5832	NA	4.338991
5833	NA	3.7126825
5837	NA	2.8655844
5838	NA	3.0341632
5840	NA	3.0341632
5843	NA	4.392448
5844	NA	4.1085567
5849	NA	4.392448
5854	NA	4.5
5856	NA	3.9144523
5858	NA	3.9950602
5862	NA	4.1797576
5863	NA	4.419553
5866	NA	4.1627607
5868	NA	4.3292327
5869	NA	3.685941
5870	NA	4.140979
5871	NA	3.6840196
5873	NA	2.9324448
5877	NA	3.609522
5878	NA	4.3122826
5880	NA	4.247399
5881	NA	3.8684056
5884	NA	3.5550141
5888	NA	3.941973
5889	NA	4.5
5891	NA	2.1040332
5892	NA	2.0769434
5893	NA	2.1486857
5896	NA	4.147216
5897	NA	3.661558
5903	NA	2.742662
5908	NA	4.5
5910	NA	3.4311042
5912	NA	3.4311042
5913	NA	3.4311042
5915	NA	4.0145245
5916	NA	4.222707
5917	NA	4.5
5921	NA	1.7869719
5925	NA	3.5027928
5926	NA	3.4642541
5927	NA	1.8386948
5929	NA	1.7458105
5932	NA	4.3589053
5933	NA	4.292969
5934	NA	4.040404
5935	NA	4.5
5939	NA	3.518219
5940	NA	3.5463448
5942	NA	4.5
5945	NA	4.270566
5946	NA	3.693837
5949	NA	3.284108
5950	NA	3.5169556
5951	NA	3.5169556
5953	NA	4.5
5954	NA	4.3535953
5957	NA	3.9480746
5958	NA	4.086553
5959	NA	4.086553
5961	NA	4.387677
5962	NA	3.457848
5963	NA	4.5
5967	NA	3.539009
5969	NA	3.0469177
5971	NA	3.539009
5972	NA	3.6860535
5973	NA	4.18584
5974	NA	3.8591628
5980	NA	3.5673294
5981	NA	3.419854
5984	NA	4.272426
5985	NA	4.5
5993	NA	3.8720896
5994	NA	4.2339416
5995	NA	4.5
5997	NA	4.5
5998	NA	3.6227784
5999	NA	3.3693993
6002	NA	3.3693993
6003	NA	4.303873
6004	NA	4.5
6008	NA	2.5372899
6009	NA	2.4786665
6010	NA	2.403087
6011	NA	2.4786665
6012	NA	2.4786665
6013	NA	2.4786665
6016	NA	3.7878408
6018	NA	4.0597105
6019	NA	4.1055074
6021	NA	4.1430387
6023	NA	3.6051712
6024	NA	4.1430387
6025	NA	4.3212047
6026	NA	4.5
6031	NA	3.1980295
6033	NA	3.3885207
6034	NA	3.985432
6036	NA	4.5
6039	NA	3.3901327
6040	NA	3.3901327
6043	NA	3.3901327
6046	NA	4.198406
6048	NA	4.26538
6049	NA	2.8116426
6055	NA	4.3532333
6057	NA	4.5
6058	NA	2.5494537
6059	NA	2.9145217
6062	NA	2.9145217
6063	NA	4.15727
6064	NA	4.5
6066	NA	4.5
6067	NA	4.3632984
6069	NA	2.4072526
6070	NA	2.5122492
6071	NA	2.2197423
6073	NA	2.4072526
6074	NA	4.5
6076	NA	4.386297
6079	NA	4.246584
6081	NA	4.0893617
6087	NA	3.4947464
6089	NA	3.6722002
6090	NA	3.5815458
6091	NA	3.6722002
6094	NA	4.5
6097	NA	3.0875328
6100	NA	3.0875328
6102	NA	4.2622333
6107	NA	3.3642936
6110	NA	3.534834
6111	NA	3.168115
6113	NA	3.534834
6114	NA	4.4002028
6115	NA	4.375394
6116	NA	4.395202
6118	NA	4.2353444
6121	NA	4.1810603
6124	NA	4.5
6125	NA	4.222886
6126	NA	4.5
6129	NA	3.9746132
6130	NA	4.1144075
6132	NA	4.314323
6134	NA	3.8853
6138	NA	3.483073
6139	NA	3.4150512
6140	NA	2.8178942
6141	NA	3.3771157
6142	NA	3.483073
6143	NA	4.330283
6148	NA	2.7433317
6149	NA	3.1389892
6151	NA	3.1046193
6156	NA	2.8504522
6162	NA	3.41826
6163	NA	4.417825
6165	NA	4.2214966
6166	NA	4.255632
6167	NA	4.1460032
6168	NA	3.5663197
6172	NA	4.436544
6173	NA	4.091202
6177	NA	2.2007575
6181	NA	2.4469244
6182	NA	2.583848
6184	NA	4.428064
6189	NA	3.4232454
6190	NA	3.3627293
6192	NA	4.427431
6196	NA	3.163632
6201	NA	4.3747444
6204	NA	4.353162
6207	NA	2.405006
6210	NA	3.1185842
6216	NA	3.0229983
6217	NA	3.2189558
6220	NA	3.2189558
6221	NA	4.5
6222	NA	4.3298945
6223	NA	4.385979
6226	NA	3.571505
6227	NA	3.571505
6229	NA	3.571505
6230	NA	4.0981965
6235	NA	2.4555335
6237	NA	2.4342973
6238	NA	2.860538
6240	NA	3.8207672
6244	NA	2.9173305
6245	NA	2.3755913
6247	NA	2.9209244
6251	NA	4.105658
6252	NA	3.7206354
6254	NA	3.7135317
6255	NA	3.8158398
6256	NA	3.8841224
6257	NA	3.9718683
6260	NA	4.5
6261	NA	4.5
6262	NA	3.6224205
6264	NA	3.4014628
6265	NA	4.015675
6268	NA	4.5
6269	NA	4.32115
6270	NA	4.331678
6271	NA	4.306812
6273	NA	3.391975
6274	NA	3.522669
6275	NA	3.4250362
6276	NA	3.522669
6277	NA	4.3845825
6279	NA	4.5
6281	NA	4.17124
6282	NA	3.2606614
6283	NA	4.0294623
6284	NA	3.856077
6285	NA	3.8296106
6289	NA	4.5
6294	NA	2.8423629
6296	NA	2.8423629
6298	NA	2.9748461
6303	NA	3.8210485
6304	NA	3.260481
6312	NA	3.386567
6314	NA	3.386567
6320	NA	3.594686
6322	NA	3.7016935
6323	NA	3.8841228
6324	NA	4.4421053
6325	NA	4.5
6328	NA	4.491505
6329	NA	3.7070837
6331	NA	3.6577775
6332	NA	3.7070837
6339	NA	4.5
6340	NA	4.0988245
6341	NA	4.11368
6343	NA	4.1334357
6351	NA	4.0325394
6352	NA	3.8011966
6354	NA	4.0325394
6355	NA	4.3977337
6356	NA	4.0536447
6361	NA	3.71318
6364	NA	4.382202
6365	NA	4.3763986
6367	NA	4.5
6369	NA	2.9206016
6371	NA	3.2500303
6374	NA	3.2857456
6376	NA	3.2330022
6378	NA	4.5
6379	NA	4.1776814
6380	NA	3.6233695
6383	NA	3.6597304
6384	NA	2.9366143
6388	NA	4.3368783
6389	NA	4.5
6391	NA	2.8917096
6393	NA	2.8917096
6398	NA	4.1675487
6399	NA	3.3772104
6400	NA	3.5351741
6401	NA	3.5244265
6403	NA	3.3772104
6406	NA	4.235423
6408	NA	3.9210768
6409	NA	2.8318691
6410	NA	3.275481
6413	NA	3.1158233
6414	NA	2.97268
6415	NA	4.1574054
6416	NA	4.5
6418	NA	4.447619
6422	NA	3.6428936
6425	NA	3.6428936
6427	NA	4.5
6428	NA	4.3222322
6430	NA	3.861172
6431	NA	3.0489206
6433	NA	3.0931168
6435	NA	3.4040294
6436	NA	3.4040294
6437	NA	4.5
6438	NA	4.3080945
6439	NA	4.336504
6440	NA	4.2351174
6441	NA	3.694465
6442	NA	3.37763
6445	NA	3.6914947
6446	NA	3.8835087
6449	NA	3.41237
6451	NA	3.9837167
6453	NA	4.026472
6455	NA	3.9837167
6456	NA	3.9837167
6457	NA	3.9813173
6459	NA	4.316993
6461	NA	3.8865557
6462	NA	2.8205595
6464	NA	2.8700564
6465	NA	1.7759029
6466	NA	2.8280432
6472	NA	3.9052947
6473	NA	3.8865027
6474	NA	3.8865027
6475	NA	3.7820876
6476	NA	3.8865027
6479	NA	4.288275
6481	NA	3.3664305
6483	NA	3.4119442
6484	NA	3.4119442
6485	NA	3.4119442
6486	NA	4.5
6487	NA	4.3166766
6490	NA	3.1346576
6492	NA	3.078078
6493	NA	3.3525078
6494	NA	3.078078
6498	NA	4.1876802
6501	NA	2.7839131
6502	NA	2.3260903
6503	NA	2.4382684
6504	NA	2.4177842
6505	NA	2.4177842
6507	NA	4.5
6509	NA	4.368393
6512	NA	3.2112544
6515	NA	4.3952117
6516	NA	4.5
6518	NA	4.4198823
6519	NA	4.5
6520	NA	3.761122
6522	NA	3.7529907
6523	NA	3.8033214
6524	NA	3.626451
6525	NA	3.8033214
6526	NA	4.4488454
6528	NA	4.428903
6530	NA	4.380428
6533	NA	3.9338002
6534	NA	3.8591712
6537	NA	4.414233
6538	NA	4.5
6541	NA	4.202337
6542	NA	4.202337
6547	NA	4.5
6551	NA	3.1213334
6553	NA	3.181886
6556	NA	4.109865
6560	NA	2.974051
6561	NA	2.9232492
6562	NA	3.0057042
6564	NA	4.138414
6570	NA	3.4895675
6571	NA	3.502116
6573	NA	3.4895675
6574	NA	3.4895675
6581	NA	3.420808
6583	NA	3.989885
6585	NA	4.0048842
6586	NA	4.4361434
6587	NA	4.331434
6594	NA	4.1544576
6596	NA	4.5
6601	NA	4.086273
6602	NA	4.5
6608	NA	3.436738
6609	NA	3.0809202
6611	NA	4.3223863
6612	NA	4.5
6613	NA	4.5
6616	NA	3.2156007
6621	NA	3.9621413
6622	NA	4.311842
6623	NA	4.5
6624	NA	3.1381388
6627	NA	2.982448
6628	NA	3.2583094
6629	NA	4.3680816
6630	NA	4.5
6633	NA	4.261757
6636	NA	4.0036063
6637	NA	4.0959134
6639	NA	4.0959134
6641	NA	4.5
6642	NA	4.417914
6643	NA	4.428745
6645	NA	3.9773166
6650	NA	3.9356124
6651	NA	4.447018
6652	NA	4.5
6653	NA	4.3508654
6654	NA	3.365237
6655	NA	3.4106812
6660	NA	4.3348
6661	NA	4.2703934
6662	NA	4.116354
6663	NA	4.3697324
6666	NA	2.6058233
6667	NA	2.256472
6668	NA	2.5787604
6672	NA	4.5
6676	NA	2.9050741
6677	NA	2.9074671
6679	NA	4.300057
6680	NA	4.5
6681	NA	3.6568174
6682	NA	3.8852854
6685	NA	3.7939982
6686	NA	3.8852854
6689	NA	4.2507415
6690	NA	3.7947125
6691	NA	2.5715458
6693	NA	2.5146317
6699	NA	4.5
6702	NA	3.8086696
6703	NA	3.4315658
6704	NA	3.4898992
6706	NA	4.1234593
6707	NA	4.3645062
6708	NA	4.5
6710	NA	3.256722
6712	NA	3.0062268
6713	NA	3.256722
6716	NA	4.047868
6718	NA	4.287094
6719	NA	3.6232302
6722	NA	4.0655875
6724	NA	4.120719
6726	NA	4.5
6727	NA	4.216993
6730	NA	2.5497842
6732	NA	2.5590255
6734	NA	4.5
6737	NA	4.5
6739	NA	3.3801444
6741	NA	3.1904788
6743	NA	3.472114
6744	NA	3.6449134
6749	NA	3.8459358
6751	NA	3.9538875
6753	NA	3.9538875
6755	NA	4.5
6759	NA	3.907923
6763	NA	4.2946224
6767	NA	4.5
6774	NA	4.5
6776	NA	4.4482617
6779	NA	3.5238214
6780	NA	3.7737463
6782	NA	3.7737463
6783	NA	4.4335804
6785	NA	4.312531
6786	NA	4.5
6787	NA	2.7025917
6788	NA	2.7403216
6790	NA	2.7403216
6792	NA	4.175564
6793	NA	4.1781335
6794	NA	4.5
6795	NA	3.9603348
6796	NA	2.6693702
6797	NA	1.9869313
6798	NA	2.6793861
6801	NA	4.5
6803	NA	4.2847657
6806	NA	2.5419285
6807	NA	2.345283
6808	NA	2.5780082
6809	NA	2.5780082
6811	NA	2.5780082
6815	NA	4.2489924
6817	NA	3.4235168
6818	NA	3.723855
6820	NA	3.9103374
6821	NA	4.050238
6823	NA	3.3766944
6826	NA	3.6385562
6827	NA	3.5705712
6828	NA	3.6061451
6829	NA	3.3744366
6831	NA	3.5705712
6832	NA	3.9719446
6835	NA	4.5
6836	NA	2.4554424
6837	NA	2.4554424
6838	NA	2.4320688
6839	NA	2.4554424
6841	NA	4.147085
6842	NA	3.6563146
6844	NA	4.2560444
6846	NA	2.9398813
6848	NA	3.0012085
6850	NA	2.2258313
6852	NA	4.25449
6853	NA	4.1439
6854	NA	4.1222425
6856	NA	3.4423664
6858	NA	3.1259277
6859	NA	3.2035527
6860	NA	3.283396
6861	NA	4.5
6864	NA	4.5
6867	NA	3.8813734
6871	NA	3.4877734
6872	NA	4.3663054
6873	NA	4.5
6874	NA	3.3233137
6876	NA	3.0711367
6878	NA	3.2796407
6881	NA	4.5
6882	NA	4.253279
6883	NA	3.4822428
6886	NA	3.4822428
6888	NA	4.5
6889	NA	4.5
6891	NA	4.416902
6892	NA	3.4984586
6893	NA	3.44444
6895	NA	3.4984586
6898	NA	4.5
6900	NA	4.5
6904	NA	4.3137574
6906	NA	4.5
6908	NA	4.3889236
6909	NA	4.4665327
6910	NA	3.8052561
6911	NA	3.977081
6915	NA	4.5
6916	NA	4.5
6917	NA	4.5
6925	NA	3.1310084
6926	NA	4.5
6928	NA	4.3629394
6929	NA	3.9696052
6930	NA	2.8994198
6933	NA	2.8469136
6935	NA	4.181129
6936	NA	4.1051273
6937	NA	4.0453663
6938	NA	4.364935
6939	NA	4.4670434
6941	NA	2.4176352
6943	NA	2.5764098
6944	NA	2.4973426
6949	NA	4.448076
6951	NA	3.84339
6952	NA	3.9428058
6953	NA	3.8803878
6954	NA	3.826528
6956	NA	3.98168
6959	NA	4.5
6960	NA	3.724305
6962	NA	2.2569528
6963	NA	1.8249465
6965	NA	2.059574
6967	NA	2.2569528
6972	NA	4.34466
6973	NA	3.0283504
6976	NA	2.6376796
6977	NA	3.1094685
6984	NA	3.2245033
6985	NA	2.9271894
6986	NA	3.1370292
6988	NA	4.225461
6989	NA	4.005511
6990	NA	4.449079
6999	NA	4.232196
7003	NA	3.848082
7010	NA	4.170503
7011	NA	4.170503
7012	NA	3.3276155
7014	NA	4.170503
7015	NA	4.291395
7017	NA	4.081563
7023	NA	2.6045294
7024	NA	2.6478865
7029	NA	4.5
7030	NA	3.611861
7031	NA	3.5661042
7032	NA	3.5661042
7033	NA	3.4610114
7034	NA	3.5661042
7036	NA	3.4092493
7037	NA	4.4487395
7038	NA	4.434888
7039	NA	4.40564
7041	NA	3.9930983
7042	NA	4.0192876
7046	NA	4.0439134
7047	NA	4.5
7048	NA	4.5
7049	NA	4.5
7050	NA	3.848576
7051	NA	3.848576
7052	NA	4.001958
7053	NA	3.848576
7055	NA	4.305202
7057	NA	4.3384504
7059	NA	3.9652183
7062	NA	3.67197
7065	NA	4.5
7067	NA	4.2097974
7068	NA	2.4925373
7069	NA	2.59718
7071	NA	2.5564744
7072	NA	2.5564744
7073	NA	4.31172
7075	NA	4.466404
7076	NA	4.5
7078	NA	3.6781714
7079	NA	3.801661
7080	NA	3.8472812
7089	NA	3.3731916
7091	NA	3.3882382
7095	NA	4.2939105
7096	NA	4.0811257
7097	NA	2.915656
7098	NA	3.116532
7102	NA	4.414521
7106	NA	4.5
7107	NA	3.3283749
7109	NA	3.3283749
7111	NA	3.3283749
7112	NA	3.3283749
7113	NA	4.3481507
7114	NA	4.5
7115	NA	4.350373
7117	NA	3.273869
7122	NA	4.5
7128	NA	4.5
7129	NA	4.3374767
7130	NA	4.5
7131	NA	4.4238887
7132	NA	4.184404
7134	NA	4.117672
7135	NA	3.8046844
7136	NA	3.831134
7137	NA	3.555986
7140	NA	4.228362
7141	NA	4.228362
7142	NA	4.386506
7146	NA	4.3962655
7147	NA	3.2744975
7148	NA	3.1631997
7149	NA	3.4715533
7151	NA	3.1874652
7152	NA	3.2506921
7154	NA	4.5
7157	NA	4.1411653
7158	NA	4.0987663
7159	NA	4.0987663
7160	NA	4.0987663
7162	NA	4.080229
7163	NA	4.5
7167	NA	3.4884923
7168	NA	3.4884923
7169	NA	3.2920496
7170	NA	3.4884923
7171	NA	3.191535
7172	NA	3.4884923
7173	NA	4.4168615
7174	NA	4.276883
7175	NA	4.2856703
7176	NA	4.5
7177	NA	3.3822496
7178	NA	3.4185812
7179	NA	3.3249996
7180	NA	3.3978226
7181	NA	3.4185812
7182	NA	4.1327486
7183	NA	4.5
7184	NA	4.2810388
7187	NA	3.1601293
7188	NA	3.5515456
7190	NA	3.4045014
7191	NA	3.5299597
7192	NA	3.5299597
7193	NA	4.4368057
7194	NA	4.5
7195	NA	4.5
7197	NA	3.8985279
7198	NA	3.7886608
7199	NA	3.8769133
7201	NA	3.8985279
7202	NA	4.3316755
7203	NA	4.5
7206	NA	4.5
7207	NA	3.6417508
7212	NA	3.6754982
7215	NA	4.248238
7216	NA	4.035059
7220	NA	3.646133
7223	NA	4.3638115
7225	NA	4.0788994
7227	NA	2.308915
7231	NA	2.5128298
7232	NA	2.5128298
7233	NA	4.3746634
7236	NA	4.4574637
7238	NA	3.5580344
7243	NA	3.5522492
7244	NA	4.439932
7245	NA	4.472616
7247	NA	4.016582
7248	NA	4.418726
7249	NA	3.3460753
7250	NA	3.4090405
7251	NA	3.4563491
7253	NA	3.3749573
7254	NA	3.4129338
7255	NA	4.5
7256	NA	4.5
7257	NA	4.110406
7258	NA	4.5
7259	NA	4.5
7260	NA	3.6863658
7261	NA	3.621578
7263	NA	3.621578
7264	NA	3.621578
7265	NA	3.621578
7266	NA	4.4635253
7272	NA	3.8328545
7273	NA	3.793802
7275	NA	4.2881503
7278	NA	4.5
7279	NA	3.5960717
7282	NA	3.5960717
7283	NA	3.5960717
7284	NA	4.443591
7285	NA	4.470509
7286	NA	4.339617
7288	NA	4.376594
7289	NA	2.343803
7290	NA	2.430874
7295	NA	4.5
7296	NA	4.3796964
7297	NA	4.5
7299	NA	3.752733
7301	NA	3.752733
7303	NA	3.752733
7305	NA	4.5
7307	NA	4.3809304
7308	NA	4.5
7310	NA	4.406307
7312	NA	4.406307
7317	NA	4.4676785
7318	NA	4.5
7321	NA	4.293071
7323	NA	4.314252
7324	NA	4.5
7325	NA	4.5
7326	NA	4.22607
7327	NA	4.1072516
7328	NA	3.8104637
7329	NA	3.2371798
7330	NA	3.1248302
7331	NA	3.256689
7333	NA	3.438106
7336	NA	4.5
7337	NA	4.5
7338	NA	4.297699
7339	NA	4.0649924
7341	NA	2.6344717
7342	NA	2.6428828
7345	NA	2.7511306
7348	NA	4.265971
7351	NA	3.0411139
7354	NA	3.3440604
7355	NA	3.3440604
7357	NA	4.417953
7360	NA	4.242823
7361	NA	2.8787177
7366	NA	3.928468
7369	NA	4.0273204
7373	NA	3.2211196
7376	NA	3.2211196
7377	NA	4.5
7378	NA	4.2702956
7379	NA	3.9790218
7380	NA	4.5
7382	NA	3.6906903
7384	NA	3.7437897
7385	NA	3.6906903
7387	NA	3.3082542
7393	NA	2.8593361
7395	NA	4.5
7396	NA	4.5
7400	NA	3.2616017
7401	NA	3.2542877
7403	NA	3.2542877
7405	NA	4.5
7406	NA	4.3823085
7407	NA	4.3260307
7408	NA	3.432339
7409	NA	3.414106
7412	NA	3.5511475
7413	NA	4.165907
7415	NA	4.2242603
7421	NA	4.5
7424	NA	4.3934035
7425	NA	4.305035
7426	NA	4.3911195
7429	NA	4.2953453
7430	NA	4.227195
7431	NA	4.045064
7433	NA	4.5
7435	NA	3.7653794
7436	NA	4.5
7439	NA	3.4923844
7440	NA	3.4513605
7442	NA	4.2434273
7443	NA	4.350768
7447	NA	4.5
7449	NA	2.5264719
7450	NA	2.5264719
7453	NA	2.3705158
7456	NA	3.965136
7458	NA	4.5
7460	NA	2.6047509
7463	NA	2.5634677
7465	NA	2.642342
7467	NA	4.5
7469	NA	4.3765664
7473	NA	3.630122
7478	NA	3.2908669
7480	NA	4.22303
7482	NA	3.0159178
7484	NA	3.4992962
7488	NA	4.3515177
7489	NA	4.5
7490	NA	3.8106146
7494	NA	3.8840806
7495	NA	4.3852954
7498	NA	4.5
7500	NA	3.8913383
7502	NA	3.9884489
7510	NA	3.5589483
7512	NA	3.5685127
7513	NA	3.4932797
7514	NA	3.5685127
7515	NA	4.2974715
7517	NA	4.4503326
7518	NA	4.5
7519	NA	3.7441869
7520	NA	3.6976044
7521	NA	3.7241995
7523	NA	3.6976044
7524	NA	4.5
7528	NA	4.16718
7529	NA	2.6680367
7530	NA	2.5283067
7531	NA	2.7117274
7535	NA	4.4142776
7536	NA	4.3978066
7538	NA	4.468385
7540	NA	3.4406104
7552	NA	4.0822673
7555	NA	4.114766
7560	NA	3.3713226
7562	NA	3.1911483
7565	NA	3.1433954
7566	NA	4.5
7568	NA	4.4297748
7570	NA	3.7415166
7571	NA	3.834472
7574	NA	3.834472
7575	NA	4.4096317
7578	NA	4.392368
7579	NA	1.9076186
7584	NA	3.8391216
7585	NA	3.8200896
7586	NA	4.352336
7589	NA	4.4197865
7591	NA	4.124782
7592	NA	4.19643
7593	NA	4.191023
7595	NA	3.678142
7596	NA	4.5
7597	NA	3.8180516
7598	NA	4.5
7600	NA	3.1031747
7601	NA	2.7595422
7602	NA	2.9512267
7604	NA	2.5121467
7605	NA	3.1031747
7607	NA	4.2959332
7610	NA	3.7694995
7614	NA	3.85527
7615	NA	4.5
7617	NA	4.201903
7620	NA	3.6791275
7621	NA	3.34574
7623	NA	3.7299466
7624	NA	3.628117
7626	NA	4.5
7627	NA	4.5
7628	NA	4.468928
7631	NA	4.1428404
7632	NA	4.254818
7633	NA	4.254818
7635	NA	4.3834176
7637	NA	4.42265
7640	NA	3.2738914
7644	NA	3.3040671
7645	NA	3.3040671
7646	NA	4.5
7650	NA	3.5447295
7655	NA	4.5
7656	NA	4.300052
7661	NA	3.9418952
7663	NA	4.100059
7664	NA	3.9265397
7671	NA	3.391159
7673	NA	3.5509741
7674	NA	3.5509741
7676	NA	4.5
7679	NA	4.384021
7683	NA	2.57448
7684	NA	2.57448
7685	NA	2.57448
7686	NA	4.5
7690	NA	2.952441
7691	NA	2.932508
7693	NA	2.932508
7694	NA	2.932508
7695	NA	4.2268453
7696	NA	4.1824827
7698	NA	4.5
7704	NA	3.0910735
7705	NA	3.0910735
7706	NA	4.5
7708	NA	4.4544516
7709	NA	4.5
7710	NA	4.160512
7713	NA	3.858857
7715	NA	4.4433713
7717	NA	4.5
7721	NA	3.601118
7725	NA	4.2988124
7727	NA	4.5
7730	NA	2.111115
7735	NA	4.5
7736	NA	4.5
7737	NA	4.291683
7738	NA	4.1164064
7745	NA	4.5
7748	NA	4.194711
7749	NA	2.6210904
7750	NA	2.6206286
7756	NA	4.1937637
7758	NA	4.5
7759	NA	4.171592
7761	NA	3.316684
7762	NA	3.3171859
7765	NA	3.316684
7766	NA	4.3630576
7767	NA	4.5
7770	NA	3.970552
7773	NA	3.3061101
7774	NA	3.3600922
7775	NA	3.5666394
7783	NA	3.65765
7786	NA	4.340583
7788	NA	3.8739462
7789	NA	4.422757
7791	NA	2.9856868
7796	NA	4.5
7797	NA	4.5
7799	NA	3.8405118
7800	NA	3.7603528
7801	NA	3.753222
7802	NA	3.8405118
7803	NA	3.8405118
7806	NA	4.3972025
7809	NA	3.1598542
7812	NA	3.1598542
7814	NA	4.5
7815	NA	3.9653347
7816	NA	4.4108987
7818	NA	2.906559
7824	NA	4.343945
7825	NA	4.351568
7826	NA	4.116796
7827	NA	3.9987357
7828	NA	4.001796
7829	NA	3.8530874
7830	NA	3.928245
7831	NA	4.1978993
7832	NA	4.171182
7833	NA	3.9014628
7835	NA	3.9014628
7837	NA	4.1978993
7840	NA	4.3312798
7842	NA	4.5
7843	NA	4.5
7845	NA	3.2395318
7846	NA	3.1159184
7848	NA	3.2395318
7850	NA	4.5
7852	NA	4.5
7853	NA	3.8108804
7854	NA	3.8057303
7855	NA	3.331816
7856	NA	3.8057303
7857	NA	3.8057303
7858	NA	4.4071946
7860	NA	4.3032804
7862	NA	4.180096
7863	NA	4.255281
7865	NA	4.255281
7870	NA	4.4139867
7871	NA	4.45291
7873	NA	3.7940903
7874	NA	3.5431638
7879	NA	4.5
7880	NA	4.3184643
7882	NA	3.5431526
7883	NA	3.626375
7885	NA	3.6674776
7886	NA	3.6674776
7894	NA	4.3130383
7895	NA	4.3130383
7897	NA	4.5
7901	NA	3.601134
7904	NA	3.7084596
7905	NA	4.4311576
7907	NA	4.46576
7908	NA	4.4257283
7910	NA	3.736463
7911	NA	3.7771838
7913	NA	3.7192233
7914	NA	3.7275538
7915	NA	3.7192233
7916	NA	3.8877118
7918	NA	4.2199445
7919	NA	4.5
7920	NA	3.9397798
7922	NA	3.6023145
7924	NA	4.223015
7928	NA	4.5
7929	NA	2.0478368
7930	NA	2.1134443
7931	NA	2.275845
7941	NA	3.1017165
7942	NA	3.1017165
7943	NA	3.9618351
7944	NA	4.4772315
7945	NA	4.3229666
7948	NA	3.4570549
7952	NA	4.35593
7955	NA	4.5
7956	NA	4.1485157
7958	NA	4.161861
7960	NA	4.175714
7961	NA	4.3989067
7962	NA	4.439381
7965	NA	4.3102994
7968	NA	4.0578213
7969	NA	3.759658
7970	NA	3.941275
7974	NA	4.4032917
7975	NA	4.3934474
7978	NA	2.8181715
7979	NA	2.815184
7982	NA	4.46443
7983	NA	4.0349717
7984	NA	4.5
7988	NA	2.8585482
7991	NA	3.8852422
7992	NA	4.145332
7994	NA	4.327999
8000	NA	3.519872
8001	NA	4.2001047
8003	NA	4.3195863
8004	NA	4.431284
8007	NA	3.217761
8008	NA	3.1438403
8009	NA	3.1451323
8011	NA	4.4407563
8013	NA	4.5
8015	NA	3.2909074
8016	NA	3.6460695
8017	NA	3.2254395
8019	NA	3.941798
8020	NA	3.9764676
8022	NA	4.4240713
8023	NA	3.5860827
8026	NA	3.6064575
8027	NA	3.9637663
8030	NA	4.1848855
8033	NA	3.3525102
8034	NA	3.380663
8035	NA	3.3525102
8036	NA	3.3525102
8042	NA	3.3967428
8043	NA	3.3775868
8045	NA	3.3775868
8046	NA	4.391231
8048	NA	4.3988276
8051	NA	3.8946908
8052	NA	3.8799486
8053	NA	3.7384274
8054	NA	4.022528
8056	NA	4.401781
8061	NA	2.8093264
8062	NA	3.068665
8063	NA	3.0786638
8066	NA	4.315972
8070	NA	3.9921973
8074	NA	4.330612
8075	NA	4.303567
8078	NA	3.0384502
8080	NA	2.9156907
8081	NA	3.0822186
8082	NA	4.413839
8083	NA	4.3286004
8085	NA	4.3611875
8086	NA	3.923675
8087	NA	4.1754637
8088	NA	4.238109
8097	NA	3.7323916
8098	NA	3.7567575
8099	NA	3.8303921
8100	NA	4.379915
8101	NA	4.5
8102	NA	4.382863
8103	NA	4.257708
8106	NA	3.492678
8107	NA	3.5229254
8111	NA	4.4236827
8113	NA	1.9800761
8114	NA	1.8425512
8115	NA	1.6938987
8116	NA	1.8618581
8117	NA	1.8425512
8118	NA	4.2299185
8123	NA	2.7553554
8125	NA	2.4194856
8128	NA	4.236392
8131	NA	3.6007311
8132	NA	3.2835598
8133	NA	3.1500785
8135	NA	3.2860427
8139	NA	4.5
8140	NA	3.980856
8142	NA	3.9125988
8144	NA	3.9393759
8146	NA	4.4442806
8148	NA	4.437514
8149	NA	3.5566704
8150	NA	3.532024
8151	NA	3.340007
8153	NA	3.497227
8154	NA	4.240125
8160	NA	3.2081141
8164	NA	4.3609214
8166	NA	4.4645915
8167	NA	3.1729527
8169	NA	3.3377028
8170	NA	3.354337
8171	NA	3.3656259
8172	NA	4.3275805
8174	NA	4.362919
8176	NA	3.870679
8178	NA	4.0076118
8181	NA	4.3949738
8182	NA	4.354969
8183	NA	4.209372
8185	NA	4.0039625
8188	NA	4.272756
8197	NA	3.4770656
8198	NA	3.5302784
8202	NA	4.4124684
8203	NA	3.5681555
8204	NA	3.837192
8205	NA	3.8383672
8207	NA	3.841187
8208	NA	4.442374
8209	NA	4.3725305
8214	NA	3.6592188
8218	NA	3.4750943
8221	NA	2.8393052
8222	NA	2.646634
8224	NA	2.5697663
8226	NA	4.2125063
8229	NA	4.422773
8231	NA	4.081568
8232	NA	3.9929843
8234	NA	4.1596427
8235	NA	4.072804
8236	NA	4.383546
8237	NA	4.0276885
8238	NA	3.7653008
8239	NA	2.3658025
8240	NA	2.6801026
8241	NA	2.660762
8242	NA	2.5540643
8243	NA	2.5928907
8244	NA	4.439604
8245	NA	4.5
8250	NA	4.114501
8252	NA	4.0741596
8253	NA	4.4514914
8254	NA	4.332631
8255	NA	4.3815217
8256	NA	4.452962
8257	NA	4.2015033
8259	NA	4.0862637
8260	NA	3.8108356
8261	NA	4.0619574
8262	NA	4.385504
8265	NA	4.4235525
8268	NA	3.7632017
8270	NA	3.6962306
8271	NA	4.325183
8273	NA	4.0585976
8275	NA	2.0596132
8278	NA	2.2038531
8279	NA	2.2038531
8280	NA	4.2999077
8284	NA	3.3777046
8286	NA	3.0451202
8287	NA	3.1785522
8290	NA	4.5
8291	NA	4.28525
8292	NA	4.39544
8293	NA	3.2204018
8295	NA	3.0417387
8297	NA	3.4968204
8298	NA	4.3868365
8299	NA	4.4813414
8301	NA	4.5
8302	NA	3.982532
8303	NA	4.220722
8308	NA	4.5
8309	NA	4.3775096
8310	NA	4.48824
8311	NA	2.5986483
8315	NA	2.506619
8318	NA	3.5155892
8319	NA	4.5
8320	NA	2.971407
8322	NA	2.2426617
8324	NA	3.6781588
8332	NA	3.366197
8337	NA	4.4729238
8341	NA	3.6655858
8342	NA	3.6986341
8344	NA	4.439399
8346	NA	4.4572935
8348	NA	4.20404
8350	NA	4.236193
8353	NA	4.2021475
8354	NA	4.311554
8357	NA	3.9532254
8359	NA	3.9465199
8361	NA	4.2903237
8364	NA	4.5
8365	NA	3.6133494
8369	NA	3.6133494
8370	NA	4.4277453
8371	NA	4.421086
8372	NA	4.369066
8373	NA	4.3770614
8378	NA	3.0884743
8380	NA	4.4879375
8382	NA	4.0322647
8385	NA	3.5113115
8386	NA	3.4241352
8387	NA	3.46668
8390	NA	4.3259525
8391	NA	4.4489164
8392	NA	3.3756456
8393	NA	3.644711
8394	NA	3.5122097
8395	NA	3.6588013
8397	NA	4.0805473
8399	NA	4.4241934
8401	NA	3.7826817
8402	NA	3.875035
8403	NA	2.984727
8405	NA	3.875035
8408	NA	4.2422147
8410	NA	3.9228108
8411	NA	4.104403
8413	NA	4.2426434
8414	NA	4.2426434
8415	NA	4.064585
8416	NA	4.3153863
8418	NA	4.397941
8420	NA	3.3295648
8422	NA	3.200226
8423	NA	3.2112
8427	NA	4.5
8428	NA	2.8199978
8429	NA	2.8450716
8432	NA	2.8450716
8433	NA	4.181952
8436	NA	4.5
8438	NA	2.8376443
8439	NA	2.5558028
8440	NA	2.8376443
8442	NA	3.838184
8443	NA	4.3755293
8445	NA	4.151434
8447	NA	3.7749379
8448	NA	3.4537327
8450	NA	4.1677203
8454	NA	4.4034233
8463	NA	4.457615
8464	NA	3.4787943
8465	NA	3.5024002
8466	NA	3.2122712
8467	NA	3.5938807
8468	NA	3.50387
8472	NA	4.484911
8473	NA	3.0914018
8477	NA	2.980409
8478	NA	4.3056192
8480	NA	4.158675
8485	NA	3.6844323
8487	NA	4.2696457
8488	NA	4.3344374
8491	NA	3.95228
8495	NA	3.9198723
8496	NA	3.809327
8497	NA	4.5
8498	NA	3.535069
8499	NA	4.5
8503	NA	3.8525805
8508	NA	4.453683
8509	NA	2.324309
8510	NA	2.789745
8513	NA	2.8342354
8515	NA	4.5
8518	NA	3.511389
8519	NA	3.1970584
8522	NA	3.57164
8523	NA	4.343683
8526	NA	4.403084
8527	NA	2.6943688
8531	NA	2.7256563
8533	NA	4.135853
8534	NA	4.1823483
8535	NA	4.3814926
8539	NA	2.9780908
8540	NA	3.3139875
8542	NA	4.2279596
8544	NA	4.4399614
8545	NA	3.8356032
8546	NA	3.7009604
8547	NA	3.2715933
8549	NA	3.7820222
8550	NA	4.4149423
8552	NA	4.362469
8553	NA	4.365169
8554	NA	4.0092688
8556	NA	4.109245
8557	NA	4.1035805
8559	NA	4.4161224
8560	NA	4.5
8565	NA	3.8640833
8568	NA	3.2507083
8570	NA	4.2386813
8573	NA	3.2942984
8575	NA	3.2085571
8577	NA	3.228923
8579	NA	4.5
8580	NA	4.3393645
8583	NA	2.7362535
8585	NA	3.3849802
8587	NA	4.4047675
8591	NA	3.625148
8592	NA	3.615384
8595	NA	4.28523
8599	NA	3.677882
8602	NA	3.567102
8603	NA	3.565603
8604	NA	4.3318624
8605	NA	4.332566
8612	NA	3.4305398
8615	NA	4.5
8616	NA	4.5
8617	NA	3.6485932
8619	NA	3.5644066
8621	NA	3.6485932
8623	NA	3.2790356
8625	NA	4.3339405
8628	NA	3.0833685
8634	NA	4.4105473
8638	NA	2.951115
8640	NA	4.447962
8641	NA	4.4920907
8642	NA	4.1684694
8643	NA	4.2343764
8644	NA	4.5
8648	NA	3.3917236
8650	NA	3.4946926
8652	NA	4.5
8653	NA	4.2347794
8654	NA	4.096727
8655	NA	3.2612903
8659	NA	3.2446713
8661	NA	3.1124363
8662	NA	4.106731
8666	NA	2.9693646
8667	NA	2.486052
8670	NA	3.8757358
8671	NA	4.4488544
8672	NA	4.457441
8673	NA	2.897458
8677	NA	2.9333231
8681	NA	4.4777493
8682	NA	2.7151473
8687	NA	3.8701367
8688	NA	4.5
8693	NA	3.6095154
8694	NA	3.9092038
8695	NA	3.9092038
8698	NA	4.5
8701	NA	4.2923803
8703	NA	4.334077
8704	NA	4.334077
8706	NA	4.4694276
8707	NA	4.4238496
8710	NA	3.2297804
8711	NA	3.0372143
8713	NA	3.2297804
8715	NA	4.5
8717	NA	4.318035
8718	NA	3.2361727
8720	NA	3.373348
8721	NA	3.3330846
8722	NA	3.3330846
8723	NA	3.9819658
8725	NA	4.279538
8726	NA	4.5
8729	NA	3.747853
8730	NA	3.6309562
8731	NA	3.6309562
8732	NA	4.0089865
8733	NA	4.5
8734	NA	4.0579576
8735	NA	3.9351552
8736	NA	4.0579576
8737	NA	3.9351552
8740	NA	4.5
8744	NA	4.5
8745	NA	3.9922848
8747	NA	4.0626173
8752	NA	3.8614767
8754	NA	2.6625042
8755	NA	3.523763
8758	NA	3.523763
8761	NA	4.3524323
8762	NA	4.5
8763	NA	2.8602548
8764	NA	2.6127026
8765	NA	2.8423414
8769	NA	4.5
8770	NA	4.202502
8771	NA	4.5
8772	NA	3.5226595
8773	NA	3.9369943
8774	NA	3.9369943
8776	NA	3.9369943
8778	NA	4.46584
8780	NA	4.083697
8782	NA	3.3089056
8785	NA	3.5880995
8788	NA	4.433853
8789	NA	4.4944386
8793	NA	3.6671207
8795	NA	3.982611
8797	NA	3.6427722
8798	NA	4.5
8799	NA	3.6299284
8802	NA	3.3223093
8803	NA	3.5379305
8804	NA	4.1181526
8807	NA	4.5
8808	NA	2.4590075
8809	NA	3.0229263
8810	NA	3.4356043
8811	NA	3.1027632
8812	NA	3.0229263
8817	NA	4.221197
8818	NA	3.9235258
8819	NA	4.029756
8820	NA	3.9253418
8821	NA	4.221197
8824	NA	4.3828106
8825	NA	4.492477
8826	NA	3.3401804
8827	NA	3.056642
8828	NA	2.9489856
8829	NA	3.1191676
8831	NA	4.2947736
8833	NA	4.266618
8835	NA	3.9339225
8837	NA	3.7480326
8839	NA	3.769267
8840	NA	4.5
8843	NA	4.4734488
8845	NA	3.4457886
8847	NA	3.544035
8849	NA	4.3669677
8850	NA	4.5
8851	NA	4.236996
8853	NA	4.5
8857	NA	4.236996
8860	NA	4.4731708
8861	NA	4.5
8863	NA	3.768715
8864	NA	3.7594714
8865	NA	3.759117
8866	NA	3.768715
8868	NA	4.2502584
8870	NA	4.475281
8871	NA	3.945353
8872	NA	3.5162346
8874	NA	3.2381785
8877	NA	4.3739843
8880	NA	3.146691
8881	NA	2.91987
8882	NA	2.9117281
8883	NA	2.9713054
8884	NA	3.041904
8885	NA	4.446523
8886	NA	4.48741
8887	NA	4.0398045
8889	NA	2.8371425
8890	NA	2.9352522
8891	NA	2.9027765
8893	NA	2.942028
8895	NA	4.5
8896	NA	4.400092
8897	NA	4.5
8898	NA	3.4951081
8899	NA	3.4588864
8900	NA	3.0631742
8904	NA	4.431762
8905	NA	4.5
8906	NA	4.461831
8909	NA	2.6758676
8910	NA	3.1175587
8911	NA	3.0897017
8912	NA	3.5523765
8919	NA	2.9297016
8920	NA	2.9297016
8921	NA	3.5320895
8922	NA	4.2735057
8923	NA	4.075078
8925	NA	3.5883796
8927	NA	3.3803608
8928	NA	3.3548362
8929	NA	3.613871
8930	NA	4.4658422
8931	NA	4.489357
8933	NA	4.5
8935	NA	3.3488188
8939	NA	4.236341
8940	NA	4.219938
8946	NA	2.7294345
8947	NA	2.9145074
8950	NA	4.3238087
8951	NA	4.3643727
8953	NA	4.198358
8954	NA	4.1578345
8960	NA	4.325034
8962	NA	2.9544435
8968	NA	4.5
8969	NA	4.5
8970	NA	3.9675443
8971	NA	3.9675443
8974	NA	3.9675443
8975	NA	4.343044
8979	NA	3.7651324
8981	NA	3.4934487
8984	NA	4.201328
8985	NA	4.5
8989	NA	3.7816281
8990	NA	3.8227289
8991	NA	3.8336205
8993	NA	4.2361
8995	NA	4.5
8997	NA	4.4042425
9002	NA	3.7663069
9003	NA	3.7663069
9004	NA	4.4525948
9007	NA	4.5
9008	NA	3.9804332
9009	NA	4.1360035
9010	NA	4.132447
9012	NA	4.1360035
9013	NA	4.3052287
9016	NA	4.4881973
9018	NA	2.7986586
9020	NA	2.8342738
9022	NA	4.5
9023	NA	3.8528385
9025	NA	4.4449077
9026	NA	2.5625381
9027	NA	2.5006607
9032	NA	4.256377
9034	NA	4.437155
9042	NA	4.2576814
9043	NA	4.4577827
9047	NA	4.014349
9048	NA	4.1175966
9049	NA	4.348383
9052	NA	4.5
9055	NA	3.5828862
9057	NA	3.425547
9059	NA	4.5
9060	NA	4.1120234
9061	NA	4.414177
9062	NA	3.5814993
9063	NA	3.7476027
9064	NA	3.7302048
9065	NA	3.7302048
9072	NA	2.9485044
9076	NA	4.3538413
9079	NA	4.462822
9081	NA	3.6516988
9082	NA	3.6879954
9084	NA	3.725662
9087	NA	4.294004
9088	NA	4.3539615
9089	NA	2.3745024
9091	NA	2.4855874
9092	NA	2.4311895
9100	NA	3.6942303
9104	NA	4.4452043
9105	NA	4.3084183
9107	NA	2.6919675
9111	NA	2.943193
9112	NA	3.9870968
9114	NA	4.302105
9115	NA	4.5
9116	NA	3.6836
9118	NA	3.4741623
9119	NA	3.478568
9120	NA	3.478568
9121	NA	4.5
9122	NA	4.469993
9123	NA	4.3517528
9124	NA	4.4306855
9128	NA	3.4437766
9130	NA	4.3677063
9135	NA	4.2451625
9138	NA	4.2902384
9143	NA	4.0895143
9144	NA	4.1167855
9145	NA	4.1167855
9149	NA	4.437142
9151	NA	4.4812016
9152	NA	3.3525217
9154	NA	3.0515597
9157	NA	4.5
9158	NA	4.5
9162	NA	3.866969
9163	NA	3.8528354
9164	NA	3.8528354
9165	NA	3.8528354
9166	NA	4.335084
9168	NA	4.3138585
9170	NA	4.2242866
9173	NA	4.1097007
9174	NA	4.1848145
9175	NA	3.24761
9176	NA	4.5
9178	NA	4.339138
9179	NA	3.4200735
9180	NA	3.607463
9182	NA	3.505717
9190	NA	3.3682785
9191	NA	3.5317986
9195	NA	4.01679
9197	NA	3.3650017
9199	NA	3.5076334
9201	NA	3.5338905
9202	NA	4.3489075
9203	NA	4.48905
9204	NA	4.443515
9205	NA	4.4549923
9207	NA	3.9795098
9209	NA	3.985334
9210	NA	3.9992664
9214	NA	4.4043
9216	NA	2.6211765
9217	NA	2.8272374
9218	NA	2.7011447
9219	NA	2.7011447
9220	NA	4.390396
9221	NA	4.444642
9225	NA	1.8176988
9226	NA	1.757407
9227	NA	1.8042182
9228	NA	1.8176988
9229	NA	3.9033928
9231	NA	4.3543253
9232	NA	4.5
9234	NA	4.232561
9237	NA	4.232561
9243	NA	2.96382
9244	NA	2.8864803
9245	NA	3.1030269
9246	NA	3.069906
9248	NA	4.3613634
9251	NA	2.7323651
9252	NA	2.7716959
9253	NA	2.7389724
9256	NA	4.438635
9257	NA	4.5
9258	NA	4.4384346
9260	NA	3.7782643
9261	NA	3.7029552
9263	NA	3.7159762
9265	NA	4.403515
9266	NA	4.4629827
9267	NA	2.4917536
9268	NA	4.5
9270	NA	2.6931756
9271	NA	2.5875535
9276	NA	4.0093546
9277	NA	4.4128776
9278	NA	3.714379
9279	NA	3.843858
9282	NA	3.863395
9283	NA	4.2762675
9286	NA	4.4378724
9289	NA	3.3132508
9290	NA	3.474831
9291	NA	3.501753
9294	NA	4.0448327
9296	NA	2.4086235
9298	NA	2.2936537
9301	NA	4.5
9302	NA	4.4170117
9304	NA	4.5
9306	NA	2.3793025
9310	NA	4.3417673
9311	NA	4.5
9312	NA	4.07486
9316	NA	2.17166
9317	NA	2.2195206
9318	NA	2.2195206
9320	NA	4.112052
9321	NA	4.5
9322	NA	4.350971
9324	NA	2.7277603
9325	NA	2.5424914
9331	NA	4.5
9332	NA	4.3631864
9333	NA	4.5
9334	NA	3.9932392
9339	NA	4.2805586
9340	NA	4.379482
9341	NA	4.136364
9345	NA	3.4249818
9346	NA	3.162655
9347	NA	3.2750688
9348	NA	4.5
9352	NA	2.3310938
9353	NA	2.3798478
9355	NA	2.6175747
9357	NA	4.25808
9358	NA	4.4202967
9360	NA	4.291367
9363	NA	2.7987473
9364	NA	3.256982
9365	NA	3.2743695
9366	NA	4.4285245
9372	NA	3.5846705
9376	NA	3.8345838
9378	NA	4.4598255
9379	NA	2.818844
9381	NA	2.744455
9382	NA	2.6985443
9383	NA	2.9110868
9384	NA	3.9961941
9390	NA	2.2361157
9392	NA	2.4643223
9396	NA	4.4283476
9397	NA	4.192809
9398	NA	4.182087
9399	NA	4.0917335
9403	NA	4.1218443
9404	NA	4.1206026
9405	NA	4.441741
9406	NA	3.0138214
9409	NA	3.3442914
9410	NA	3.156862
9411	NA	4.395093
9415	NA	3.1704197
9416	NA	3.4591131
9417	NA	3.2327526
9418	NA	3.1109476
9419	NA	3.3429284
9420	NA	4.3382316
9421	NA	4.4624834
9422	NA	4.151672
9428	NA	3.3568232
9429	NA	4.1391783
9432	NA	4.405672
9440	NA	4.5
9441	NA	4.4297957
9443	NA	3.0591004
9446	NA	3.402855
9450	NA	4.2605767
9454	NA	2.740368
9458	NA	4.5
9459	NA	4.4222226
9460	NA	4.0800853
9463	NA	2.6694381
9464	NA	2.6694381
9466	NA	2.6694381
9468	NA	4.462275
9470	NA	4.2526555
9472	NA	3.4128451
9474	NA	3.2135582
9476	NA	4.353583
9477	NA	4.3490086
9478	NA	2.6050735
9479	NA	4.2574177
9480	NA	2.1890543
9481	NA	3.7652168
9483	NA	3.8852944
9484	NA	3.9130454
9485	NA	4.405976
9486	NA	4.237796
9487	NA	3.9191453
9491	NA	3.1471884
9494	NA	3.9305701
9498	NA	2.7074084
9501	NA	2.290108
9503	NA	4.4295554
9505	NA	4.085354
9507	NA	3.6999488
9508	NA	3.0586543
9509	NA	3.3706007
9511	NA	3.428435
9513	NA	4.4427333
9514	NA	4.354091
9518	NA	3.4449008
9519	NA	3.6038659
9520	NA	3.630915
9521	NA	3.875473
9522	NA	3.7141805
9523	NA	3.740817
9527	NA	3.3702054
9528	NA	3.080005
9533	NA	4.4573717
9534	NA	3.3463693
9536	NA	3.2281728
9539	NA	4.3932095
9543	NA	3.459975
9546	NA	3.404036
9547	NA	3.404036
9548	NA	4.3574567
9550	NA	4.343654
9552	NA	4.0218067
9553	NA	3.8339925
9559	NA	4.5
9560	NA	4.1436787
9564	NA	3.9680097
9566	NA	3.8357558
9568	NA	4.4484363
9573	NA	3.293447
9575	NA	4.173644
9582	NA	2.752919
9585	NA	4.5
9586	NA	4.5
9587	NA	4.476697
9588	NA	4.5
9589	NA	3.084475
9590	NA	3.067592
9595	NA	3.0820014
9596	NA	4.5
9597	NA	4.149593
9598	NA	4.5
9601	NA	3.17732
9603	NA	2.6055584
9606	NA	4.183005
9608	NA	3.2331145
9611	NA	3.1790898
9612	NA	3.1790898
9613	NA	4.3082275
9614	NA	4.403934
9618	NA	3.3794634
9619	NA	3.201135
9620	NA	3.2845023
9621	NA	3.3794634
9622	NA	4.432821
9625	NA	4.455743
9626	NA	4.1584983
9628	NA	4.130664
9629	NA	4.160668
9630	NA	4.1729803
9633	NA	4.3751583
9634	NA	4.5
9637	NA	4.027977
9640	NA	3.9549377
9642	NA	4.2237816
9647	NA	2.7754877
9648	NA	2.3122196
9649	NA	2.7754877
9652	NA	4.419954
9654	NA	4.2286716
9655	NA	3.7209966
9658	NA	3.7265382
9660	NA	4.3729243
9661	NA	4.4416194
9663	NA	4.307115
9664	NA	4.0205126
9670	NA	4.5
9671	NA	4.441791
9672	NA	4.49616
9673	NA	3.4248087
9674	NA	3.4682326
9679	NA	4.4459763
9681	NA	4.493946
9682	NA	3.8540666
9683	NA	3.8418202
9685	NA	3.8018491
9686	NA	3.8540666
9688	NA	4.5
9690	NA	3.685023
9693	NA	2.6287808
9696	NA	4.1255393
9705	NA	4.2725935
9707	NA	4.4594407
9711	NA	4.0228
9712	NA	3.8005586
9714	NA	4.4243164
9716	NA	3.9426591
9724	NA	4.435623
9725	NA	4.5
9727	NA	3.6649642
9728	NA	3.6649642
9729	NA	4.036464
9732	NA	3.7332878
9734	NA	4.5
9735	NA	4.4642878
9737	NA	3.0216029
9739	NA	3.0006104
9740	NA	2.9974937
9741	NA	3.9032373
9742	NA	4.1363544
9743	NA	4.5
9750	NA	4.3215537
9751	NA	4.4771633
9754	NA	3.3957582
9755	NA	3.3742225
9756	NA	3.56712
9761	NA	3.1505415
9762	NA	1.9928943
9767	NA	3.0060904
9768	NA	2.2564504
9772	NA	2.3740911
9775	NA	2.798302
9777	NA	3.1103535
9779	NA	1.5097781
9781	NA	3.681485
9782	NA	2.8309498
9783	NA	2.103913
9785	NA	2.6198204
9787	NA	1.4788266
9790	NA	2.295429
9791	NA	2.7972448
9792	NA	2.1586728
9793	NA	1.6659007
9794	NA	1.7644824
9796	NA	2.569111
9797	NA	2.4214644
9798	NA	2.809346
9802	NA	2.6040332
9804	NA	2.2536726
9807	NA	2.3878272
9808	NA	1.9408311
9809	NA	2.6519105
9810	NA	1.6335963
9812	NA	2.1509166
9813	NA	2.8216062
9818	NA	2.510654
9819	NA	2.2308319
9823	NA	1.2008395
9824	NA	2.056437
9826	NA	2.1313958
9828	NA	2.1055188
9830	NA	3.023587
9831	NA	1.711228
9832	NA	2.2977996
9833	NA	2.8451805
9834	NA	1.3795118
9835	NA	1.8556284
9837	NA	3.1797576
9842	NA	2.557014
9845	NA	1.8041898
9848	NA	1.328651
9849	NA	3.0467694
9850	NA	1.9152508
9852	NA	2.3108547
9854	NA	2.4603055
9855	NA	1.7711138
9857	NA	2.2136567
9858	NA	2.8517191
9861	NA	2.635501
9862	NA	2.0681472
9865	NA	1.8705316
9866	NA	2.3091307
9867	NA	2.3377786
9871	NA	1.8696415
9872	NA	2.18527
9873	NA	2.7393377
9881	NA	2.4323308
9883	NA	1.4876167
9887	NA	2.2496343
9888	NA	1.8983029
9890	NA	2.7218702
9891	NA	1.6525716
9892	NA	2.4175358
9894	NA	2.152823
9896	NA	2.9643614
9898	NA	1.5103132
9899	NA	2.025626
9901	NA	2.3859875
9902	NA	2.925957
9906	NA	2.900721
9908	NA	3.0813088
9909	NA	2.1487927
9910	NA	2.1044285
9913	NA	1.770719
9917	NA	2.4572246
9918	NA	2.0031207
9920	NA	1.5655231
9923	NA	3.0988731
9924	NA	3.7530165
9925	NA	2.4694164
9928	NA	1.3809015
9929	NA	2.7279172
9930	NA	2.417939
9932	NA	2.1230059
9933	NA	1.7519832
9937	NA	1.9315372
9941	NA	2.4935353
9944	NA	1.2865149
9945	NA	2.1947012
9946	NA	2.011038
9950	NA	1.5454676
9952	NA	1.9620118
9953	NA	2.4645162
9954	NA	1.9503446
9956	NA	1.5371643
9957	NA	1.9015301
9958	NA	1.7181654
9959	NA	1.5395274
9961	NA	1.7047669
9962	NA	2.261287
9964	NA	1.0000504
9965	NA	2.3960261
9966	NA	1.9822884
9969	NA	2.0663204
9970	NA	1.9493641
9971	NA	1.6018617
9972	NA	2.4104173
9977	NA	2.5834012
9978	NA	1.5951312
9979	NA	2.3667831
9986	NA	1.8621722
9987	NA	2.3147087
9989	NA	1.6975324
9990	NA	2.4234755
9991	NA	2.7220933
9992	NA	1.2646731
9994	NA	1.3504834
9995	NA	2.2794633
9996	NA	2.437499
