pair_ID	entailment_judgment	relatedness_score
6	NA	4.563205
7	NA	4.607537
8	NA	4.6332765
10	NA	4.974835
11	NA	4.9628224
13	NA	4.6103864
15	NA	4.405395
16	NA	4.0867124
17	NA	4.0814104
19	NA	4.9624057
20	NA	4.904299
21	NA	4.9715505
22	NA	4.911803
23	NA	4.8887014
27	NA	4.5099206
29	NA	4.597244
31	NA	4.8491645
32	NA	4.869049
33	NA	4.912829
34	NA	4.858407
36	NA	4.505422
37	NA	4.6228905
38	NA	4.622726
39	NA	4.6643505
41	NA	4.8861938
43	NA	4.9771185
46	NA	4.3239346
48	NA	4.076567
50	NA	4.3055334
51	NA	4.2964067
52	NA	4.9680767
53	NA	4.895271
54	NA	4.713798
57	NA	4.646595
59	NA	4.683403
60	NA	4.6556697
61	NA	4.462252
63	NA	4.930351
64	NA	4.8330507
66	NA	4.8208747
67	NA	4.8923426
68	NA	4.7565193
69	NA	4.7510495
71	NA	4.7949257
74	NA	4.95698
75	NA	4.939873
76	NA	4.899252
80	NA	4.327721
86	NA	4.3607006
89	NA	4.9412866
92	NA	4.444969
95	NA	4.561108
96	NA	4.419575
101	NA	4.955784
102	NA	4.7400603
103	NA	4.5260215
104	NA	4.581054
106	NA	4.518935
108	NA	4.8301086
109	NA	4.485061
110	NA	4.828017
111	NA	4.6921096
114	NA	4.1737185
115	NA	4.1166663
118	NA	4.9227357
121	NA	4.970739
123	NA	4.561926
125	NA	4.5922036
128	NA	4.563236
132	NA	4.927871
134	NA	4.846771
135	NA	4.5647326
137	NA	4.648973
138	NA	4.575624
142	NA	4.813132
143	NA	4.769721
144	NA	4.474279
145	NA	3.9160767
147	NA	4.35826
149	NA	4.812475
151	NA	4.921033
152	NA	4.534265
153	NA	4.884255
154	NA	4.53177
155	NA	4.7358394
156	NA	4.7957683
157	NA	4.9504147
158	NA	4.972166
160	NA	4.853072
162	NA	4.735442
165	NA	4.7476764
166	NA	4.7315173
167	NA	4.8944545
168	NA	4.85826
169	NA	4.984459
171	NA	4.9807057
172	NA	4.8004646
174	NA	4.7930207
175	NA	4.8199105
177	NA	4.780336
178	NA	4.901838
179	NA	4.824216
180	NA	4.952968
181	NA	4.891514
182	NA	4.921968
187	NA	4.44488
189	NA	4.4826684
190	NA	4.5018516
191	NA	4.8794913
193	NA	4.9405327
195	NA	4.837004
196	NA	4.778709
198	NA	4.682081
199	NA	4.7812004
203	NA	4.874006
204	NA	4.5017734
206	NA	4.6373835
207	NA	4.6665206
208	NA	4.681929
209	NA	4.9053845
210	NA	4.806562
212	NA	4.835734
213	NA	4.323232
214	NA	4.306874
220	NA	4.848234
221	NA	4.9150147
222	NA	5.0
229	NA	4.9564934
230	NA	4.7209764
231	NA	4.9744325
235	NA	4.5059204
239	NA	4.5360575
242	NA	4.9156623
243	NA	4.8500905
244	NA	4.8758354
245	NA	4.9342294
246	NA	4.4788804
247	NA	4.6491313
250	NA	4.668993
251	NA	4.501291
252	NA	4.631241
255	NA	4.970916
261	NA	4.6887007
262	NA	4.909992
263	NA	4.9043255
264	NA	4.846202
267	NA	4.5439124
268	NA	4.5382338
270	NA	4.4440703
271	NA	4.6709514
274	NA	4.930326
275	NA	4.864342
278	NA	4.6352506
281	NA	4.5502067
282	NA	4.935957
284	NA	4.681105
288	NA	4.4818964
290	NA	4.5065866
292	NA	4.810635
294	NA	4.924041
295	NA	4.5761943
297	NA	4.5413465
298	NA	4.5375423
299	NA	4.585846
300	NA	4.922445
306	NA	4.667781
307	NA	4.6568413
308	NA	4.550536
314	NA	4.9798813
316	NA	4.5706635
318	NA	4.6316237
319	NA	4.6144257
320	NA	4.5758004
321	NA	4.5789533
322	NA	4.9859185
324	NA	4.747697
325	NA	4.6146097
326	NA	4.555706
328	NA	4.4119945
330	NA	4.3927774
334	NA	4.963781
336	NA	4.672595
337	NA	4.498989
343	NA	4.8082123
345	NA	4.6106706
348	NA	4.724912
349	NA	4.727707
350	NA	4.7750316
352	NA	4.918058
353	NA	4.9572515
355	NA	4.7116656
356	NA	4.501183
357	NA	4.7670317
359	NA	4.508409
364	NA	4.880698
365	NA	4.962322
368	NA	4.805432
369	NA	4.8409348
371	NA	4.9710426
376	NA	4.7351694
383	NA	4.863329
385	NA	4.940492
386	NA	4.769222
388	NA	4.849308
389	NA	4.8246565
399	NA	4.6533513
400	NA	4.720717
401	NA	4.7132397
405	NA	4.8112555
406	NA	4.11607
407	NA	4.2055626
408	NA	4.390367
411	NA	4.932652
412	NA	4.7713413
414	NA	4.903288
416	NA	4.652165
418	NA	4.740709
419	NA	4.8147874
420	NA	4.74051
421	NA	4.7477617
424	NA	4.873298
425	NA	4.8080683
426	NA	4.945636
429	NA	4.817522
430	NA	4.6906414
431	NA	4.824574
432	NA	4.791449
433	NA	4.7851224
437	NA	4.4482327
443	NA	4.7960567
444	NA	4.8934245
445	NA	4.6737185
448	NA	4.6474404
452	NA	4.649748
453	NA	4.838752
455	NA	4.6326504
456	NA	4.7638783
458	NA	4.602208
459	NA	4.6197343
460	NA	4.677881
463	NA	4.8660426
464	NA	4.916266
466	NA	4.9183693
467	NA	4.61098
468	NA	4.611577
469	NA	4.926774
471	NA	4.6983914
472	NA	4.6469173
474	NA	4.859068
478	NA	4.5260296
479	NA	4.538816
480	NA	4.637748
481	NA	4.601806
482	NA	4.9590616
483	NA	4.6665845
487	NA	4.7849193
488	NA	4.4960456
490	NA	4.583946
492	NA	4.930829
493	NA	4.8887224
495	NA	4.8459296
498	NA	4.6814446
501	NA	4.671913
502	NA	4.8860784
503	NA	4.913952
504	NA	4.7759476
509	NA	4.588617
510	NA	4.6538963
511	NA	4.469016
512	NA	4.5525346
517	NA	4.775593
518	NA	4.9831724
519	NA	4.9864855
521	NA	4.5813346
523	NA	4.396562
525	NA	4.418597
532	NA	4.9570413
533	NA	4.8709035
534	NA	4.720042
536	NA	4.564213
537	NA	4.7865195
539	NA	4.733802
540	NA	4.745398
543	NA	4.8417344
544	NA	4.927946
546	NA	4.945756
547	NA	4.643823
549	NA	4.600891
553	NA	4.6881065
554	NA	4.9483237
558	NA	4.9640846
559	NA	4.8779607
562	NA	4.6079326
563	NA	4.6180353
566	NA	4.6027217
567	NA	4.9285316
569	NA	4.878329
571	NA	4.893869
572	NA	4.9297304
573	NA	4.7977624
574	NA	4.7312126
575	NA	4.816901
576	NA	4.70775
577	NA	4.7984886
578	NA	4.7200947
579	NA	4.813666
580	NA	4.9799476
582	NA	4.9638314
583	NA	4.875613
584	NA	4.971982
585	NA	4.7857213
589	NA	4.811172
590	NA	4.8439703
591	NA	4.950621
593	NA	4.9036045
594	NA	4.9409404
595	NA	4.7238293
596	NA	4.603436
598	NA	4.6075683
600	NA	4.9655557
602	NA	4.7540016
607	NA	4.7186904
608	NA	4.633308
610	NA	4.585608
612	NA	4.7160935
613	NA	4.982404
614	NA	4.945484
615	NA	4.9007964
616	NA	4.7242637
618	NA	4.6639776
620	NA	4.494567
623	NA	4.683915
624	NA	4.647717
627	NA	4.833203
633	NA	4.7270627
635	NA	4.650834
636	NA	4.6342483
639	NA	4.965331
640	NA	4.927222
642	NA	4.912997
644	NA	4.590341
652	NA	4.9238133
654	NA	4.823475
656	NA	4.9391327
658	NA	4.6957984
659	NA	4.6853256
662	NA	4.7474656
664	NA	4.683417
665	NA	4.949908
666	NA	4.8467555
667	NA	4.8824873
669	NA	4.796073
670	NA	4.6483445
673	NA	4.640855
674	NA	4.660792
675	NA	4.593866
677	NA	4.946081
681	NA	4.851584
682	NA	4.6688476
683	NA	4.687007
684	NA	4.466896
686	NA	4.6273117
688	NA	4.6637735
694	NA	4.795742
695	NA	4.7230215
700	NA	4.7656417
701	NA	4.752112
705	NA	4.688753
706	NA	4.6843915
707	NA	4.6724844
708	NA	4.376401
710	NA	4.587033
711	NA	4.5849447
712	NA	4.638041
713	NA	4.947217
714	NA	4.7454567
716	NA	4.9316525
719	NA	4.383581
720	NA	4.3620157
721	NA	4.1777406
724	NA	4.423814
726	NA	4.898991
739	NA	4.9308505
740	NA	4.709488
742	NA	4.8316007
743	NA	4.288208
744	NA	4.3487964
750	NA	4.597783
751	NA	4.47781
753	NA	4.9763
755	NA	4.699682
756	NA	4.557905
758	NA	4.740448
763	NA	4.8565845
767	NA	4.51183
770	NA	4.531408
771	NA	4.570012
773	NA	4.9248557
775	NA	4.9056554
776	NA	4.595716
778	NA	4.5370917
779	NA	4.671185
781	NA	4.885783
782	NA	4.9236827
786	NA	4.758844
787	NA	4.4977765
788	NA	4.4250455
790	NA	4.4196057
794	NA	4.9626946
795	NA	4.95967
798	NA	4.786109
800	NA	4.4068313
801	NA	4.678777
803	NA	4.582763
805	NA	4.9041424
806	NA	4.8938127
807	NA	4.8647323
808	NA	4.8574686
809	NA	4.82055
810	NA	4.597815
814	NA	4.404444
815	NA	4.449277
817	NA	4.784927
818	NA	4.9329686
819	NA	4.926243
821	NA	4.4874177
823	NA	4.3488016
826	NA	4.4310064
828	NA	4.9725456
829	NA	4.938688
832	NA	4.8157563
833	NA	4.649934
834	NA	4.6816607
835	NA	4.628705
837	NA	4.740126
838	NA	4.749653
840	NA	4.851188
842	NA	4.831038
843	NA	4.900627
847	NA	4.647643
849	NA	4.688699
850	NA	4.6823115
853	NA	4.904278
854	NA	4.6844773
856	NA	4.977388
861	NA	4.5833383
863	NA	4.784414
865	NA	4.8421474
871	NA	4.3896375
875	NA	4.7093625
877	NA	4.870874
884	NA	4.0457253
885	NA	4.299681
886	NA	4.33752
890	NA	4.9260707
891	NA	4.738247
894	NA	4.6851015
896	NA	4.605027
897	NA	4.5451145
900	NA	4.9167304
901	NA	4.900131
903	NA	4.884027
905	NA	4.6383476
907	NA	4.5449033
911	NA	4.6372643
912	NA	4.9639716
914	NA	4.915731
916	NA	4.778464
918	NA	4.0396895
919	NA	4.1454406
921	NA	4.338346
923	NA	4.824936
924	NA	4.8746357
925	NA	4.2070923
926	NA	4.8474813
928	NA	4.5699863
929	NA	4.6933885
930	NA	4.8644485
934	NA	4.959962
937	NA	4.9638414
938	NA	4.8911457
939	NA	4.7801585
941	NA	4.7099247
942	NA	4.6053967
946	NA	4.6477423
951	NA	4.531289
952	NA	4.736971
954	NA	4.3063817
955	NA	4.621565
958	NA	4.492498
964	NA	4.922932
965	NA	4.9321275
966	NA	4.5852337
968	NA	4.581759
969	NA	4.6430793
971	NA	4.715404
972	NA	4.625824
974	NA	4.8705254
976	NA	4.957941
977	NA	4.9443984
981	NA	4.3153048
982	NA	4.582785
983	NA	4.465837
986	NA	4.980244
990	NA	4.986294
992	NA	4.679345
993	NA	4.592418
995	NA	4.5827045
997	NA	4.554328
999	NA	4.9556394
1001	NA	4.976491
1003	NA	4.6369014
1005	NA	4.658341
1006	NA	4.6422086
1011	NA	4.965814
1012	NA	4.661838
1013	NA	4.8672
1014	NA	4.682423
1015	NA	4.575183
1017	NA	4.6489625
1020	NA	4.658679
1023	NA	4.8183227
1024	NA	4.9299917
1025	NA	4.7119594
1027	NA	4.5173
1030	NA	4.709908
1032	NA	4.97701
1034	NA	4.6692386
1035	NA	4.882054
1036	NA	4.9358253
1040	NA	4.449921
1041	NA	4.2035484
1042	NA	4.167132
1051	NA	4.487808
1056	NA	4.5483327
1058	NA	4.9222846
1059	NA	4.9766655
1060	NA	4.912081
1062	NA	4.937818
1063	NA	4.8324156
1066	NA	4.6519036
1067	NA	4.6784735
1070	NA	4.693405
1071	NA	4.958213
1072	NA	4.768008
1073	NA	4.9641476
1075	NA	4.8764677
1077	NA	4.8103647
1078	NA	4.787939
1079	NA	4.8384185
1081	NA	4.8634896
1085	NA	4.981787
1086	NA	4.939357
1089	NA	4.8089547
1098	NA	4.9024673
1100	NA	4.0862584
1101	NA	4.145972
1103	NA	3.9976344
1106	NA	4.9672217
1107	NA	4.8525085
1110	NA	4.9021273
1113	NA	4.154297
1114	NA	3.9941938
1116	NA	4.16402
1121	NA	4.802287
1123	NA	4.8919873
1124	NA	4.8159537
1126	NA	4.8921456
1127	NA	4.964595
1130	NA	4.9303713
1131	NA	5.0
1132	NA	4.49305
1134	NA	4.5137186
1136	NA	4.5572424
1138	NA	4.5137186
1139	NA	4.729129
1140	NA	4.718369
1141	NA	4.9461384
1142	NA	4.88061
1143	NA	4.0208783
1144	NA	3.98367
1146	NA	3.786712
1148	NA	4.816507
1150	NA	4.8720536
1151	NA	4.8370676
1152	NA	4.7861195
1156	NA	4.914306
1158	NA	4.873467
1159	NA	4.9003005
1160	NA	4.9592934
1163	NA	4.7678676
1164	NA	4.739008
1166	NA	4.772711
1168	NA	4.7755938
1171	NA	4.7194457
1172	NA	4.7128263
1173	NA	4.7456923
1174	NA	4.9246593
1176	NA	4.9302096
1181	NA	3.9909654
1183	NA	3.9105875
1185	NA	4.932456
1186	NA	4.8936505
1187	NA	4.9294934
1189	NA	4.8331833
1197	NA	4.8630385
1198	NA	4.860824
1199	NA	4.694526
1201	NA	4.71555
1203	NA	4.7553077
1204	NA	4.8040123
1208	NA	4.913508
1209	NA	4.97048
1210	NA	4.2643504
1211	NA	4.318176
1216	NA	4.831194
1217	NA	4.8144875
1218	NA	4.8804374
1220	NA	4.5259533
1223	NA	4.5954046
1224	NA	4.899869
1225	NA	4.8017654
1226	NA	4.921424
1229	NA	4.631671
1231	NA	4.60511
1233	NA	4.7838845
1234	NA	4.916207
1235	NA	4.7274704
1238	NA	4.826305
1243	NA	4.8115325
1245	NA	4.8074965
1247	NA	4.620812
1250	NA	4.7593927
1252	NA	4.773219
1253	NA	4.866903
1254	NA	4.7535214
1256	NA	4.300056
1257	NA	4.276612
1258	NA	4.345844
1260	NA	4.88447
1261	NA	4.965387
1262	NA	4.793046
1263	NA	4.539072
1264	NA	4.7291055
1265	NA	4.33493
1267	NA	4.5732856
1269	NA	4.5954103
1272	NA	4.9577513
1277	NA	4.2517743
1278	NA	4.5169115
1279	NA	4.6891627
1281	NA	4.801643
1285	NA	4.7310014
1286	NA	4.604426
1288	NA	4.84692
1289	NA	4.9562736
1290	NA	4.9251084
1295	NA	4.7674856
1296	NA	4.7503037
1298	NA	4.8288226
1299	NA	4.701089
1300	NA	4.7922735
1301	NA	4.8548484
1304	NA	4.7468576
1306	NA	4.483896
1307	NA	4.719851
1309	NA	4.6683693
1310	NA	4.810477
1312	NA	4.832751
1313	NA	4.1214175
1314	NA	3.7814596
1315	NA	4.021338
1316	NA	3.9859324
1320	NA	5.0
1322	NA	4.2792215
1323	NA	5.0
1324	NA	4.6689878
1325	NA	4.235896
1327	NA	4.8034983
1330	NA	4.8705783
1331	NA	4.9548454
1332	NA	4.9729724
1334	NA	4.820364
1337	NA	4.8082232
1338	NA	4.7622557
1339	NA	4.8096366
1340	NA	4.785392
1343	NA	4.731877
1347	NA	4.7765126
1348	NA	4.91136
1349	NA	4.8291135
1351	NA	4.958656
1353	NA	4.8429694
1356	NA	4.8109107
1357	NA	4.8655925
1360	NA	4.678765
1362	NA	4.4693313
1363	NA	4.6563997
1364	NA	4.2781973
1366	NA	4.476244
1367	NA	4.873595
1369	NA	4.7245216
1370	NA	4.964305
1374	NA	4.7444625
1375	NA	4.8223267
1377	NA	4.9652944
1382	NA	4.6942096
1383	NA	4.7949667
1391	NA	4.1298513
1392	NA	4.156618
1393	NA	4.090107
1394	NA	4.8974824
1395	NA	4.857117
1397	NA	4.70009
1398	NA	4.8215985
1401	NA	4.815273
1402	NA	4.8865404
1406	NA	4.932924
1411	NA	4.4286575
1413	NA	4.869228
1416	NA	4.6894803
1418	NA	4.5502048
1420	NA	4.623518
1422	NA	4.8607063
1423	NA	4.850154
1424	NA	4.9537587
1425	NA	4.1965036
1426	NA	4.255675
1428	NA	4.2895255
1430	NA	4.8364005
1433	NA	4.8338876
1436	NA	4.636296
1437	NA	4.835343
1439	NA	4.666724
1440	NA	4.664639
1441	NA	4.6925006
1442	NA	4.8237567
1445	NA	4.5629177
1447	NA	4.714882
1449	NA	4.7188587
1450	NA	4.9563217
1451	NA	4.890549
1452	NA	4.2806406
1454	NA	4.3448963
1456	NA	4.355609
1457	NA	4.917468
1459	NA	4.6012793
1460	NA	4.652219
1462	NA	4.2642884
1465	NA	4.183526
1468	NA	4.953995
1471	NA	4.3552856
1472	NA	4.553514
1475	NA	4.7843494
1477	NA	4.930745
1478	NA	4.964213
1485	NA	4.943853
1490	NA	4.356896
1491	NA	4.532187
1492	NA	4.5223465
1496	NA	4.8413706
1497	NA	4.7755527
1500	NA	4.6940713
1502	NA	4.6995664
1507	NA	4.504258
1508	NA	4.472293
1510	NA	4.4131627
1512	NA	4.289384
1515	NA	4.012002
1516	NA	4.298745
1518	NA	3.7645454
1520	NA	4.763734
1522	NA	4.8447227
1526	NA	4.437689
1528	NA	4.6034074
1529	NA	4.8317714
1530	NA	4.7296314
1533	NA	4.180386
1537	NA	4.163582
1539	NA	4.824338
1540	NA	4.8048606
1542	NA	4.4770756
1543	NA	4.3145742
1544	NA	4.534113
1546	NA	4.571495
1548	NA	4.48795
1554	NA	4.2007484
1555	NA	4.56382
1556	NA	4.8452063
1560	NA	4.76339
1561	NA	4.822859
1562	NA	4.692939
1564	NA	4.8586044
1567	NA	4.9157743
1568	NA	4.8333745
1569	NA	4.921179
1571	NA	4.572074
1572	NA	4.6341763
1577	NA	4.662993
1578	NA	4.683426
1579	NA	4.913388
1581	NA	4.8145294
1583	NA	4.2573576
1589	NA	4.904004
1590	NA	4.794825
1593	NA	4.6434484
1594	NA	4.5645943
1596	NA	4.9644904
1597	NA	4.607451
1598	NA	4.848911
1600	NA	4.6656327
1602	NA	4.23962
1603	NA	4.308167
1605	NA	4.6536136
1611	NA	4.974303
1613	NA	4.5693455
1616	NA	4.522952
1617	NA	4.6639676
1619	NA	4.9684844
1620	NA	4.8805013
1622	NA	4.4338784
1623	NA	4.073783
1624	NA	4.482019
1630	NA	4.7742276
1633	NA	4.396527
1634	NA	4.5957465
1636	NA	4.7494693
1637	NA	4.627073
1638	NA	4.450879
1642	NA	4.739793
1644	NA	4.8583922
1645	NA	4.846276
1654	NA	4.8709383
1656	NA	4.7206345
1658	NA	4.9499006
1662	NA	4.6487994
1664	NA	4.9244614
1665	NA	4.4645796
1666	NA	4.642781
1667	NA	4.9553742
1672	NA	3.7375913
1674	NA	3.7235494
1678	NA	4.8188505
1679	NA	4.594411
1681	NA	4.918645
1683	NA	4.867762
1684	NA	4.901618
1685	NA	4.8821545
1686	NA	4.7349935
1688	NA	4.5738354
1689	NA	4.948476
1692	NA	4.6174593
1693	NA	4.917315
1695	NA	4.7081304
1696	NA	4.6138477
1698	NA	4.462877
1699	NA	4.741638
1701	NA	4.267143
1704	NA	4.927372
1709	NA	4.4055724
1710	NA	4.341303
1713	NA	4.8083253
1717	NA	4.5208955
1718	NA	4.588955
1720	NA	4.6572895
1722	NA	4.709629
1725	NA	4.731591
1726	NA	4.962947
1727	NA	4.854458
1728	NA	4.434256
1730	NA	4.4977064
1731	NA	4.2729425
1732	NA	4.379464
1734	NA	4.733686
1735	NA	4.642182
1737	NA	4.923515
1738	NA	3.9052708
1739	NA	3.8633652
1740	NA	3.9308732
1742	NA	4.0897055
1743	NA	4.843067
1744	NA	4.9006233
1745	NA	4.914904
1746	NA	4.7962394
1748	NA	4.637896
1749	NA	4.735161
1750	NA	4.684856
1752	NA	4.742361
1758	NA	4.8782043
1760	NA	4.715063
1761	NA	4.743563
1762	NA	4.6737685
1763	NA	4.717254
1764	NA	4.78213
1767	NA	4.8656073
1768	NA	4.9284487
1769	NA	4.9719667
1770	NA	4.766911
1774	NA	4.6827984
1775	NA	4.3488817
1778	NA	4.9309716
1779	NA	4.7217355
1785	NA	4.7202373
1786	NA	4.6017556
1788	NA	4.6280317
1790	NA	4.847876
1793	NA	4.5810575
1794	NA	4.491569
1795	NA	4.3603272
1796	NA	4.043207
1797	NA	4.080505
1799	NA	4.404838
1800	NA	4.422461
1801	NA	4.4040165
1802	NA	4.873458
1803	NA	4.970592
1804	NA	4.7856727
1805	NA	4.8729424
1806	NA	4.7237163
1810	NA	4.607844
1813	NA	4.7521377
1816	NA	4.9293103
1817	NA	4.864989
1819	NA	4.4191794
1821	NA	4.172254
1824	NA	4.2983327
1826	NA	4.977011
1827	NA	4.8283744
1828	NA	4.903951
1831	NA	4.9120913
1833	NA	4.291389
1834	NA	4.4244385
1835	NA	4.37369
1836	NA	4.27371
1837	NA	4.4008403
1838	NA	4.394461
1843	NA	4.9087086
1845	NA	4.1579647
1848	NA	4.246568
1850	NA	4.9412417
1855	NA	4.5605426
1856	NA	4.5616126
1857	NA	4.372638
1858	NA	4.6202736
1859	NA	4.9338727
1860	NA	4.7607827
1862	NA	4.821793
1863	NA	4.6337285
1864	NA	3.896756
1865	NA	4.5781856
1867	NA	4.0399165
1868	NA	4.4169264
1870	NA	4.2622685
1871	NA	4.3949513
1872	NA	4.8534536
1875	NA	4.831673
1880	NA	4.2817936
1883	NA	4.4377456
1885	NA	4.960429
1889	NA	4.7579074
1890	NA	4.642176
1891	NA	4.733406
1893	NA	4.518029
1895	NA	4.5547767
1896	NA	4.57122
1899	NA	4.8631887
1901	NA	4.5271835
1902	NA	4.563922
1903	NA	4.0130954
1905	NA	4.1564975
1906	NA	4.021157
1911	NA	4.574841
1913	NA	4.952828
1914	NA	4.8019004
1915	NA	4.3387556
1916	NA	4.1046352
1917	NA	4.4380217
1920	NA	4.4569006
1922	NA	4.7992034
1923	NA	4.560986
1924	NA	4.6982026
1925	NA	4.8740225
1926	NA	4.963171
1928	NA	3.8308167
1929	NA	3.5723057
1930	NA	3.9343574
1931	NA	3.713416
1932	NA	3.8122947
1933	NA	3.8354564
1937	NA	4.930437
1938	NA	4.803735
1941	NA	4.5634155
1945	NA	4.9717345
1947	NA	4.858095
1950	NA	4.6405773
1951	NA	4.546564
1953	NA	4.806125
1956	NA	4.8982587
1957	NA	4.8391366
1958	NA	3.6763816
1959	NA	3.4804192
1960	NA	3.5275502
1962	NA	3.8604634
1965	NA	4.7505507
1966	NA	4.651954
1968	NA	4.91339
1971	NA	4.6295724
1973	NA	4.741968
1976	NA	4.737848
1977	NA	4.943516
1979	NA	4.5274267
1980	NA	4.882952
1982	NA	4.2736344
1983	NA	4.361074
1985	NA	4.3499455
1986	NA	4.172292
1990	NA	4.8228908
1995	NA	4.649243
1997	NA	4.73611
1998	NA	4.7492867
2002	NA	4.686451
2003	NA	4.635108
2010	NA	4.7237477
2013	NA	4.491371
2017	NA	4.9619536
2021	NA	4.346298
2022	NA	4.332283
2026	NA	4.4024296
2028	NA	4.857254
2031	NA	4.9448385
2032	NA	4.6841364
2033	NA	4.5682673
2034	NA	4.3824444
2036	NA	4.488568
2039	NA	4.5134234
2042	NA	4.7890058
2043	NA	4.946231
2044	NA	4.8596134
2046	NA	4.409381
2048	NA	4.1435304
2050	NA	4.031169
2053	NA	4.8974338
2054	NA	4.8333693
2057	NA	4.8768225
2060	NA	4.8483744
2062	NA	4.6984735
2063	NA	4.764997
2065	NA	4.987412
2069	NA	4.717499
2071	NA	4.9055266
2074	NA	4.7670403
2077	NA	4.7123394
2083	NA	4.604022
2085	NA	4.6854486
2093	NA	4.8431816
2095	NA	4.2413893
2099	NA	4.3824687
2101	NA	4.9020324
2106	NA	4.8168726
2108	NA	4.4488807
2110	NA	4.378719
2111	NA	4.258366
2114	NA	4.7108254
2116	NA	4.674128
2120	NA	4.559066
2126	NA	4.555254
2127	NA	4.9192057
2128	NA	4.869747
2129	NA	4.834085
2131	NA	4.73753
2133	NA	4.8392763
2134	NA	4.792168
2135	NA	4.896766
2137	NA	4.8115325
2138	NA	4.815292
2140	NA	4.9342756
2142	NA	4.3638973
2143	NA	4.3722987
2147	NA	4.376589
2149	NA	4.9280853
2151	NA	4.877425
2152	NA	4.9700794
2154	NA	4.8686423
2155	NA	4.598405
2156	NA	4.505041
2158	NA	4.5688686
2159	NA	4.64398
2160	NA	4.608514
2161	NA	4.598899
2168	NA	4.940421
2169	NA	4.801128
2173	NA	4.886344
2174	NA	4.9623804
2177	NA	4.8174005
2178	NA	4.7544336
2182	NA	4.89147
2185	NA	4.934544
2186	NA	4.7573256
2187	NA	4.690767
2189	NA	4.5068965
2190	NA	4.6794786
2191	NA	4.9752617
2193	NA	4.8399625
2194	NA	4.968476
2197	NA	4.752338
2200	NA	4.5845256
2201	NA	4.7559752
2204	NA	4.887161
2206	NA	4.929874
2209	NA	4.728794
2211	NA	4.8105445
2214	NA	4.760734
2216	NA	4.7715535
2219	NA	4.977885
2220	NA	4.7329826
2223	NA	4.6303577
2224	NA	4.679066
2225	NA	4.749466
2227	NA	4.8441334
2230	NA	4.8626738
2237	NA	4.9110765
2241	NA	4.52718
2244	NA	4.7251916
2245	NA	4.6921086
2246	NA	4.908236
2248	NA	4.7102423
2249	NA	4.816147
2254	NA	4.746308
2255	NA	4.8028603
2256	NA	4.730104
2257	NA	4.869319
2258	NA	4.8853464
2262	NA	4.5604796
2265	NA	4.900187
2267	NA	4.9764867
2268	NA	4.7212214
2269	NA	4.7616343
2270	NA	4.7629766
2271	NA	4.6977577
2273	NA	4.7610936
2276	NA	4.966286
2278	NA	4.694654
2279	NA	4.608528
2280	NA	4.7558584
2283	NA	4.8457994
2285	NA	4.9498925
2290	NA	4.940723
2292	NA	4.836126
2293	NA	4.8677144
2294	NA	4.736662
2295	NA	4.870944
2296	NA	4.6817575
2298	NA	4.7956076
2300	NA	4.827226
2301	NA	4.71085
2306	NA	4.5885735
2312	NA	4.7987313
2313	NA	4.9778504
2320	NA	4.55242
2321	NA	4.781802
2323	NA	4.8464613
2324	NA	4.800623
2325	NA	4.9467683
2326	NA	4.8196464
2328	NA	4.9467683
2331	NA	4.900014
2335	NA	4.772711
2336	NA	4.798732
2337	NA	4.9452243
2342	NA	4.4576635
2343	NA	4.5242414
2345	NA	4.5465946
2346	NA	4.973175
2347	NA	4.9414887
2349	NA	4.959744
2353	NA	4.648687
2354	NA	4.6430993
2355	NA	4.599571
2356	NA	4.6223063
2357	NA	4.858144
2361	NA	4.8994446
2367	NA	4.567067
2370	NA	4.8973174
2371	NA	4.9598737
2372	NA	4.9015555
2373	NA	4.7378373
2376	NA	4.838274
2378	NA	4.765653
2379	NA	4.8606744
2380	NA	4.877147
2382	NA	4.789843
2384	NA	4.6325426
2387	NA	4.8317995
2389	NA	4.8586555
2390	NA	4.951132
2393	NA	4.711886
2394	NA	4.7536483
2395	NA	4.711685
2396	NA	4.9171915
2398	NA	4.796095
2399	NA	4.926332
2403	NA	4.706745
2406	NA	4.91393
2408	NA	4.8768916
2411	NA	4.501672
2412	NA	4.4454327
2416	NA	4.7214355
2417	NA	4.833543
2418	NA	4.8701525
2419	NA	4.96523
2420	NA	4.5250545
2421	NA	4.659689
2424	NA	4.72361
2425	NA	4.641856
2427	NA	4.739948
2428	NA	4.9611707
2432	NA	4.502174
2433	NA	4.62202
2434	NA	4.754878
2435	NA	4.9129424
2437	NA	4.954324
2439	NA	4.923824
2442	NA	4.822324
2443	NA	4.0704017
2444	NA	4.865692
2446	NA	4.6437607
2448	NA	4.596123
2449	NA	4.812664
2451	NA	4.9181533
2452	NA	4.158194
2453	NA	4.478828
2454	NA	4.4509473
2460	NA	4.7317047
2461	NA	4.926544
2462	NA	4.9150634
2463	NA	4.8477607
2464	NA	4.7026105
2468	NA	4.653891
2469	NA	4.7958817
2470	NA	4.8098335
2471	NA	4.634744
2473	NA	4.1981263
2475	NA	4.142323
2477	NA	4.9025764
2478	NA	4.8149486
2479	NA	4.83922
2480	NA	4.960511
2481	NA	4.6621513
2482	NA	4.774273
2483	NA	4.6952114
2484	NA	4.628367
2487	NA	4.5198016
2489	NA	4.7172675
2490	NA	4.715053
2492	NA	4.564975
2493	NA	4.5383897
2498	NA	4.8703566
2501	NA	4.165635
2502	NA	4.3936243
2503	NA	3.9684434
2504	NA	4.2394342
2507	NA	4.859227
2511	NA	4.486051
2512	NA	4.608512
2513	NA	4.572341
2516	NA	4.6238008
2517	NA	4.9051785
2519	NA	4.921576
2520	NA	4.9631906
2522	NA	4.47975
2523	NA	4.501848
2524	NA	4.510635
2526	NA	4.1726294
2528	NA	4.9354954
2531	NA	4.691101
2532	NA	4.8104715
2533	NA	4.586373
2534	NA	4.7765803
2536	NA	4.8207436
2537	NA	4.8588686
2541	NA	4.6504345
2542	NA	4.6279907
2546	NA	4.783668
2547	NA	4.9285374
2548	NA	4.754029
2550	NA	4.64805
2552	NA	4.7434173
2556	NA	4.791089
2558	NA	4.755035
2559	NA	4.459354
2560	NA	4.4911838
2562	NA	4.403617
2563	NA	4.711334
2564	NA	4.772726
2565	NA	4.929528
2567	NA	4.6625943
2568	NA	4.272429
2570	NA	3.898818
2571	NA	4.066254
2573	NA	4.916774
2575	NA	4.8290014
2576	NA	4.957101
2580	NA	4.759591
2581	NA	4.8229322
2584	NA	4.8962493
2585	NA	4.8349824
2586	NA	4.765005
2587	NA	4.5421743
2595	NA	5.0
2598	NA	4.685929
2600	NA	4.5669727
2603	NA	4.811858
2605	NA	4.961861
2607	NA	4.6970525
2609	NA	4.9127975
2610	NA	4.839794
2611	NA	4.751823
2612	NA	4.9127975
2613	NA	4.909569
2614	NA	4.817818
2616	NA	4.4984994
2617	NA	4.298632
2618	NA	4.504111
2620	NA	4.432102
2621	NA	4.4667945
2624	NA	4.942323
2629	NA	4.883251
2631	NA	4.9423795
2633	NA	4.912021
2635	NA	4.8915925
2639	NA	4.3335166
2641	NA	4.8042345
2642	NA	4.2120104
2644	NA	4.904318
2645	NA	4.804282
2646	NA	4.526388
2647	NA	4.936149
2648	NA	4.318009
2649	NA	4.4513044
2652	NA	4.4537606
2653	NA	4.943677
2658	NA	4.4342194
2659	NA	4.347182
2661	NA	4.5382795
2663	NA	4.4956403
2665	NA	4.8937273
2667	NA	4.914533
2669	NA	4.607443
2671	NA	4.5833173
2674	NA	4.900895
2676	NA	4.885396
2677	NA	4.9247074
2681	NA	4.798755
2683	NA	4.928521
2685	NA	4.849798
2686	NA	4.980052
2690	NA	4.5386662
2693	NA	4.778344
2694	NA	4.7435584
2695	NA	4.9280753
2697	NA	4.558554
2698	NA	4.6293817
2699	NA	4.743866
2700	NA	4.673987
2706	NA	4.487721
2717	NA	4.622978
2719	NA	4.622517
2723	NA	4.9408712
2725	NA	4.76657
2727	NA	4.277707
2729	NA	4.3848724
2732	NA	4.402613
2733	NA	4.9120607
2736	NA	4.967668
2737	NA	4.71356
2740	NA	4.653524
2742	NA	4.939637
2743	NA	4.969136
2745	NA	4.633553
2746	NA	4.754842
2747	NA	4.5995345
2749	NA	4.8097224
2750	NA	4.8648615
2753	NA	4.883998
2759	NA	4.5944386
2760	NA	4.9539056
2762	NA	4.818269
2767	NA	4.8608046
2769	NA	4.9395156
2771	NA	4.9680476
2773	NA	4.860754
2780	NA	4.9681664
2781	NA	4.6228495
2782	NA	4.7781453
2785	NA	4.8661256
2786	NA	4.8995852
2790	NA	4.859355
2793	NA	4.4623566
2794	NA	4.5298967
2796	NA	4.6354475
2798	NA	4.952296
2801	NA	4.950659
2804	NA	4.485543
2805	NA	4.3764977
2806	NA	4.5082994
2808	NA	4.588434
2810	NA	4.6694064
2814	NA	4.148688
2816	NA	4.921972
2819	NA	4.977778
2820	NA	4.865992
2823	NA	4.562826
2824	NA	4.582117
2825	NA	4.589138
2826	NA	4.6092734
2830	NA	4.931547
2831	NA	4.306255
2832	NA	4.46529
2833	NA	4.3900185
2834	NA	4.382796
2835	NA	4.38732
2836	NA	4.830176
2840	NA	4.7445216
2841	NA	4.4968743
2843	NA	4.693675
2846	NA	4.790628
2847	NA	4.859915
2848	NA	4.9565225
2849	NA	4.585578
2852	NA	4.6553116
2855	NA	4.9723554
2858	NA	4.666512
2859	NA	4.555403
2866	NA	4.776274
2869	NA	4.5871234
2871	NA	4.90833
2872	NA	4.906995
2873	NA	4.8615665
2876	NA	4.863707
2877	NA	4.90641
2878	NA	4.842746
2880	NA	4.9457164
2882	NA	4.8179646
2884	NA	4.955489
2885	NA	4.5798845
2887	NA	4.6482315
2888	NA	4.5988026
2889	NA	4.7185493
2892	NA	4.5482574
2893	NA	4.901121
2895	NA	4.6099596
2897	NA	4.4993706
2901	NA	4.9114
2902	NA	4.6811037
2904	NA	4.660559
2906	NA	4.5900583
2912	NA	4.667971
2914	NA	4.6335673
2921	NA	4.7259774
2922	NA	4.7440863
2923	NA	4.680559
2925	NA	4.722495
2928	NA	4.8224545
2929	NA	4.9562063
2931	NA	4.6371202
2934	NA	4.6866837
2940	NA	4.8051724
2942	NA	4.7062855
2944	NA	4.70605
2946	NA	4.861292
2947	NA	4.855672
2948	NA	4.8942714
2949	NA	4.7753
2950	NA	4.4288635
2953	NA	4.157188
2954	NA	4.3888144
2962	NA	4.732133
2963	NA	4.835291
2973	NA	4.903489
2975	NA	4.9598246
2978	NA	4.890303
2979	NA	4.571714
2982	NA	4.6910076
2985	NA	4.6893177
2986	NA	4.7773547
2987	NA	4.8279943
2990	NA	4.6368523
2991	NA	4.3714256
2993	NA	4.520257
2999	NA	4.827147
3000	NA	4.659582
3001	NA	4.6581006
3003	NA	4.7867384
3004	NA	4.9783435
3006	NA	4.939978
3008	NA	4.7707324
3009	NA	4.6065397
3011	NA	4.743985
3012	NA	4.7457156
3013	NA	4.6669445
3017	NA	4.957619
3020	NA	4.5501122
3021	NA	4.758224
3023	NA	4.733548
3025	NA	4.9277086
3026	NA	4.894205
3028	NA	4.7379155
3029	NA	4.461917
3030	NA	4.71499
3032	NA	4.676207
3034	NA	4.9733553
3035	NA	4.9406223
3037	NA	4.9240937
3040	NA	4.937739
3044	NA	4.944147
3045	NA	4.9478626
3048	NA	4.7379785
3051	NA	4.9596505
3052	NA	4.894683
3053	NA	4.88051
3055	NA	4.842706
3056	NA	4.781732
3057	NA	4.8895974
3058	NA	4.8103633
3060	NA	4.977266
3063	NA	4.9571238
3064	NA	4.980947
3066	NA	4.710152
3067	NA	4.6377306
3070	NA	4.6880813
3074	NA	4.9102097
3075	NA	4.6070952
3076	NA	4.6669574
3077	NA	4.776329
3078	NA	4.525825
3080	NA	4.650634
3082	NA	4.907278
3083	NA	4.9345074
3084	NA	4.644761
3086	NA	4.4797564
3087	NA	4.3795156
3088	NA	4.721129
3089	NA	4.8194156
3090	NA	4.3781877
3093	NA	4.748627
3095	NA	4.587364
3096	NA	4.1784444
3099	NA	4.9294295
3101	NA	4.9844947
3103	NA	4.908105
3104	NA	4.6515636
3106	NA	4.8483653
3108	NA	4.915616
3109	NA	4.9547315
3112	NA	4.592308
3113	NA	4.635626
3115	NA	4.797994
3116	NA	4.686032
3117	NA	4.793208
3118	NA	4.9515014
3119	NA	4.853549
3120	NA	4.9681
3124	NA	4.7554545
3125	NA	4.6598167
3127	NA	4.893009
3128	NA	4.6440153
3131	NA	4.577253
3133	NA	4.453242
3135	NA	4.543193
3136	NA	4.7541013
3137	NA	4.9262013
3138	NA	5.0
3139	NA	4.7664847
3141	NA	4.162385
3142	NA	3.6637948
3144	NA	3.9875605
3145	NA	3.967069
3146	NA	3.967069
3147	NA	4.9246697
3148	NA	4.8473644
3149	NA	4.9089327
3151	NA	4.7683625
3152	NA	4.757436
3154	NA	4.7243996
3155	NA	4.785239
3159	NA	4.978659
3160	NA	4.5370164
3163	NA	4.8432693
3167	NA	4.819418
3168	NA	4.779038
3169	NA	4.794914
3171	NA	4.761763
3172	NA	4.6379094
3173	NA	4.5927753
3175	NA	4.736774
3176	NA	4.924404
3177	NA	4.7765293
3178	NA	4.9094605
3179	NA	4.9660892
3180	NA	4.795044
3183	NA	4.7463794
3184	NA	4.8615522
3185	NA	4.9277496
3189	NA	4.6935506
3190	NA	4.582387
3191	NA	4.7066774
3193	NA	4.808292
3194	NA	4.9799685
3195	NA	4.9247303
3196	NA	4.959961
3197	NA	4.9732995
3198	NA	4.796015
3199	NA	4.7522745
3204	NA	4.8357773
3205	NA	4.9646115
3206	NA	4.907812
3207	NA	4.752484
3209	NA	4.743539
3210	NA	4.7886343
3211	NA	4.8614454
3212	NA	4.939616
3215	NA	4.963455
3216	NA	4.794022
3219	NA	4.4485035
3220	NA	4.8200836
3225	NA	4.8063374
3226	NA	4.703383
3229	NA	4.8312488
3231	NA	4.95894
3233	NA	4.9031496
3234	NA	4.6661634
3235	NA	4.704147
3236	NA	4.697911
3237	NA	4.720361
3239	NA	4.907579
3240	NA	4.868379
3241	NA	4.8219986
3244	NA	4.0763593
3245	NA	4.6977954
3246	NA	4.7183905
3247	NA	4.6900578
3249	NA	4.7628365
3251	NA	4.930972
3259	NA	4.8107886
3263	NA	4.9312716
3266	NA	4.918058
3267	NA	4.908242
3268	NA	4.85288
3269	NA	4.97696
3270	NA	4.824647
3276	NA	4.724904
3279	NA	4.7392006
3282	NA	4.611488
3284	NA	4.706333
3289	NA	4.5002785
3290	NA	4.2072515
3293	NA	4.341412
3295	NA	4.8886523
3296	NA	4.9013553
3297	NA	4.9295635
3300	NA	4.7389894
3301	NA	4.7898197
3302	NA	4.8314786
3305	NA	4.8106775
3306	NA	4.9400635
3307	NA	4.613954
3308	NA	4.8048286
3309	NA	4.9798694
3310	NA	4.4329586
3312	NA	4.3762712
3315	NA	4.9218135
3317	NA	4.9633117
3318	NA	4.9676433
3320	NA	4.8471527
3323	NA	4.8021517
3326	NA	4.6895
3328	NA	4.8914866
3331	NA	4.522727
3333	NA	4.270871
3334	NA	4.498836
3335	NA	4.9059176
3337	NA	4.965614
3341	NA	4.748443
3343	NA	4.7428017
3348	NA	4.9007745
3350	NA	4.597595
3352	NA	4.3377533
3354	NA	4.6753693
3355	NA	4.8391633
3360	NA	4.7629066
3365	NA	4.821384
3377	NA	4.948691
3379	NA	4.648203
3380	NA	4.6113305
3381	NA	4.534324
3383	NA	4.631015
3387	NA	4.9275274
3388	NA	4.802162
3390	NA	4.563069
3391	NA	4.6686225
3392	NA	4.794307
3393	NA	4.971812
3394	NA	4.9154205
3399	NA	4.389471
3401	NA	4.427871
3402	NA	4.9039874
3403	NA	4.7827806
3404	NA	4.747346
3406	NA	4.6471806
3408	NA	4.7635627
3409	NA	4.6517015
3410	NA	4.874503
3415	NA	4.724286
3417	NA	4.762745
3419	NA	4.634049
3421	NA	4.62963
3423	NA	4.8215623
3430	NA	4.7328115
3431	NA	4.5822377
3434	NA	4.7821693
3439	NA	4.6773777
3441	NA	4.698772
3442	NA	4.842586
3445	NA	4.9011445
3446	NA	4.544303
3447	NA	4.4934015
3449	NA	4.6428347
3450	NA	4.527435
3455	NA	4.730436
3456	NA	4.7899117
3457	NA	4.805241
3458	NA	4.7481074
3463	NA	4.82869
3464	NA	4.8192363
3466	NA	4.7822156
3469	NA	4.7593737
3470	NA	4.4014063
3473	NA	4.878949
3474	NA	4.5175095
3475	NA	4.396858
3476	NA	4.6613517
3477	NA	4.486742
3478	NA	4.559313
3481	NA	4.9582133
3482	NA	4.904094
3483	NA	4.970409
3489	NA	4.716186
3490	NA	4.729141
3493	NA	4.732325
3497	NA	5.0
3498	NA	4.918499
3499	NA	4.652384
3502	NA	4.8336525
3506	NA	4.570967
3509	NA	4.681539
3513	NA	4.861432
3515	NA	4.827128
3519	NA	4.8335333
3520	NA	4.638074
3521	NA	4.675894
3522	NA	4.86118
3523	NA	4.7042384
3524	NA	4.78648
3525	NA	4.9714074
3526	NA	4.736518
3527	NA	4.5856175
3531	NA	4.5455422
3532	NA	4.76252
3535	NA	4.8418064
3540	NA	4.702154
3545	NA	4.6591825
3550	NA	4.4891033
3551	NA	4.7162113
3553	NA	4.911687
3555	NA	4.779185
3557	NA	4.421573
3558	NA	4.6100545
3559	NA	4.454705
3560	NA	4.4123034
3562	NA	4.7611856
3563	NA	4.8582573
3564	NA	4.815231
3570	NA	4.605595
3573	NA	4.2635665
3575	NA	4.7155595
3578	NA	4.899134
3581	NA	4.7902975
3583	NA	4.790133
3585	NA	4.833591
3587	NA	4.7085276
3588	NA	4.740282
3590	NA	4.6825657
3591	NA	4.7542562
3593	NA	4.839577
3594	NA	4.2887115
3595	NA	4.9531426
3596	NA	4.962147
3597	NA	4.7072587
3599	NA	4.754595
3600	NA	4.8213015
3601	NA	4.6176243
3604	NA	4.756949
3605	NA	4.765352
3606	NA	4.9617453
3608	NA	4.775895
3609	NA	4.848426
3610	NA	4.692207
3612	NA	4.581911
3613	NA	4.5635324
3615	NA	4.904164
3616	NA	4.9221153
3617	NA	4.8788633
3619	NA	4.4741077
3621	NA	4.676916
3622	NA	4.5691743
3628	NA	4.9523587
3631	NA	4.71759
3632	NA	4.72301
3634	NA	4.7436695
3636	NA	4.8173747
3637	NA	4.758511
3641	NA	4.6736264
3642	NA	4.616401
3644	NA	4.9760523
3645	NA	4.8984957
3648	NA	4.9831524
3652	NA	4.783177
3654	NA	4.6044974
3655	NA	4.659598
3656	NA	4.659598
3659	NA	4.942568
3660	NA	4.8188257
3662	NA	4.6167583
3663	NA	4.539762
3664	NA	4.5019894
3665	NA	4.5919766
3667	NA	4.922085
3671	NA	4.5893855
3674	NA	4.6439934
3675	NA	4.559745
3676	NA	4.6666193
3677	NA	4.948286
3678	NA	4.2749095
3679	NA	4.960018
3681	NA	4.830002
3683	NA	4.5409026
3688	NA	4.921364
3698	NA	4.9503975
3700	NA	4.824798
3704	NA	4.384019
3706	NA	4.648686
3714	NA	4.9133067
3715	NA	4.822625
3716	NA	4.934029
3717	NA	4.894799
3722	NA	4.9373884
3723	NA	4.267444
3724	NA	4.578985
3726	NA	4.5330706
3729	NA	4.927991
3730	NA	4.7428637
3731	NA	4.892575
3732	NA	4.517581
3734	NA	4.51849
3735	NA	4.6290555
3738	NA	4.3927746
3741	NA	4.8528085
3744	NA	4.8376694
3745	NA	4.7954345
3749	NA	4.9300485
3754	NA	4.7228937
3757	NA	4.615999
3760	NA	4.9067154
3763	NA	4.921295
3764	NA	4.8708477
3768	NA	4.8582034
3769	NA	4.8952894
3771	NA	4.981521
3772	NA	4.911426
3773	NA	4.9095774
3775	NA	4.81586
3778	NA	4.715104
3782	NA	4.7901435
3786	NA	4.6776156
3787	NA	4.5846896
3791	NA	4.7754908
3792	NA	4.9501586
3793	NA	4.9183064
3794	NA	4.8033957
3796	NA	4.6976366
3798	NA	4.692396
3802	NA	4.9065285
3806	NA	4.707424
3808	NA	4.7627068
3810	NA	4.716701
3811	NA	4.7821984
3813	NA	4.8534174
3815	NA	4.877886
3816	NA	4.938333
3817	NA	4.748497
3818	NA	4.720814
3819	NA	4.7910404
3822	NA	4.814925
3824	NA	4.605722
3829	NA	4.838354
3830	NA	4.713414
3832	NA	4.771878
3833	NA	4.8409934
3835	NA	4.977638
3837	NA	4.79628
3841	NA	4.7376695
3842	NA	4.8296137
3843	NA	4.942655
3848	NA	4.5328727
3849	NA	4.4336824
3850	NA	4.744339
3851	NA	4.5266128
3854	NA	4.898761
3858	NA	4.8913865
3859	NA	4.6849265
3863	NA	4.682557
3865	NA	4.9267116
3867	NA	4.9391265
3875	NA	4.5848255
3876	NA	4.9577756
3877	NA	4.708855
3878	NA	4.948848
3879	NA	4.878949
3881	NA	4.7124643
3888	NA	4.6217227
3889	NA	4.6140866
3890	NA	4.6277905
3891	NA	4.430565
3894	NA	4.8460274
3896	NA	4.8401766
3900	NA	4.59865
3902	NA	4.7360816
3906	NA	4.452021
3907	NA	4.7468796
3911	NA	4.8287716
3913	NA	4.826824
3916	NA	4.3693805
3918	NA	4.545971
3919	NA	4.493887
3923	NA	5.0
3925	NA	4.863097
3926	NA	4.9039087
3927	NA	4.6292477
3928	NA	4.6165905
3931	NA	4.681008
3932	NA	4.667492
3933	NA	4.667492
3937	NA	4.726972
3944	NA	4.974748
3945	NA	4.9146657
3946	NA	4.670592
3950	NA	4.9223156
3952	NA	4.9682884
3953	NA	4.791582
3954	NA	4.9770103
3959	NA	4.500558
3960	NA	4.859313
3962	NA	4.875174
3963	NA	4.918475
3964	NA	4.8292866
3965	NA	4.955571
3966	NA	4.8783956
3967	NA	4.624771
3968	NA	4.6468225
3969	NA	4.6512284
3971	NA	4.719827
3974	NA	4.684326
3975	NA	4.793511
3977	NA	4.6078014
3978	NA	4.75607
3979	NA	4.6110067
3981	NA	4.9288564
3983	NA	4.7808237
3988	NA	4.6479707
3991	NA	4.8325057
3997	NA	4.5952144
4000	NA	4.7804804
4003	NA	4.6846848
4005	NA	4.909784
4008	NA	4.8491817
4009	NA	4.8548656
4010	NA	4.721058
4016	NA	4.9225492
4018	NA	4.7960634
4019	NA	4.7675548
4022	NA	4.85357
4023	NA	4.782843
4024	NA	4.8567376
4025	NA	4.8319554
4026	NA	4.887345
4027	NA	4.9187245
4029	NA	4.8466125
4030	NA	4.7824507
4032	NA	4.716948
4035	NA	4.820346
4039	NA	4.755513
4042	NA	4.384379
4044	NA	4.5351977
4048	NA	4.8703756
4051	NA	4.521228
4052	NA	4.584241
4053	NA	4.6878195
4055	NA	4.869553
4057	NA	4.872528
4059	NA	4.728168
4064	NA	4.952292
4070	NA	4.6633625
4073	NA	4.7054696
4075	NA	4.854437
4077	NA	4.9617014
4078	NA	4.916537
4080	NA	4.893891
4081	NA	4.953198
4082	NA	4.727102
4089	NA	4.9335756
4091	NA	4.3716865
4092	NA	4.478124
4093	NA	4.645252
4095	NA	4.537935
4096	NA	4.559894
4097	NA	4.522023
4098	NA	4.7989707
4099	NA	4.659339
4101	NA	4.8085046
4103	NA	4.611136
4104	NA	4.7376013
4106	NA	4.7699814
4107	NA	4.8060045
4110	NA	4.8439894
4111	NA	4.6303153
4116	NA	4.9166255
4121	NA	4.2442336
4122	NA	4.399205
4124	NA	4.453602
4128	NA	4.8440266
4129	NA	4.7629614
4130	NA	4.876008
4131	NA	4.6675076
4138	NA	4.9241533
4139	NA	4.8712063
4143	NA	4.437822
4144	NA	4.406154
4150	NA	4.7052507
4151	NA	4.615626
4153	NA	4.733536
4158	NA	4.5846334
4159	NA	4.5123305
4160	NA	4.6940417
4161	NA	4.7138333
4166	NA	4.9424286
4167	NA	4.7867656
4169	NA	4.7713404
4170	NA	4.7906
4171	NA	4.832768
4172	NA	4.9056125
4175	NA	4.798171
4177	NA	4.4786253
4180	NA	4.6158895
4182	NA	4.832902
4184	NA	4.8649144
4186	NA	4.6930637
4188	NA	4.694221
4189	NA	4.6853156
4190	NA	4.570206
4192	NA	4.787394
4198	NA	4.3925686
4200	NA	4.601566
4201	NA	4.939146
4203	NA	4.841136
4204	NA	4.865727
4206	NA	4.7678976
4208	NA	4.4694076
4210	NA	4.747821
4211	NA	4.7805896
4215	NA	3.964529
4217	NA	4.247766
4218	NA	4.0316553
4222	NA	4.880932
4224	NA	3.8911662
4225	NA	4.2506757
4226	NA	4.288463
4227	NA	4.103427
4229	NA	4.8322825
4230	NA	4.746634
4233	NA	4.302482
4234	NA	4.263503
4237	NA	4.8370485
4240	NA	4.870231
4241	NA	4.50245
4243	NA	4.459326
4245	NA	4.548898
4249	NA	4.8696804
4250	NA	5.0
4255	NA	4.659217
4256	NA	4.612762
4258	NA	4.8771257
4261	NA	4.217621
4262	NA	4.1096377
4263	NA	4.170556
4264	NA	4.0842295
4268	NA	4.9554543
4270	NA	4.870718
4271	NA	4.8827734
4273	NA	4.801225
4276	NA	4.9785333
4278	NA	4.9190063
4281	NA	4.10476
4285	NA	4.84164
4286	NA	4.889196
4292	NA	4.6346116
4293	NA	4.797943
4294	NA	4.588434
4296	NA	4.735455
4297	NA	4.699408
4298	NA	4.6886377
4300	NA	4.3828735
4302	NA	4.8143287
4303	NA	4.8043795
4309	NA	3.9055676
4310	NA	4.1395397
4311	NA	4.903021
4313	NA	4.905229
4314	NA	4.921644
4317	NA	4.754918
4319	NA	4.829517
4324	NA	4.9255557
4326	NA	4.62175
4327	NA	4.7869663
4331	NA	4.6577387
4332	NA	4.851681
4333	NA	4.918327
4334	NA	4.9215407
4337	NA	4.659306
4343	NA	4.835444
4345	NA	4.778289
4352	NA	4.706924
4353	NA	4.784283
4355	NA	3.5764644
4356	NA	3.6883943
4358	NA	3.438075
4362	NA	4.861835
4366	NA	4.6428275
4367	NA	4.5228596
4368	NA	4.6007447
4372	NA	4.961737
4373	NA	4.787248
4374	NA	4.8076105
4375	NA	4.616164
4380	NA	4.793073
4383	NA	4.814062
4384	NA	4.92726
4389	NA	4.767298
4391	NA	4.8707666
4397	NA	4.748034
4399	NA	4.864974
4400	NA	4.860259
4402	NA	4.8123374
4403	NA	4.91166
4404	NA	4.8292985
4405	NA	4.8795176
4406	NA	4.947956
4409	NA	4.957404
4413	NA	4.6918764
4415	NA	4.71125
4416	NA	4.87691
4419	NA	4.934785
4420	NA	4.215645
4421	NA	4.189204
4422	NA	4.264387
4423	NA	4.1923857
4424	NA	4.2325892
4425	NA	4.704301
4427	NA	4.879429
4428	NA	4.94564
4430	NA	4.7424693
4433	NA	4.743603
4434	NA	4.756273
4435	NA	4.840214
4436	NA	4.8818607
4437	NA	4.8192244
4438	NA	4.1996074
4441	NA	4.1095004
4444	NA	4.8752003
4448	NA	4.54905
4449	NA	4.520688
4450	NA	4.58084
4451	NA	4.5469713
4452	NA	4.863846
4453	NA	4.833666
4455	NA	4.957577
4456	NA	4.380949
4459	NA	4.513464
4460	NA	4.4705515
4461	NA	4.8896155
4462	NA	4.8676844
4463	NA	4.840701
4465	NA	4.596327
4466	NA	4.3679724
4467	NA	4.5260196
4470	NA	4.901379
4474	NA	4.298871
4475	NA	4.219138
4476	NA	4.4049363
4478	NA	4.265995
4479	NA	4.75695
4480	NA	4.955405
4482	NA	4.9727592
4483	NA	3.9778607
4484	NA	3.975025
4485	NA	3.835901
4488	NA	4.9016027
4489	NA	4.8577046
4491	NA	4.8089333
4493	NA	4.6018524
4494	NA	4.8237405
4495	NA	4.685219
4496	NA	4.8092103
4499	NA	4.850254
4500	NA	4.9627166
4502	NA	4.4600525
4504	NA	4.413366
4506	NA	4.4147205
4508	NA	4.7937226
4510	NA	4.930556
4512	NA	4.3803787
4518	NA	4.824637
4521	NA	4.7500663
4527	NA	4.8467183
4528	NA	4.797062
4530	NA	4.5174675
4531	NA	4.431346
4532	NA	4.504604
4533	NA	4.4218287
4535	NA	4.8891096
4536	NA	4.9768877
4537	NA	4.970301
4538	NA	4.9075503
4539	NA	4.628128
4542	NA	4.592302
4543	NA	4.5961704
4547	NA	4.840906
4548	NA	4.731507
4550	NA	4.6981053
4552	NA	4.9313173
4554	NA	4.8919635
4555	NA	4.9226303
4557	NA	4.54371
4560	NA	4.595341
4561	NA	4.5902367
4563	NA	4.845147
4566	NA	4.716965
4568	NA	4.441467
4571	NA	4.8445563
4572	NA	4.4183054
4575	NA	4.2426066
4576	NA	4.212849
4577	NA	4.287424
4578	NA	3.7061212
4582	NA	4.5505643
4584	NA	4.5505643
4586	NA	4.7727103
4587	NA	4.9623885
4589	NA	4.56076
4591	NA	4.6231227
4592	NA	4.95826
4593	NA	3.6072316
4594	NA	3.7284784
4598	NA	4.8464894
4599	NA	4.8413706
4600	NA	4.8198237
4602	NA	4.8452725
4603	NA	4.7555213
4604	NA	4.7620654
4607	NA	4.7971044
4608	NA	4.8467183
4609	NA	4.93
4613	NA	4.7971044
4618	NA	4.9190016
4620	NA	4.560236
4621	NA	4.6783895
4622	NA	4.65714
4623	NA	4.6603355
4624	NA	4.690698
4625	NA	4.8384805
4627	NA	4.794288
4628	NA	4.9546947
4629	NA	3.6348383
4631	NA	3.779163
4639	NA	4.6313887
4640	NA	4.6649237
4641	NA	4.659913
4642	NA	4.7972264
4645	NA	4.9407105
4647	NA	4.969922
4649	NA	4.8879886
4654	NA	4.9403663
4655	NA	4.9314013
4657	NA	4.055557
4658	NA	4.168226
4667	NA	4.823899
4670	NA	4.918682
4672	NA	4.97056
4675	NA	4.878868
4676	NA	4.856032
4677	NA	4.721484
4678	NA	4.7494626
4682	NA	4.952202
4684	NA	4.9340754
4690	NA	4.8286843
4691	NA	4.9678273
4692	NA	4.8579903
4693	NA	4.862108
4694	NA	4.76949
4695	NA	4.7522807
4698	NA	4.7735476
4703	NA	4.819975
4704	NA	4.8172197
4705	NA	4.9135904
4706	NA	4.94599
4708	NA	4.9345446
4709	NA	4.9375906
4714	NA	4.629906
4715	NA	4.6361322
4719	NA	5.0
4721	NA	4.827859
4722	NA	3.976498
4723	NA	3.9940994
4726	NA	4.115967
4727	NA	4.115967
4730	NA	4.9427824
4732	NA	4.872911
4733	NA	4.83126
4736	NA	4.8815446
4737	NA	4.7893367
4738	NA	4.9828615
4739	NA	4.8844466
4741	NA	4.8368273
4744	NA	4.6575985
4747	NA	4.665128
4748	NA	4.9213686
4749	NA	4.9100842
4750	NA	4.946821
4751	NA	4.9578695
4754	NA	4.5057244
4757	NA	4.902747
4758	NA	4.8750267
4765	NA	4.507212
4768	NA	4.952652
4770	NA	4.098904
4772	NA	4.084002
4773	NA	4.143408
4775	NA	4.772
4778	NA	4.9634337
4779	NA	4.903357
4781	NA	4.815415
4783	NA	4.9052973
4784	NA	4.8219695
4785	NA	4.960733
4786	NA	4.7277517
4787	NA	4.8583627
4789	NA	4.3963623
4791	NA	4.343025
4792	NA	4.4084935
4801	NA	4.885944
4804	NA	5.0
4809	NA	4.4501886
4818	NA	4.8072114
4827	NA	4.881024
4828	NA	4.879503
4829	NA	4.708535
4830	NA	4.8722196
4833	NA	4.549186
4834	NA	4.8380985
4835	NA	4.8237405
4837	NA	4.580721
4838	NA	4.6392183
4840	NA	4.3884435
4841	NA	4.5069156
4846	NA	4.46323
4850	NA	4.4713006
4854	NA	4.870231
4856	NA	4.415337
4861	NA	4.930978
4862	NA	4.746489
4864	NA	4.2172685
4865	NA	4.290134
4868	NA	4.417658
4870	NA	4.766416
4871	NA	4.5807495
4873	NA	4.5044417
4875	NA	4.901389
4876	NA	4.476823
4878	NA	4.7934885
4884	NA	4.6794505
4887	NA	4.661059
4889	NA	4.619329
4890	NA	4.935138
4892	NA	4.336981
4893	NA	4.617284
4894	NA	4.2553334
4895	NA	4.322586
4896	NA	4.829205
4897	NA	4.8460774
4899	NA	4.8234835
4902	NA	4.293392
4904	NA	4.3934555
4906	NA	4.94017
4907	NA	4.8260083
4908	NA	4.890535
4909	NA	4.0634317
4910	NA	4.0721183
4914	NA	4.8464894
4917	NA	4.9012127
4923	NA	4.9622145
4924	NA	4.9823613
4925	NA	4.905117
4927	NA	4.584272
4930	NA	4.5853076
4931	NA	4.5522003
4935	NA	4.9098344
4936	NA	4.9702554
4939	NA	4.686236
4943	NA	4.4944296
4945	NA	4.8659425
4952	NA	4.3531737
4955	NA	4.9892626
4956	NA	4.9533963
4958	NA	4.84884
4962	NA	4.7912745
4969	NA	4.352758
4972	NA	4.919234
4973	NA	4.9423337
4976	NA	3.7388952
4979	NA	3.8012886
4980	NA	3.5983255
4984	NA	4.7864766
4986	NA	4.501854
4987	NA	4.3126984
4988	NA	4.0917277
4993	NA	4.958044
4994	NA	4.2412586
4995	NA	4.2507873
4999	NA	4.977797
5001	NA	4.9439373
5004	NA	4.8391457
5006	NA	4.8454247
5008	NA	4.9059553
5009	NA	4.8204927
5013	NA	4.7191935
5016	NA	4.818544
5019	NA	4.9285817
5020	NA	4.907743
5021	NA	4.9768114
5028	NA	4.9499984
5029	NA	4.971996
5034	NA	4.86057
5035	NA	4.8374267
5036	NA	4.8877606
5038	NA	4.923223
5041	NA	4.830172
5042	NA	4.817818
5043	NA	4.637926
5044	NA	4.7025247
5054	NA	4.380014
5055	NA	4.4033947
5057	NA	4.834704
5059	NA	4.9366236
5061	NA	4.90913
5062	NA	4.7634273
5063	NA	4.719323
5065	NA	4.903021
5066	NA	4.83922
5067	NA	4.960511
5068	NA	4.926295
5069	NA	4.8907046
5070	NA	4.178533
5071	NA	4.116006
5075	NA	4.838506
5076	NA	4.8352213
5077	NA	4.828491
5084	NA	4.8650484
5087	NA	4.8959584
5088	NA	4.4590774
5090	NA	4.35501
5093	NA	4.918255
5094	NA	4.8893156
5095	NA	4.7426863
5098	NA	4.135394
5099	NA	4.137132
5101	NA	4.0454874
5103	NA	4.7800584
5104	NA	4.858231
5106	NA	4.722725
5108	NA	4.6128206
5111	NA	4.912447
5112	NA	4.9308686
5118	NA	3.3181994
5120	NA	4.8446383
5122	NA	4.7784576
5126	NA	4.225635
5128	NA	4.282639
5129	NA	4.9231033
5130	NA	4.907115
5131	NA	4.8851595
5138	NA	4.8380647
5140	NA	4.852545
5143	NA	4.5630293
5144	NA	4.538767
5146	NA	4.5258527
5150	NA	4.8230376
5151	NA	4.0975266
5152	NA	4.008538
5156	NA	4.9580765
5157	NA	4.891554
5158	NA	4.7591643
5159	NA	4.7519
5162	NA	4.4413195
5164	NA	4.4614677
5165	NA	4.820702
5168	NA	4.9582806
5170	NA	4.200494
5172	NA	4.178417
5173	NA	4.132432
5174	NA	4.7445936
5179	NA	4.814138
5180	NA	4.707425
5181	NA	4.7774673
5182	NA	4.868162
5183	NA	4.637901
5184	NA	4.938712
5185	NA	4.938746
5188	NA	3.93373
5190	NA	3.9018755
5192	NA	4.7737103
5193	NA	4.6995363
5194	NA	4.86242
5196	NA	4.6635914
5200	NA	4.6093564
5202	NA	4.9287395
5205	NA	4.58061
5207	NA	4.5868716
5209	NA	4.5955076
5210	NA	4.9431243
5211	NA	4.834916
5213	NA	4.9490585
5214	NA	4.0070806
5217	NA	3.8197005
5218	NA	3.555032
5221	NA	4.7716417
5222	NA	4.959199
5224	NA	4.6075153
5228	NA	4.555879
5229	NA	4.8464994
5230	NA	4.8569393
5233	NA	4.482918
5235	NA	4.438252
5237	NA	4.850972
5240	NA	4.9603515
5241	NA	4.516812
5243	NA	4.638343
5245	NA	4.464879
5250	NA	4.5861
5252	NA	4.4760985
5255	NA	4.771878
5257	NA	4.861293
5259	NA	4.4841886
5265	NA	4.9747677
5266	NA	4.9846783
5268	NA	4.907681
5270	NA	4.645827
5271	NA	4.9119697
5272	NA	4.9300756
5273	NA	4.8325343
5274	NA	4.864824
5275	NA	4.8778677
5279	NA	4.9167852
5280	NA	4.677736
5281	NA	4.7996483
5283	NA	4.8836
5284	NA	4.9431205
5285	NA	4.8867326
5286	NA	4.765867
5287	NA	4.682524
5289	NA	4.6516747
5290	NA	4.765164
5292	NA	4.91833
5293	NA	4.864782
5295	NA	4.033826
5297	NA	4.193279
5299	NA	4.0691996
5300	NA	4.585519
5301	NA	4.754932
5302	NA	4.761267
5305	NA	4.8115463
5307	NA	4.6444893
5308	NA	4.867335
5309	NA	4.8294525
5312	NA	4.9595604
5315	NA	4.675774
5316	NA	4.6738515
5320	NA	4.6505866
5322	NA	4.437564
5323	NA	4.500211
5326	NA	4.431649
5328	NA	4.94352
5330	NA	4.8171244
5331	NA	4.8186436
5332	NA	4.8171244
5336	NA	4.7747517
5337	NA	4.9718056
5339	NA	4.950571
5343	NA	4.4807234
5344	NA	4.509406
5353	NA	4.9265375
5354	NA	4.7386184
5355	NA	4.955503
5360	NA	4.4050264
5364	NA	4.824637
5365	NA	4.9089293
5366	NA	4.958235
5367	NA	4.303401
5368	NA	4.376794
5371	NA	4.337129
5375	NA	4.9498525
5381	NA	4.7484884
5382	NA	4.9589376
5386	NA	4.779393
5388	NA	4.8666196
5390	NA	4.9260097
5392	NA	4.905021
5394	NA	4.732106
5396	NA	4.733959
5400	NA	4.8415833
5402	NA	4.871607
5403	NA	4.3704333
5408	NA	4.832166
5410	NA	4.9726777
5412	NA	4.6125083
5413	NA	4.6054196
5416	NA	4.6124854
5417	NA	4.964301
5418	NA	4.976412
5421	NA	4.1374516
5422	NA	4.19344
5424	NA	4.2111673
5425	NA	4.1502438
5428	NA	4.8256435
5430	NA	4.60611
5431	NA	4.7744174
5433	NA	4.73785
5438	NA	4.9403186
5441	NA	4.294487
5442	NA	4.494891
5444	NA	4.7109594
5445	NA	4.7953043
5448	NA	4.681747
5450	NA	4.6347375
5451	NA	4.6134443
5452	NA	4.836117
5453	NA	4.7644954
5465	NA	4.7900004
5469	NA	4.605919
5470	NA	4.740937
5472	NA	4.97457
5473	NA	4.788674
5475	NA	4.10361
5479	NA	4.230301
5481	NA	4.8653812
5482	NA	4.9231544
5484	NA	4.885242
5485	NA	4.915233
5486	NA	4.818913
5488	NA	4.8914847
5490	NA	4.7718477
5493	NA	4.5043283
5494	NA	4.7476554
5499	NA	4.92147
5506	NA	4.298677
5508	NA	4.798085
5509	NA	4.807105
5511	NA	4.7206454
5515	NA	4.83246
5516	NA	4.771305
5517	NA	4.9820127
5519	NA	4.7932186
5524	NA	4.4547787
5527	NA	4.8573537
5528	NA	4.940118
5529	NA	4.6468225
5536	NA	4.8087707
5539	NA	4.6820464
5541	NA	4.6870756
5542	NA	4.6775975
5543	NA	4.9040117
5544	NA	4.865316
5547	NA	4.308086
5550	NA	4.3516216
5551	NA	4.451887
5557	NA	4.325249
5559	NA	4.1988554
5562	NA	4.83848
5564	NA	4.949946
5566	NA	4.4699025
5567	NA	4.4677176
5570	NA	4.9437685
5571	NA	4.9383745
5572	NA	4.978915
5573	NA	4.9860315
5574	NA	4.6786366
5576	NA	4.8121014
5577	NA	4.74384
5578	NA	4.7137303
5579	NA	4.8478203
5581	NA	4.921451
5583	NA	4.6698813
5585	NA	4.3639007
5589	NA	4.947956
5590	NA	4.9464755
5592	NA	4.863403
5594	NA	4.744886
5596	NA	4.930652
5597	NA	4.875564
5598	NA	4.70269
5599	NA	4.733529
5600	NA	4.664639
5601	NA	4.4748898
5605	NA	4.629749
5606	NA	4.652528
5611	NA	4.256763
5616	NA	4.910602
5622	NA	4.753506
5625	NA	4.848802
5626	NA	4.926517
5628	NA	4.6073465
5629	NA	4.384918
5630	NA	4.4985743
5631	NA	4.5372915
5635	NA	4.911769
5636	NA	4.9202623
5638	NA	4.730551
5639	NA	4.680122
5644	NA	4.8804145
5648	NA	4.6384683
5649	NA	4.7692704
5650	NA	4.776639
5652	NA	4.972904
5654	NA	4.9675536
5655	NA	4.556287
5658	NA	4.6801414
5660	NA	4.8748336
5661	NA	4.9489293
5662	NA	4.77085
5665	NA	4.59512
5666	NA	4.5109468
5667	NA	4.6727552
5669	NA	4.959709
5670	NA	4.963097
5672	NA	4.9258485
5673	NA	4.8891287
5674	NA	4.888002
5681	NA	4.7426353
5682	NA	4.566676
5684	NA	4.5658536
5685	NA	4.6401176
5686	NA	4.7749267
5688	NA	4.959821
5689	NA	4.9001017
5690	NA	4.878042
5692	NA	4.526384
5699	NA	4.893628
5700	NA	4.5456586
5702	NA	4.651424
5703	NA	4.6956725
5704	NA	4.72958
5705	NA	4.915802
5707	NA	4.8830094
5708	NA	4.8352003
5709	NA	4.776762
5711	NA	4.7872887
5713	NA	4.8643513
5714	NA	4.916251
5715	NA	4.883398
5716	NA	4.898846
5719	NA	4.660792
5720	NA	4.8194532
5721	NA	4.6945143
5723	NA	4.532478
5724	NA	4.9444075
5726	NA	4.9403734
5727	NA	4.541096
5729	NA	4.5001326
5730	NA	4.7200775
5731	NA	4.7679834
5734	NA	4.8040195
5735	NA	4.6329994
5738	NA	4.396158
5743	NA	4.8709064
5746	NA	4.652874
5748	NA	4.768743
5754	NA	4.3131623
5757	NA	4.151027
5759	NA	4.842072
5760	NA	4.92097
5763	NA	4.8819475
5766	NA	4.3738465
5767	NA	4.345259
5769	NA	4.4368277
5771	NA	4.95993
5774	NA	4.7201524
5775	NA	4.666974
5778	NA	4.826375
5780	NA	4.9505315
5782	NA	4.8807154
5783	NA	4.578534
5784	NA	4.469586
5785	NA	4.4195385
5786	NA	4.4829836
5789	NA	4.833938
5790	NA	4.7785416
5793	NA	4.831843
5795	NA	4.7122188
5796	NA	4.9076166
5798	NA	4.7630405
5800	NA	4.8119264
5802	NA	4.598371
5803	NA	4.4068785
5804	NA	4.5916586
5805	NA	4.530965
5807	NA	4.9248734
5808	NA	4.93158
5809	NA	4.8693066
5814	NA	4.321415
5817	NA	4.8560824
5818	NA	4.8733025
5827	NA	4.961737
5830	NA	4.778003
5831	NA	4.9278316
5832	NA	4.888637
5833	NA	4.8674626
5837	NA	4.3540177
5838	NA	4.3849964
5840	NA	4.272213
5843	NA	4.921942
5844	NA	4.882005
5849	NA	4.921942
5854	NA	4.9520073
5856	NA	4.7104077
5858	NA	4.7902594
5862	NA	4.900963
5863	NA	4.9788647
5866	NA	4.6602774
5868	NA	4.7706475
5869	NA	4.623117
5870	NA	4.8109446
5871	NA	4.8796306
5873	NA	4.2736473
5877	NA	4.4551263
5878	NA	4.9442406
5880	NA	4.8939743
5881	NA	4.7425737
5884	NA	4.8056855
5888	NA	4.8954167
5889	NA	4.9272623
5891	NA	3.9509597
5892	NA	4.0806427
5893	NA	4.0066595
5896	NA	4.924058
5897	NA	4.8414874
5903	NA	4.632804
5908	NA	4.9560657
5910	NA	4.3988676
5912	NA	4.397165
5913	NA	4.368474
5915	NA	4.8114076
5916	NA	4.585887
5917	NA	4.749891
5921	NA	3.846737
5925	NA	4.746348
5926	NA	4.64179
5927	NA	3.7914844
5929	NA	3.827189
5932	NA	4.851892
5933	NA	4.8806515
5934	NA	4.817307
5935	NA	4.955055
5939	NA	4.61325
5940	NA	4.7125254
5942	NA	4.969915
5945	NA	4.953627
5946	NA	4.742713
5949	NA	4.8191175
5950	NA	4.7562814
5951	NA	4.745076
5953	NA	4.8279333
5954	NA	4.928649
5957	NA	4.7193027
5958	NA	4.7753134
5959	NA	4.7075977
5961	NA	4.955637
5962	NA	4.6190085
5963	NA	4.9459233
5967	NA	4.497632
5969	NA	4.492352
5971	NA	4.4617586
5972	NA	4.9171453
5973	NA	4.9721155
5974	NA	4.817103
5980	NA	4.8154483
5981	NA	4.7011623
5984	NA	4.912972
5985	NA	4.9613724
5993	NA	4.7402005
5994	NA	4.9294715
5995	NA	4.8959956
5997	NA	4.943284
5998	NA	4.8588133
5999	NA	4.7991514
6002	NA	4.8380833
6003	NA	4.962517
6004	NA	4.9741488
6008	NA	4.6028676
6009	NA	4.61525
6010	NA	4.7215724
6011	NA	4.658895
6012	NA	4.68511
6013	NA	4.6591444
6016	NA	4.795629
6018	NA	4.8680725
6019	NA	4.8411145
6021	NA	4.8991814
6023	NA	4.7274976
6024	NA	4.894131
6025	NA	4.832171
6026	NA	4.914309
6031	NA	4.556398
6033	NA	4.5538664
6034	NA	4.967145
6036	NA	4.9557056
6039	NA	4.6272516
6040	NA	4.627076
6043	NA	4.602476
6046	NA	4.7852755
6048	NA	4.840093
6049	NA	4.510841
6055	NA	4.9280343
6057	NA	4.945356
6058	NA	4.401769
6059	NA	4.3854423
6062	NA	4.37217
6063	NA	4.825061
6064	NA	4.969045
6066	NA	4.963494
6067	NA	4.944967
6069	NA	4.4499364
6070	NA	4.51829
6071	NA	4.47135
6073	NA	4.5159163
6074	NA	4.978018
6076	NA	4.970601
6079	NA	4.8357396
6081	NA	4.7968445
6087	NA	4.6269474
6089	NA	4.783573
6090	NA	4.64471
6091	NA	4.697432
6094	NA	4.9527926
6097	NA	4.615242
6100	NA	4.6089754
6102	NA	4.8756595
6107	NA	4.680323
6110	NA	4.640998
6111	NA	4.6302314
6113	NA	4.6906433
6114	NA	4.9127297
6115	NA	4.9417386
6116	NA	4.9316854
6118	NA	4.9010167
6121	NA	4.919566
6124	NA	4.936361
6125	NA	4.873834
6126	NA	4.9771085
6129	NA	4.826683
6130	NA	4.789425
6132	NA	4.9397187
6134	NA	4.6156526
6138	NA	4.526148
6139	NA	4.486732
6140	NA	4.340786
6141	NA	4.527223
6142	NA	4.4536676
6143	NA	4.881101
6148	NA	4.308328
6149	NA	4.589823
6151	NA	4.5912733
6156	NA	4.1669
6162	NA	4.668014
6163	NA	4.960527
6165	NA	4.726748
6166	NA	4.750442
6167	NA	4.7862544
6168	NA	4.5407495
6172	NA	4.9230256
6173	NA	4.7197847
6177	NA	4.3495893
6181	NA	4.3417478
6182	NA	4.388319
6184	NA	4.971121
6189	NA	4.6106067
6190	NA	4.576246
6192	NA	4.957979
6196	NA	4.586329
6201	NA	4.9501595
6204	NA	4.743398
6207	NA	4.240089
6210	NA	4.305152
6216	NA	4.8554277
6217	NA	4.812577
6220	NA	4.8694906
6221	NA	4.9945526
6222	NA	4.9483275
6223	NA	4.9610643
6226	NA	4.7814946
6227	NA	4.772946
6229	NA	4.768071
6230	NA	4.9318433
6235	NA	4.54778
6237	NA	4.443463
6238	NA	4.5647516
6240	NA	4.7082973
6244	NA	4.63506
6245	NA	4.344777
6247	NA	4.537292
6251	NA	4.798122
6252	NA	4.677851
6254	NA	4.6662364
6255	NA	4.6344185
6256	NA	4.7569103
6257	NA	4.7338333
6260	NA	4.9212008
6261	NA	4.980683
6262	NA	4.8478737
6264	NA	4.605951
6265	NA	4.824828
6268	NA	4.9844275
6269	NA	4.9027333
6270	NA	4.959492
6271	NA	4.912997
6273	NA	4.748977
6274	NA	4.740802
6275	NA	4.6872597
6276	NA	4.7729297
6277	NA	4.932314
6279	NA	4.971447
6281	NA	4.90372
6282	NA	4.735007
6283	NA	4.8138075
6284	NA	4.746716
6285	NA	4.7928405
6289	NA	4.8937507
6294	NA	4.145638
6296	NA	4.018073
6298	NA	4.6334157
6303	NA	4.7274995
6304	NA	4.385401
6312	NA	4.6703854
6314	NA	4.6844397
6320	NA	4.6336904
6322	NA	4.6484995
6323	NA	4.6984596
6324	NA	4.96906
6325	NA	4.933439
6328	NA	4.976441
6329	NA	4.654058
6331	NA	4.600078
6332	NA	4.5790653
6339	NA	4.9694643
6340	NA	4.7691784
6341	NA	4.8050103
6343	NA	4.8369145
6351	NA	4.79087
6352	NA	4.789983
6354	NA	4.8609858
6355	NA	4.925328
6356	NA	4.926085
6361	NA	4.7604237
6364	NA	4.8866506
6365	NA	4.948391
6367	NA	4.949662
6369	NA	4.3083196
6371	NA	4.399498
6374	NA	4.465567
6376	NA	4.554816
6378	NA	4.8258944
6379	NA	4.786353
6380	NA	4.4798007
6383	NA	4.4888678
6384	NA	4.3349943
6388	NA	4.900115
6389	NA	4.9849567
6391	NA	4.2771373
6393	NA	4.4219666
6398	NA	4.8502574
6399	NA	4.4825287
6400	NA	4.478067
6401	NA	4.596124
6403	NA	4.540183
6406	NA	4.9239287
6408	NA	4.876834
6409	NA	4.6116886
6410	NA	4.660603
6413	NA	4.640218
6414	NA	4.6449275
6415	NA	4.7742033
6416	NA	4.8411975
6418	NA	4.9468994
6422	NA	4.5628815
6425	NA	4.6198964
6427	NA	4.961898
6428	NA	4.927453
6430	NA	4.917184
6431	NA	4.5278845
6433	NA	4.5321546
6435	NA	4.589412
6436	NA	4.552242
6437	NA	4.981488
6438	NA	4.7802486
6439	NA	4.957723
6440	NA	4.93895
6441	NA	4.5011206
6442	NA	4.4470654
6445	NA	4.521746
6446	NA	4.8438354
6449	NA	4.6573606
6451	NA	4.7902513
6453	NA	4.81151
6455	NA	4.7598224
6456	NA	4.792077
6457	NA	4.777315
6459	NA	4.945053
6461	NA	4.831214
6462	NA	4.4450297
6464	NA	4.477784
6465	NA	4.32118
6466	NA	4.554973
6472	NA	4.7547464
6473	NA	4.7339134
6474	NA	4.699765
6475	NA	4.6660576
6476	NA	4.717672
6479	NA	4.9230676
6481	NA	4.5395117
6483	NA	4.5892615
6484	NA	4.58439
6485	NA	4.5646257
6486	NA	4.9814863
6487	NA	4.8988
6490	NA	4.3847632
6492	NA	4.441465
6493	NA	4.476605
6494	NA	4.390741
6498	NA	4.950265
6501	NA	4.4916077
6502	NA	4.38295
6503	NA	4.427857
6504	NA	4.4487433
6505	NA	4.431638
6507	NA	4.9384866
6509	NA	4.9542737
6512	NA	4.680804
6515	NA	4.926656
6516	NA	4.958597
6518	NA	4.9675145
6519	NA	4.993003
6520	NA	4.6781683
6522	NA	4.72848
6523	NA	4.699836
6524	NA	4.7104454
6525	NA	4.7351227
6526	NA	4.984082
6528	NA	4.938759
6530	NA	4.9068704
6533	NA	4.8594756
6534	NA	4.7988763
6537	NA	4.910157
6538	NA	4.9300394
6541	NA	4.788709
6542	NA	4.7647557
6547	NA	4.9343076
6551	NA	4.755068
6553	NA	4.6843834
6556	NA	4.7123594
6560	NA	4.642135
6561	NA	4.5996776
6562	NA	4.5594845
6564	NA	4.880981
6570	NA	4.5320063
6571	NA	4.5350623
6573	NA	4.5907683
6574	NA	4.5380898
6581	NA	4.667055
6583	NA	4.7829733
6585	NA	4.762816
6586	NA	4.891869
6587	NA	4.932122
6594	NA	4.7918096
6596	NA	4.932627
6601	NA	4.6900225
6602	NA	4.945776
6608	NA	4.7659965
6609	NA	4.5606704
6611	NA	4.977381
6612	NA	4.9884453
6613	NA	4.97375
6616	NA	4.5938725
6621	NA	4.71604
6622	NA	4.9341364
6623	NA	4.9334598
6624	NA	4.641364
6627	NA	4.477917
6628	NA	4.7022004
6629	NA	4.969538
6630	NA	4.9803357
6633	NA	4.8298545
6636	NA	4.817991
6637	NA	4.8295035
6639	NA	4.827453
6641	NA	4.9611387
6642	NA	4.909718
6643	NA	4.9743333
6645	NA	4.621887
6650	NA	4.6924086
6651	NA	4.9802604
6652	NA	4.9846077
6653	NA	4.914522
6654	NA	4.4069242
6655	NA	4.3618474
6660	NA	4.973643
6661	NA	4.8905926
6662	NA	4.8877363
6663	NA	4.9310117
6666	NA	4.65706
6667	NA	4.5081167
6668	NA	4.6401963
6672	NA	4.9627957
6676	NA	4.6874833
6677	NA	4.664407
6679	NA	4.915431
6680	NA	4.9323297
6681	NA	4.5719757
6682	NA	4.826994
6685	NA	4.776068
6686	NA	4.827196
6689	NA	4.8942785
6690	NA	4.734995
6691	NA	4.450557
6693	NA	4.4648557
6699	NA	4.9881353
6702	NA	4.8245807
6703	NA	4.7925324
6704	NA	4.799223
6706	NA	4.886574
6707	NA	4.980676
6708	NA	4.9419684
6710	NA	4.6414437
6712	NA	4.56255
6713	NA	4.631708
6716	NA	4.7861004
6718	NA	4.934942
6719	NA	4.573367
6722	NA	4.7566257
6724	NA	4.7984586
6726	NA	4.9172335
6727	NA	4.8599734
6730	NA	4.611655
6732	NA	4.575838
6734	NA	4.965376
6737	NA	4.988135
6739	NA	4.645731
6741	NA	4.4937615
6743	NA	4.5722537
6744	NA	4.6548715
6749	NA	4.8027334
6751	NA	4.747623
6753	NA	4.819096
6755	NA	4.986953
6759	NA	4.7341814
6763	NA	4.958291
6767	NA	4.9879265
6774	NA	4.9679785
6776	NA	4.986777
6779	NA	4.733967
6780	NA	4.772312
6782	NA	4.764289
6783	NA	4.9665766
6785	NA	4.9165726
6786	NA	4.9298167
6787	NA	4.422344
6788	NA	4.455303
6790	NA	4.456245
6792	NA	4.790375
6793	NA	4.8048286
6794	NA	4.937259
6795	NA	4.7805114
6796	NA	4.3949494
6797	NA	4.3885174
6798	NA	4.4411254
6801	NA	4.9841223
6803	NA	4.894593
6806	NA	4.545361
6807	NA	4.6031537
6808	NA	4.6505075
6809	NA	4.611387
6811	NA	4.5839686
6815	NA	4.925751
6817	NA	4.6418567
6818	NA	4.7443056
6820	NA	4.7732334
6821	NA	4.802703
6823	NA	4.6848392
6826	NA	4.5775237
6827	NA	4.3922935
6828	NA	4.5220113
6829	NA	4.4452925
6831	NA	4.5788565
6832	NA	4.968559
6835	NA	4.9626617
6836	NA	4.461014
6837	NA	4.432983
6838	NA	4.3339357
6839	NA	4.420091
6841	NA	4.916482
6842	NA	4.7443104
6844	NA	4.9546614
6846	NA	4.383956
6848	NA	4.326649
6850	NA	4.0360208
6852	NA	4.9074044
6853	NA	4.898186
6854	NA	4.851279
6856	NA	4.645826
6858	NA	4.658033
6859	NA	4.6745286
6860	NA	4.7065144
6861	NA	4.9755583
6864	NA	4.919877
6867	NA	4.755868
6871	NA	4.8430285
6872	NA	4.9484534
6873	NA	4.93417
6874	NA	4.6515756
6876	NA	4.66839
6878	NA	4.6964555
6881	NA	4.9566655
6882	NA	4.899438
6883	NA	4.6054397
6886	NA	4.546099
6888	NA	4.983878
6889	NA	4.9732237
6891	NA	4.966753
6892	NA	4.70949
6893	NA	4.708115
6895	NA	4.7651067
6898	NA	4.982929
6900	NA	4.971858
6904	NA	4.8838906
6906	NA	4.9738774
6908	NA	4.944316
6909	NA	4.9633927
6910	NA	4.844366
6911	NA	4.8700814
6915	NA	5.0
6916	NA	4.9018173
6917	NA	4.9833546
6925	NA	4.6816387
6926	NA	4.9725556
6928	NA	4.9621696
6929	NA	4.9548125
6930	NA	4.4405527
6933	NA	4.5151258
6935	NA	4.8819637
6936	NA	4.854563
6937	NA	4.9123774
6938	NA	4.982565
6939	NA	4.994101
6941	NA	4.573973
6943	NA	4.588847
6944	NA	4.596499
6949	NA	4.978556
6951	NA	4.7841754
6952	NA	4.7952414
6953	NA	4.753562
6954	NA	4.7728868
6956	NA	4.8099594
6959	NA	4.9008603
6960	NA	4.8111033
6962	NA	3.9705696
6963	NA	3.735352
6965	NA	4.1591153
6967	NA	3.888713
6972	NA	4.9588246
6973	NA	4.694643
6976	NA	4.69657
6977	NA	4.732416
6984	NA	4.6640344
6985	NA	4.548891
6986	NA	4.6849275
6988	NA	4.936617
6989	NA	4.735563
6990	NA	4.979949
6999	NA	4.804476
7003	NA	4.0719404
7010	NA	4.8143687
7011	NA	4.784835
7012	NA	4.668111
7014	NA	4.837493
7015	NA	4.955891
7017	NA	4.8790402
7023	NA	4.244803
7024	NA	4.2285223
7029	NA	4.9706492
7030	NA	4.6271014
7031	NA	4.5850024
7032	NA	4.6314335
7033	NA	4.7446237
7034	NA	4.5847154
7036	NA	4.3668823
7037	NA	4.8542356
7038	NA	4.9647775
7039	NA	4.9747267
7041	NA	4.5739703
7042	NA	4.63159
7046	NA	4.761157
7047	NA	4.947925
7048	NA	4.98498
7049	NA	4.989647
7050	NA	4.746069
7051	NA	4.766668
7052	NA	4.6509943
7053	NA	4.6751733
7055	NA	4.92909
7057	NA	4.8787055
7059	NA	4.736452
7062	NA	4.721321
7065	NA	4.9162
7067	NA	4.9111004
7068	NA	4.2286816
7069	NA	4.3229823
7071	NA	4.2720294
7072	NA	4.216456
7073	NA	4.9253583
7075	NA	4.964289
7076	NA	4.961012
7078	NA	4.6901484
7079	NA	4.8132105
7080	NA	4.780926
7089	NA	4.5464015
7091	NA	4.562672
7095	NA	4.906422
7096	NA	4.847498
7097	NA	4.6668005
7098	NA	4.6227546
7102	NA	4.9610004
7106	NA	5.0
7107	NA	4.6717143
7109	NA	4.7454605
7111	NA	4.6740794
7112	NA	4.7454605
7113	NA	4.9623938
7114	NA	4.9278717
7115	NA	4.9466677
7117	NA	4.622708
7122	NA	4.9201403
7128	NA	4.882524
7129	NA	4.857748
7130	NA	4.9285145
7131	NA	4.9452486
7132	NA	4.909585
7134	NA	4.9238186
7135	NA	4.8362145
7136	NA	4.8871517
7137	NA	4.806064
7140	NA	4.909032
7141	NA	4.9781065
7142	NA	4.9392886
7146	NA	4.926192
7147	NA	4.5403214
7148	NA	4.5154605
7149	NA	4.574275
7151	NA	4.56836
7152	NA	4.561889
7154	NA	4.97854
7157	NA	4.857895
7158	NA	4.8202047
7159	NA	4.7329698
7160	NA	4.8567586
7162	NA	4.789911
7163	NA	4.973143
7167	NA	4.6530404
7168	NA	4.6454544
7169	NA	4.62466
7170	NA	4.6920824
7171	NA	4.507616
7172	NA	4.6706553
7173	NA	4.9680576
7174	NA	4.9150414
7175	NA	4.9124823
7176	NA	4.941266
7177	NA	4.623533
7178	NA	4.6499467
7179	NA	4.69067
7180	NA	4.6824107
7181	NA	4.7055836
7182	NA	4.91534
7183	NA	4.957159
7184	NA	4.92484
7187	NA	4.370874
7188	NA	4.466533
7190	NA	4.461019
7191	NA	4.4863815
7192	NA	4.4605346
7193	NA	4.9097733
7194	NA	4.895079
7195	NA	4.7757463
7197	NA	4.518731
7198	NA	4.71159
7199	NA	4.674748
7201	NA	4.7291675
7202	NA	4.9459844
7203	NA	4.937179
7206	NA	4.988792
7207	NA	4.7963886
7212	NA	4.8264523
7215	NA	4.9163957
7216	NA	4.8113747
7220	NA	4.697053
7223	NA	4.9270363
7225	NA	4.930232
7227	NA	4.5689793
7231	NA	4.5060177
7232	NA	4.52238
7233	NA	4.892198
7236	NA	4.9896436
7238	NA	4.7482243
7243	NA	4.742514
7244	NA	4.9684076
7245	NA	4.9890594
7247	NA	4.891708
7248	NA	4.915989
7249	NA	4.6309037
7250	NA	4.735411
7251	NA	4.7033024
7253	NA	4.6509023
7254	NA	4.6533456
7255	NA	4.9783874
7256	NA	4.982054
7257	NA	4.947707
7258	NA	4.9389567
7259	NA	4.9657764
7260	NA	4.751192
7261	NA	4.737956
7263	NA	4.772848
7264	NA	4.8034353
7265	NA	4.7874765
7266	NA	4.9741044
7272	NA	4.7579546
7273	NA	4.7514224
7275	NA	4.8782015
7278	NA	4.9791803
7279	NA	4.554219
7282	NA	4.54384
7283	NA	4.5409675
7284	NA	4.9864197
7285	NA	4.989345
7286	NA	4.942427
7288	NA	4.925709
7289	NA	4.0887356
7290	NA	4.2344456
7295	NA	4.9804
7296	NA	4.961739
7297	NA	4.9466224
7299	NA	4.789847
7301	NA	4.8260555
7303	NA	4.8320894
7305	NA	4.981895
7307	NA	4.961425
7308	NA	4.9027896
7310	NA	4.805091
7312	NA	4.8325157
7317	NA	4.967112
7318	NA	4.9694834
7321	NA	4.8739514
7323	NA	4.8938203
7324	NA	4.975597
7325	NA	4.986436
7326	NA	4.9451227
7327	NA	4.792272
7328	NA	4.7215548
7329	NA	4.5638046
7330	NA	4.6221104
7331	NA	4.6872935
7333	NA	4.7752624
7336	NA	4.959753
7337	NA	4.977617
7338	NA	4.941021
7339	NA	4.927393
7341	NA	4.315124
7342	NA	4.3192034
7345	NA	4.3994274
7348	NA	4.969412
7351	NA	4.535095
7354	NA	4.599601
7355	NA	4.5548816
7357	NA	4.8639135
7360	NA	4.8420844
7361	NA	4.458857
7366	NA	4.9039063
7369	NA	4.95214
7373	NA	4.6366434
7376	NA	4.626186
7377	NA	4.9525194
7378	NA	4.7958636
7379	NA	4.798665
7380	NA	4.9346685
7382	NA	4.5488234
7384	NA	4.725357
7385	NA	4.6076093
7387	NA	4.704657
7393	NA	4.458455
7395	NA	4.8818226
7396	NA	4.878131
7400	NA	4.614294
7401	NA	4.3751335
7403	NA	4.5995717
7405	NA	4.9803433
7406	NA	4.8732643
7407	NA	4.813882
7408	NA	4.463614
7409	NA	4.412368
7412	NA	4.390411
7413	NA	4.9087095
7415	NA	4.922061
7421	NA	4.8702455
7424	NA	4.962362
7425	NA	4.918495
7426	NA	4.949345
7429	NA	4.815099
7430	NA	4.8438635
7431	NA	4.79335
7433	NA	4.9440436
7435	NA	4.879406
7436	NA	4.9728994
7439	NA	4.651222
7440	NA	4.7099776
7442	NA	4.966095
7443	NA	4.963343
7447	NA	4.950678
7449	NA	4.558862
7450	NA	4.5022125
7453	NA	4.509913
7456	NA	4.8486543
7458	NA	4.802036
7460	NA	4.3496814
7463	NA	4.3830743
7465	NA	4.4107037
7467	NA	4.983559
7469	NA	4.98329
7473	NA	4.6833544
7478	NA	4.544333
7480	NA	4.826116
7482	NA	4.51201
7484	NA	4.7349353
7488	NA	4.8456764
7489	NA	4.9656987
7490	NA	4.688395
7494	NA	4.765341
7495	NA	4.97079
7498	NA	4.9734488
7500	NA	4.7834716
7502	NA	4.8236613
7510	NA	4.7673063
7512	NA	4.711408
7513	NA	4.7490883
7514	NA	4.78053
7515	NA	4.845535
7517	NA	4.97687
7518	NA	4.9794145
7519	NA	4.6093397
7520	NA	4.5185685
7521	NA	4.62684
7523	NA	4.5692215
7524	NA	4.955636
7528	NA	4.929213
7529	NA	4.658311
7530	NA	4.6369896
7531	NA	4.5216465
7535	NA	4.9474797
7536	NA	4.9730644
7538	NA	4.974256
7540	NA	4.6818233
7552	NA	4.912752
7555	NA	4.943374
7560	NA	4.7300053
7562	NA	4.6305466
7565	NA	4.6979346
7566	NA	4.9704623
7568	NA	4.985917
7570	NA	4.8153358
7571	NA	4.815618
7574	NA	4.8419585
7575	NA	4.928525
7578	NA	4.672793
7579	NA	4.1883883
7584	NA	4.4819627
7585	NA	4.574848
7586	NA	4.8985124
7589	NA	4.9321017
7591	NA	4.5254803
7592	NA	4.6910157
7593	NA	4.669193
7595	NA	4.819227
7596	NA	4.878677
7597	NA	4.6456156
7598	NA	4.918322
7600	NA	4.6962295
7601	NA	4.534405
7602	NA	4.4757876
7604	NA	4.4329095
7605	NA	4.6135874
7607	NA	4.9128356
7610	NA	4.7116175
7614	NA	4.7243075
7615	NA	4.9756837
7617	NA	4.74697
7620	NA	4.5459104
7621	NA	4.37128
7623	NA	4.59239
7624	NA	4.512341
7626	NA	4.9130716
7627	NA	4.9746447
7628	NA	4.990378
7631	NA	4.8279476
7632	NA	4.8224955
7633	NA	4.888477
7635	NA	4.960218
7637	NA	4.9549127
7640	NA	4.6545444
7644	NA	4.7262836
7645	NA	4.711737
7646	NA	4.9896617
7650	NA	4.8157287
7655	NA	4.9331794
7656	NA	4.9356623
7661	NA	4.817419
7663	NA	4.82601
7664	NA	4.7485647
7671	NA	4.6715236
7673	NA	4.6058
7674	NA	4.596783
7676	NA	4.943313
7679	NA	4.94839
7683	NA	4.534203
7684	NA	4.588243
7685	NA	4.5805216
7686	NA	4.9674177
7690	NA	4.6596284
7691	NA	4.674107
7693	NA	4.602332
7694	NA	4.6489296
7695	NA	4.9521365
7696	NA	4.8911676
7698	NA	4.9587903
7704	NA	4.290149
7705	NA	4.263239
7706	NA	4.9809823
7708	NA	4.9900312
7709	NA	4.977223
7710	NA	4.8307695
7713	NA	4.735687
7715	NA	4.9492526
7717	NA	4.9239197
7721	NA	4.814934
7725	NA	4.959623
7727	NA	4.863236
7730	NA	4.3365545
7735	NA	4.936607
7736	NA	4.8397994
7737	NA	4.9230895
7738	NA	4.9073696
7745	NA	4.9151807
7748	NA	4.874148
7749	NA	4.4026823
7750	NA	4.597951
7756	NA	4.9018593
7758	NA	4.971267
7759	NA	4.854153
7761	NA	4.6049695
7762	NA	4.665422
7765	NA	4.584012
7766	NA	4.902586
7767	NA	4.965355
7770	NA	4.7659426
7773	NA	4.57633
7774	NA	4.655292
7775	NA	4.6928997
7783	NA	4.631929
7786	NA	4.926629
7788	NA	4.856232
7789	NA	4.947434
7791	NA	4.411342
7796	NA	4.8689375
7797	NA	4.9747367
7799	NA	4.6358614
7800	NA	4.6103687
7801	NA	4.6716003
7802	NA	4.4775596
7803	NA	4.6354685
7806	NA	4.9684715
7809	NA	4.604632
7812	NA	4.6979594
7814	NA	4.9718795
7815	NA	4.942799
7816	NA	4.98201
7818	NA	4.6090975
7824	NA	4.9319906
7825	NA	4.942801
7826	NA	4.7475266
7827	NA	4.7194457
7828	NA	4.697113
7829	NA	4.6388373
7830	NA	4.6505027
7831	NA	4.925905
7832	NA	4.8612356
7833	NA	4.904953
7835	NA	4.863863
7837	NA	4.8717523
7840	NA	4.97737
7842	NA	4.9464326
7843	NA	4.98359
7845	NA	4.583851
7846	NA	4.5680428
7848	NA	4.5841413
7850	NA	4.9880357
7852	NA	4.987763
7853	NA	4.6099324
7854	NA	4.5984864
7855	NA	4.4441423
7856	NA	4.5833416
7857	NA	4.5740275
7858	NA	4.966178
7860	NA	4.9318895
7862	NA	4.776242
7863	NA	4.7862086
7865	NA	4.8303623
7870	NA	4.9178452
7871	NA	4.98881
7873	NA	4.7428246
7874	NA	4.7086043
7879	NA	4.747825
7880	NA	4.900086
7882	NA	4.4621544
7883	NA	4.694564
7885	NA	4.4463983
7886	NA	4.656352
7894	NA	4.910744
7895	NA	4.914939
7897	NA	4.9125376
7901	NA	4.6724753
7904	NA	4.6831083
7905	NA	4.964878
7907	NA	4.975696
7908	NA	4.991574
7910	NA	4.7645044
7911	NA	4.765703
7913	NA	4.744245
7914	NA	4.7319207
7915	NA	4.7702885
7916	NA	4.844035
7918	NA	4.9391246
7919	NA	4.929543
7920	NA	4.8023505
7922	NA	4.715525
7924	NA	4.867667
7928	NA	4.9851646
7929	NA	4.411641
7930	NA	4.4279947
7931	NA	4.409456
7941	NA	4.4772778
7942	NA	4.419621
7943	NA	4.940548
7944	NA	4.9781303
7945	NA	4.979022
7948	NA	4.533555
7952	NA	4.9542236
7955	NA	4.9108367
7956	NA	4.6234016
7958	NA	4.670897
7960	NA	4.658613
7961	NA	4.954166
7962	NA	4.9646115
7965	NA	4.919735
7968	NA	4.6720614
7969	NA	4.642992
7970	NA	4.691318
7974	NA	4.9816327
7975	NA	4.9622297
7978	NA	4.529846
7979	NA	4.511713
7982	NA	4.974407
7983	NA	4.8742905
7984	NA	4.9836054
7988	NA	4.5773654
7991	NA	4.7088804
7992	NA	4.9253507
7994	NA	4.9698486
8000	NA	4.632614
8001	NA	4.9259505
8003	NA	4.8848805
8004	NA	4.9151077
8007	NA	3.8546677
8008	NA	3.9016519
8009	NA	3.694582
8011	NA	4.9851813
8013	NA	4.9790363
8015	NA	4.4520636
8016	NA	4.490662
8017	NA	4.369449
8019	NA	4.8054576
8020	NA	4.8770075
8022	NA	4.9732814
8023	NA	4.829096
8026	NA	4.777266
8027	NA	4.860313
8030	NA	4.949623
8033	NA	4.586699
8034	NA	4.565472
8035	NA	4.471705
8036	NA	4.5615554
8042	NA	4.6383686
8043	NA	4.748426
8045	NA	4.655015
8046	NA	4.9658747
8048	NA	4.952677
8051	NA	4.6951056
8052	NA	4.7516418
8053	NA	4.748741
8054	NA	4.780377
8056	NA	4.9230514
8061	NA	4.493117
8062	NA	4.4653716
8063	NA	4.5408697
8066	NA	4.9298363
8070	NA	4.812584
8074	NA	4.945487
8075	NA	4.96133
8078	NA	4.556471
8080	NA	4.538215
8081	NA	4.5885406
8082	NA	4.9684114
8083	NA	4.941951
8085	NA	4.949601
8086	NA	4.8433676
8087	NA	4.8822446
8088	NA	4.920437
8097	NA	4.8303185
8098	NA	4.8500223
8099	NA	4.878773
8100	NA	4.864988
8101	NA	4.8632607
8102	NA	4.970335
8103	NA	4.956959
8106	NA	4.5099335
8107	NA	4.5243173
8111	NA	4.977501
8113	NA	4.237773
8114	NA	4.2160983
8115	NA	4.1245894
8116	NA	4.2040567
8117	NA	4.1955686
8118	NA	4.8910437
8123	NA	3.7842185
8125	NA	4.222729
8128	NA	4.9579678
8131	NA	4.6272583
8132	NA	4.6145215
8133	NA	4.4622884
8135	NA	4.5856194
8139	NA	4.982992
8140	NA	4.699737
8142	NA	4.6713123
8144	NA	4.7145705
8146	NA	4.9710765
8148	NA	4.971831
8149	NA	4.642401
8150	NA	4.671725
8151	NA	4.7148256
8153	NA	4.679568
8154	NA	4.8915615
8160	NA	4.4627857
8164	NA	4.966966
8166	NA	4.9916725
8167	NA	4.820054
8169	NA	4.8603034
8170	NA	4.8502955
8171	NA	4.856867
8172	NA	4.883897
8174	NA	4.9641566
8176	NA	4.7407436
8178	NA	4.71439
8181	NA	4.9230523
8182	NA	4.911946
8183	NA	4.8624434
8185	NA	4.781147
8188	NA	4.8765335
8197	NA	4.689599
8198	NA	4.635595
8202	NA	4.944709
8203	NA	4.767581
8204	NA	4.839264
8205	NA	4.820576
8207	NA	4.850438
8208	NA	4.9851475
8209	NA	4.919601
8214	NA	4.6130323
8218	NA	4.7521834
8221	NA	4.464076
8222	NA	4.3734493
8224	NA	4.5040307
8226	NA	4.936826
8229	NA	4.9619083
8231	NA	4.7364388
8232	NA	4.6749744
8234	NA	4.7499123
8235	NA	4.9307184
8236	NA	4.876506
8237	NA	4.870145
8238	NA	4.843152
8239	NA	4.4113765
8240	NA	4.4862647
8241	NA	4.4192705
8242	NA	4.380012
8243	NA	4.491716
8244	NA	4.976843
8245	NA	4.9928865
8250	NA	4.7619367
8252	NA	4.739946
8253	NA	4.9768033
8254	NA	4.957422
8255	NA	4.971955
8256	NA	4.964878
8257	NA	4.860427
8259	NA	4.8296995
8260	NA	4.7702336
8261	NA	4.816696
8262	NA	4.9654894
8265	NA	4.978738
8268	NA	4.6864557
8270	NA	4.6712203
8271	NA	4.9704866
8273	NA	4.858326
8275	NA	4.25296
8278	NA	4.3003693
8279	NA	4.295591
8280	NA	4.8947816
8284	NA	4.7028384
8286	NA	4.623224
8287	NA	4.6479044
8290	NA	4.8689804
8291	NA	4.9242954
8292	NA	4.948482
8293	NA	4.5696983
8295	NA	4.6272464
8297	NA	4.667334
8298	NA	4.5903726
8299	NA	4.9309454
8301	NA	4.9626446
8302	NA	4.6142225
8303	NA	4.791489
8308	NA	4.983091
8309	NA	4.9777575
8310	NA	4.9865837
8311	NA	4.4324555
8315	NA	4.4363604
8318	NA	4.6606526
8319	NA	4.919353
8320	NA	4.1956654
8322	NA	4.041816
8324	NA	4.3790064
8332	NA	4.575136
8337	NA	4.975752
8341	NA	4.6860666
8342	NA	4.7268014
8344	NA	4.979743
8346	NA	4.9829516
8348	NA	4.81413
8350	NA	4.8507943
8353	NA	4.936351
8354	NA	4.977071
8357	NA	4.858848
8359	NA	4.8547287
8361	NA	4.9639335
8364	NA	4.987032
8365	NA	4.7722893
8369	NA	4.7972794
8370	NA	4.9658766
8371	NA	4.811528
8372	NA	4.9544706
8373	NA	4.9303246
8378	NA	4.385841
8380	NA	4.9435
8382	NA	4.955566
8385	NA	4.7340984
8386	NA	4.6713433
8387	NA	4.7148123
8390	NA	4.9748726
8391	NA	4.964649
8392	NA	4.663154
8393	NA	4.654003
8394	NA	4.653692
8395	NA	4.734415
8397	NA	4.9210076
8399	NA	4.906977
8401	NA	4.7088666
8402	NA	4.698996
8403	NA	4.648206
8405	NA	4.755982
8408	NA	4.9614697
8410	NA	4.842501
8411	NA	4.8833857
8413	NA	4.889323
8414	NA	4.8987627
8415	NA	4.916661
8416	NA	4.9269686
8418	NA	4.968115
8420	NA	4.6422696
8422	NA	4.5802407
8423	NA	4.6353345
8427	NA	4.8941565
8428	NA	4.402082
8429	NA	4.407714
8432	NA	4.4336658
8433	NA	4.9491878
8436	NA	4.990659
8438	NA	4.671883
8439	NA	4.538487
8440	NA	4.687354
8442	NA	4.8691144
8443	NA	4.9781485
8445	NA	4.8823156
8447	NA	4.8274026
8448	NA	4.811648
8450	NA	4.9351892
8454	NA	4.9693747
8463	NA	4.972207
8464	NA	4.646159
8465	NA	4.640909
8466	NA	4.550588
8467	NA	4.657221
8468	NA	4.6393533
8472	NA	4.9921713
8473	NA	4.693435
8477	NA	4.679833
8478	NA	4.949842
8480	NA	4.796643
8485	NA	4.4562945
8487	NA	4.895534
8488	NA	4.8188534
8491	NA	4.5401926
8495	NA	4.6298175
8496	NA	4.888774
8497	NA	4.974584
8498	NA	4.891381
8499	NA	4.9763694
8503	NA	4.912475
8508	NA	4.9827633
8509	NA	4.5468564
8510	NA	4.540904
8513	NA	4.5310936
8515	NA	4.949757
8518	NA	4.8508124
8519	NA	4.8433275
8522	NA	4.8749747
8523	NA	4.955473
8526	NA	4.9520845
8527	NA	4.5292397
8531	NA	4.4844975
8533	NA	4.9046507
8534	NA	4.9456997
8535	NA	4.9651647
8539	NA	4.6084323
8540	NA	4.7270155
8542	NA	4.947359
8544	NA	4.9813457
8545	NA	4.7670856
8546	NA	4.727587
8547	NA	4.6381054
8549	NA	4.732594
8550	NA	4.977579
8552	NA	4.9541664
8553	NA	4.9310217
8554	NA	4.839565
8556	NA	4.8454566
8557	NA	4.8257694
8559	NA	4.9635563
8560	NA	4.9544296
8565	NA	4.761681
8568	NA	4.6796227
8570	NA	4.967761
8573	NA	4.7367344
8575	NA	4.663685
8577	NA	4.8585734
8579	NA	4.9757414
8580	NA	4.961422
8583	NA	4.619081
8585	NA	4.6671114
8587	NA	4.9678726
8591	NA	4.6449175
8592	NA	4.6448884
8595	NA	4.9812436
8599	NA	4.5853543
8602	NA	4.7788396
8603	NA	4.7598124
8604	NA	4.960387
8605	NA	4.950532
8612	NA	4.724865
8615	NA	4.9691844
8616	NA	4.9853835
8617	NA	4.7663903
8619	NA	4.7111177
8621	NA	4.7391815
8623	NA	4.6744747
8625	NA	4.862146
8628	NA	4.5152097
8634	NA	4.9510565
8638	NA	4.636776
8640	NA	4.961641
8641	NA	4.987105
8642	NA	4.9303308
8643	NA	4.901254
8644	NA	4.9648566
8648	NA	4.7257195
8650	NA	4.750388
8652	NA	4.9683037
8653	NA	4.9088144
8654	NA	4.8840823
8655	NA	4.749305
8659	NA	4.7483993
8661	NA	4.7832203
8662	NA	4.8935213
8666	NA	4.495395
8667	NA	4.3109856
8670	NA	4.926635
8671	NA	4.958855
8672	NA	4.990964
8673	NA	4.672939
8677	NA	4.6752634
8681	NA	4.9842486
8682	NA	4.3108387
8687	NA	4.9394584
8688	NA	4.974462
8693	NA	4.6463118
8694	NA	4.6804514
8695	NA	4.717335
8698	NA	4.982586
8701	NA	4.8951325
8703	NA	4.8779545
8704	NA	4.909499
8706	NA	4.9828486
8707	NA	4.960346
8710	NA	4.7035265
8711	NA	4.684362
8713	NA	4.699521
8715	NA	4.964253
8717	NA	4.9726224
8718	NA	4.5767803
8720	NA	4.4750695
8721	NA	4.5150437
8722	NA	4.5129595
8723	NA	4.930868
8725	NA	4.845409
8726	NA	4.9817944
8729	NA	4.7299066
8730	NA	4.743255
8731	NA	4.726596
8732	NA	4.902433
8733	NA	4.969286
8734	NA	4.9452176
8735	NA	4.946804
8736	NA	4.79608
8737	NA	4.8073835
8740	NA	4.8898883
8744	NA	4.984008
8745	NA	4.760276
8747	NA	4.8051043
8752	NA	4.901359
8754	NA	4.653892
8755	NA	4.7458305
8758	NA	4.7312493
8761	NA	4.975609
8762	NA	4.9617667
8763	NA	4.61643
8764	NA	4.542766
8765	NA	4.6110272
8769	NA	4.9689417
8770	NA	4.8592806
8771	NA	4.9701467
8772	NA	4.4872723
8773	NA	4.576301
8774	NA	4.4308376
8776	NA	4.5180335
8778	NA	4.990421
8780	NA	4.9215603
8782	NA	4.742153
8785	NA	4.7385736
8788	NA	4.970748
8789	NA	4.984289
8793	NA	4.6685095
8795	NA	4.874334
8797	NA	4.927203
8798	NA	4.8877473
8799	NA	4.7637362
8802	NA	4.7435985
8803	NA	4.7562966
8804	NA	4.864498
8807	NA	4.9803233
8808	NA	4.5040073
8809	NA	4.6703787
8810	NA	4.7670083
8811	NA	4.6865025
8812	NA	4.6683593
8817	NA	4.946865
8818	NA	4.8056946
8819	NA	4.80634
8820	NA	4.7919235
8821	NA	4.8966494
8824	NA	4.9769406
8825	NA	4.989544
8826	NA	4.6401973
8827	NA	4.5740595
8828	NA	4.562103
8829	NA	4.612963
8831	NA	4.949973
8833	NA	4.9620533
8835	NA	4.7557287
8837	NA	4.779989
8839	NA	4.7750206
8840	NA	4.9534597
8843	NA	4.987794
8845	NA	4.5462904
8847	NA	4.584526
8849	NA	4.9437532
8850	NA	4.96807
8851	NA	4.956457
8853	NA	4.888472
8857	NA	4.854347
8860	NA	4.986775
8861	NA	4.995618
8863	NA	4.8472376
8864	NA	4.833689
8865	NA	4.850006
8866	NA	4.8466015
8868	NA	4.885649
8870	NA	4.9596705
8871	NA	4.782962
8872	NA	4.661118
8874	NA	4.653353
8877	NA	4.9648204
8880	NA	4.596189
8881	NA	4.5502706
8882	NA	4.57535
8883	NA	4.6007395
8884	NA	4.5985537
8885	NA	4.9919987
8886	NA	4.9938774
8887	NA	4.8583064
8889	NA	4.655582
8890	NA	4.5699277
8891	NA	4.570472
8893	NA	4.573988
8895	NA	4.9448853
8896	NA	4.9164023
8897	NA	4.963684
8898	NA	4.287931
8899	NA	4.2770624
8900	NA	3.9919345
8904	NA	4.975279
8905	NA	4.974059
8906	NA	4.9567957
8909	NA	4.6741915
8910	NA	4.72008
8911	NA	4.7403765
8912	NA	4.842744
8919	NA	4.679682
8920	NA	4.6243253
8921	NA	4.819606
8922	NA	4.9473653
8923	NA	4.9209065
8925	NA	4.612781
8927	NA	4.6587796
8928	NA	4.6901035
8929	NA	4.723208
8930	NA	4.983513
8931	NA	4.9795327
8933	NA	4.9880033
8935	NA	4.788703
8939	NA	4.9095087
8940	NA	4.9189653
8946	NA	4.502729
8947	NA	4.5154896
8950	NA	4.9518185
8951	NA	4.935828
8953	NA	4.8924203
8954	NA	4.915321
8960	NA	4.9333158
8962	NA	4.6282268
8968	NA	5.0
8969	NA	4.9898767
8970	NA	4.8654475
8971	NA	4.8636913
8974	NA	4.8654475
8975	NA	4.9417706
8979	NA	4.6085005
8981	NA	4.4898024
8984	NA	4.957889
8985	NA	4.9530706
8989	NA	4.8303947
8990	NA	4.8371153
8991	NA	4.7997227
8993	NA	4.975286
8995	NA	4.9656634
8997	NA	4.9686337
9002	NA	4.8465176
9003	NA	4.846235
9004	NA	4.922892
9007	NA	4.985474
9008	NA	4.8204703
9009	NA	4.8584547
9010	NA	4.8643675
9012	NA	4.8742137
9013	NA	4.976231
9016	NA	4.923322
9018	NA	4.767993
9020	NA	4.7323895
9022	NA	4.9444737
9023	NA	4.717853
9025	NA	4.989611
9026	NA	4.3868284
9027	NA	4.4036164
9032	NA	4.936288
9034	NA	4.984349
9042	NA	4.9540715
9043	NA	4.983848
9047	NA	4.8833737
9048	NA	4.8936734
9049	NA	4.97528
9052	NA	4.9816933
9055	NA	4.738439
9057	NA	4.694137
9059	NA	4.9281206
9060	NA	4.8090143
9061	NA	4.9780974
9062	NA	4.712362
9063	NA	4.6640096
9064	NA	4.712371
9065	NA	4.5630727
9072	NA	4.5047765
9076	NA	4.8450694
9079	NA	4.9755135
9081	NA	4.677964
9082	NA	4.678336
9084	NA	4.718053
9087	NA	4.9184756
9088	NA	4.939857
9089	NA	4.370465
9091	NA	4.464792
9092	NA	4.484431
9100	NA	4.706242
9104	NA	4.986896
9105	NA	4.9068336
9107	NA	4.654161
9111	NA	4.684454
9112	NA	4.8247633
9114	NA	4.933193
9115	NA	4.963708
9116	NA	4.6552935
9118	NA	4.750522
9119	NA	4.6445518
9120	NA	4.624466
9121	NA	4.980679
9122	NA	4.977982
9123	NA	4.965801
9124	NA	4.9194827
9128	NA	4.4611063
9130	NA	4.948367
9135	NA	4.850219
9138	NA	4.8770366
9143	NA	4.8425426
9144	NA	4.8642335
9145	NA	4.840263
9149	NA	4.975595
9151	NA	4.9941115
9152	NA	4.6874766
9154	NA	4.755264
9157	NA	4.9550796
9158	NA	4.9453087
9162	NA	4.758531
9163	NA	4.6796527
9164	NA	4.7454133
9165	NA	4.749434
9166	NA	4.9515095
9168	NA	4.976732
9170	NA	4.9189
9173	NA	4.9107842
9174	NA	4.9327044
9175	NA	4.710058
9176	NA	4.773115
9178	NA	4.9168687
9179	NA	4.5355268
9180	NA	4.556309
9182	NA	4.3930335
9190	NA	4.615973
9191	NA	4.577905
9195	NA	4.9569182
9197	NA	4.71048
9199	NA	4.7255306
9201	NA	4.7132487
9202	NA	4.882417
9203	NA	4.97807
9204	NA	4.941091
9205	NA	4.975522
9207	NA	4.738495
9209	NA	4.7374997
9210	NA	4.748324
9214	NA	4.94673
9216	NA	4.454329
9217	NA	4.4580765
9218	NA	4.416612
9219	NA	4.4622145
9220	NA	4.9489098
9221	NA	4.989541
9225	NA	4.3892303
9226	NA	4.3251953
9227	NA	4.362042
9228	NA	4.3679543
9229	NA	4.883333
9231	NA	4.9668593
9232	NA	4.9876933
9234	NA	4.8901353
9237	NA	4.897573
9243	NA	4.645636
9244	NA	4.668415
9245	NA	4.6982265
9246	NA	4.6898713
9248	NA	4.959449
9251	NA	4.277747
9252	NA	4.277279
9253	NA	4.303704
9256	NA	4.9808087
9257	NA	4.988669
9258	NA	4.9728303
9260	NA	4.77164
9261	NA	4.7402186
9263	NA	4.7768283
9265	NA	4.9776554
9266	NA	4.988156
9267	NA	4.6152472
9268	NA	4.9887733
9270	NA	4.6383657
9271	NA	4.5774436
9276	NA	4.9357033
9277	NA	4.9747314
9278	NA	4.7186418
9279	NA	4.7769976
9282	NA	4.767248
9283	NA	4.946545
9286	NA	4.976357
9289	NA	4.746434
9290	NA	4.7598186
9291	NA	4.782129
9294	NA	4.9459352
9296	NA	4.654687
9298	NA	4.554894
9301	NA	4.983043
9302	NA	4.9676895
9304	NA	4.8940988
9306	NA	4.371883
9310	NA	4.9274015
9311	NA	4.899296
9312	NA	4.861642
9316	NA	4.424839
9317	NA	4.2503853
9318	NA	4.3211045
9320	NA	4.87871
9321	NA	4.945824
9322	NA	4.971312
9324	NA	4.5588994
9325	NA	4.5396934
9331	NA	4.995739
9332	NA	4.987148
9333	NA	4.995579
9334	NA	4.8667207
9339	NA	4.969995
9340	NA	4.975104
9341	NA	4.9353523
9345	NA	4.618273
9346	NA	4.5745687
9347	NA	4.6057916
9348	NA	4.9524455
9352	NA	4.539601
9353	NA	4.4513855
9355	NA	4.4976597
9357	NA	4.922489
9358	NA	4.9835434
9360	NA	4.9284673
9363	NA	4.419392
9364	NA	4.5993676
9365	NA	4.601284
9366	NA	4.978293
9372	NA	4.7416186
9376	NA	4.8459554
9378	NA	4.984831
9379	NA	4.2418494
9381	NA	4.221099
9382	NA	4.230011
9383	NA	4.2439656
9384	NA	4.880723
9390	NA	4.198252
9392	NA	4.253193
9396	NA	4.943609
9397	NA	4.773309
9398	NA	4.789282
9399	NA	4.7213907
9403	NA	4.8515944
9404	NA	4.937252
9405	NA	4.979757
9406	NA	4.5253644
9409	NA	4.508106
9410	NA	4.4825926
9411	NA	4.926162
9415	NA	4.632371
9416	NA	4.702496
9417	NA	4.7385197
9418	NA	4.6253395
9419	NA	4.6579356
9420	NA	4.9708257
9421	NA	4.9952006
9422	NA	4.9488196
9428	NA	4.8080454
9429	NA	4.890942
9432	NA	4.9614453
9440	NA	4.990444
9441	NA	4.9755507
9443	NA	4.7372193
9446	NA	4.7844267
9450	NA	4.9722924
9454	NA	4.6393747
9458	NA	4.9225464
9459	NA	4.9554605
9460	NA	4.9513817
9463	NA	4.593492
9464	NA	4.571193
9466	NA	4.5930395
9468	NA	4.989009
9470	NA	4.878739
9472	NA	4.5542603
9474	NA	4.463748
9476	NA	4.9634495
9477	NA	4.947721
9478	NA	4.25287
9479	NA	4.910721
9480	NA	4.1357718
9481	NA	4.718018
9483	NA	4.7781167
9484	NA	4.7858205
9485	NA	4.9576707
9486	NA	4.8026304
9487	NA	4.824601
9491	NA	4.6439834
9494	NA	4.931027
9498	NA	4.476351
9501	NA	4.4073377
9503	NA	4.9875183
9505	NA	4.875617
9507	NA	4.663077
9508	NA	4.594687
9509	NA	4.596432
9511	NA	4.61696
9513	NA	4.9692826
9514	NA	4.933422
9518	NA	4.7028103
9519	NA	4.728308
9520	NA	4.7498035
9521	NA	4.8464046
9522	NA	4.8570156
9523	NA	4.8208523
9527	NA	4.604259
9528	NA	4.6114683
9533	NA	4.9212847
9534	NA	4.606948
9536	NA	4.498285
9539	NA	4.9378967
9543	NA	4.6692104
9546	NA	4.682716
9547	NA	4.645258
9548	NA	4.7850127
9550	NA	4.9566503
9552	NA	4.83495
9553	NA	4.7696147
9559	NA	4.955069
9560	NA	4.9459777
9564	NA	4.7579966
9566	NA	4.85589
9568	NA	4.9672413
9573	NA	4.6027713
9575	NA	4.898576
9582	NA	4.7063017
9585	NA	4.9116087
9586	NA	4.94658
9587	NA	4.9581013
9588	NA	4.8789315
9589	NA	4.2575364
9590	NA	4.307775
9595	NA	4.563878
9596	NA	4.9277616
9597	NA	4.881292
9598	NA	4.987447
9601	NA	4.6133366
9603	NA	4.5135174
9606	NA	4.9670544
9608	NA	4.715928
9611	NA	4.72589
9612	NA	4.723816
9613	NA	4.9650426
9614	NA	4.9569454
9618	NA	4.488019
9619	NA	4.5075545
9620	NA	4.548759
9621	NA	4.5423384
9622	NA	4.9742446
9625	NA	4.982885
9626	NA	4.7523756
9628	NA	4.751666
9629	NA	4.7440367
9630	NA	4.764963
9633	NA	4.972056
9634	NA	4.981627
9637	NA	4.893703
9640	NA	4.8995137
9642	NA	4.937779
9647	NA	4.530075
9648	NA	4.485364
9649	NA	4.5189095
9652	NA	4.977803
9654	NA	4.947063
9655	NA	4.6927567
9658	NA	4.7325177
9660	NA	4.9406004
9661	NA	4.9763355
9663	NA	4.9592733
9664	NA	4.9155293
9670	NA	4.9944625
9671	NA	4.9568524
9672	NA	4.9918585
9673	NA	4.630454
9674	NA	4.634915
9679	NA	4.986353
9681	NA	4.9824295
9682	NA	4.5858784
9683	NA	4.5406466
9685	NA	4.5526404
9686	NA	4.5653973
9688	NA	4.897318
9690	NA	4.767489
9693	NA	4.5835776
9696	NA	4.9464417
9705	NA	4.9577994
9707	NA	4.993582
9711	NA	4.844912
9712	NA	4.787102
9714	NA	4.984598
9716	NA	4.7908483
9724	NA	4.9507294
9725	NA	4.974367
9727	NA	4.628956
9728	NA	4.570866
9729	NA	4.624167
9732	NA	4.8807592
9734	NA	4.987507
9735	NA	4.988932
9737	NA	4.6118884
9739	NA	4.5783634
9740	NA	4.613504
9741	NA	4.9609604
9742	NA	4.982272
9743	NA	4.989308
9750	NA	4.9837017
9751	NA	4.992422
9754	NA	4.6600266
9755	NA	4.684142
9756	NA	4.704404
9761	NA	4.3840566
9762	NA	4.2306094
9767	NA	4.4548182
9768	NA	4.32493
9772	NA	4.085432
9775	NA	4.704109
9777	NA	4.2005053
9779	NA	3.7280903
9781	NA	4.7592545
9782	NA	3.3963592
9783	NA	4.3569775
9785	NA	4.0509887
9787	NA	4.0792084
9790	NA	4.277683
9791	NA	4.286294
9792	NA	4.500314
9793	NA	4.2084465
9794	NA	4.3076544
9796	NA	4.2109566
9797	NA	4.391963
9798	NA	4.571202
9802	NA	4.478059
9804	NA	4.2313714
9807	NA	4.1306806
9808	NA	4.197477
9809	NA	4.2844214
9810	NA	4.141005
9812	NA	3.6899405
9813	NA	4.5323076
9818	NA	4.3127475
9819	NA	4.4796557
9823	NA	3.7205474
9824	NA	3.9478924
9826	NA	4.0390744
9828	NA	4.577467
9830	NA	4.503959
9831	NA	4.074892
9832	NA	4.219085
9833	NA	4.360019
9834	NA	3.872325
9835	NA	4.11747
9837	NA	4.5178022
9842	NA	4.429267
9845	NA	3.2267935
9848	NA	3.9337487
9849	NA	4.4025674
9850	NA	4.039686
9852	NA	4.4852448
9854	NA	4.245554
9855	NA	4.249121
9857	NA	4.041493
9858	NA	4.4477644
9861	NA	4.3746533
9862	NA	4.138082
9865	NA	4.1520877
9866	NA	4.2825384
9867	NA	4.329315
9871	NA	3.7785306
9872	NA	4.240716
9873	NA	3.9087393
9881	NA	4.4377747
9883	NA	3.9645689
9887	NA	4.1724753
9888	NA	4.1357126
9890	NA	4.4285517
9891	NA	4.0110393
9892	NA	4.2940826
9894	NA	4.2498784
9896	NA	4.1805778
9898	NA	3.970811
9899	NA	3.8162801
9901	NA	4.570035
9902	NA	4.3061814
9906	NA	4.181297
9908	NA	4.5782275
9909	NA	4.286372
9910	NA	4.1037545
9913	NA	3.9428651
9917	NA	4.3779874
9918	NA	3.9967463
9920	NA	3.7941768
9923	NA	4.545648
9924	NA	4.5415297
9925	NA	4.307601
9928	NA	4.001438
9929	NA	4.0877795
9930	NA	4.391438
9932	NA	4.3853765
9933	NA	4.107087
9937	NA	4.0356717
9941	NA	4.250846
9944	NA	3.6177227
9945	NA	4.202314
9946	NA	4.186452
9950	NA	4.3535013
9952	NA	3.9739408
9953	NA	4.481121
9954	NA	4.2852817
9956	NA	3.9172456
9957	NA	3.813325
9958	NA	4.1858325
9959	NA	4.218819
9961	NA	4.190443
9962	NA	4.291258
9964	NA	3.9779904
9965	NA	4.088032
9966	NA	3.9862926
9969	NA	4.289443
9970	NA	4.2447567
9971	NA	4.331102
9972	NA	4.089548
9977	NA	3.9861963
9978	NA	3.894495
9979	NA	4.1973
9986	NA	4.1162806
9987	NA	4.2993207
9989	NA	4.3040013
9990	NA	4.247715
9991	NA	4.391095
9992	NA	3.9815984
9994	NA	4.0003457
9995	NA	3.918028
9996	NA	3.8157566
