pair_ID	entailment_judgment	relatedness_score
6	NA	3.392997
7	NA	3.5732915
8	NA	3.5030315
10	NA	4.4386864
11	NA	4.445223
13	NA	3.533651
15	NA	3.0756073
16	NA	2.6992998
17	NA	2.6885564
19	NA	4.4176574
20	NA	4.2443924
21	NA	4.466095
22	NA	4.350937
23	NA	4.2747717
27	NA	3.358466
29	NA	3.66782
31	NA	4.1455946
32	NA	4.3134327
33	NA	4.3148484
34	NA	4.066478
36	NA	3.2972853
37	NA	3.8647797
38	NA	3.7923064
39	NA	3.8942146
41	NA	4.229564
43	NA	4.4544168
46	NA	3.6866612
48	NA	3.1250033
50	NA	3.6290634
51	NA	3.6341193
52	NA	4.3625093
53	NA	4.290106
54	NA	4.231717
57	NA	3.4926033
59	NA	3.5980964
60	NA	3.5010047
61	NA	3.185158
63	NA	4.3515754
64	NA	4.0120416
66	NA	4.1827
67	NA	4.2431617
68	NA	4.1037207
69	NA	4.0653358
71	NA	4.1069875
74	NA	4.3463664
75	NA	4.440202
76	NA	4.2980614
80	NA	3.081831
86	NA	3.2217999
89	NA	4.373098
92	NA	3.2763207
95	NA	3.4394255
96	NA	2.99898
101	NA	4.4216104
102	NA	4.018934
103	NA	3.6208048
104	NA	3.67704
106	NA	3.6676643
108	NA	4.1183834
109	NA	3.611616
110	NA	4.306484
111	NA	4.2250185
114	NA	2.844256
115	NA	2.61552
118	NA	4.2838755
121	NA	4.445393
123	NA	3.5894437
125	NA	3.679812
128	NA	3.6514328
132	NA	4.2577443
134	NA	4.0897717
135	NA	3.5066094
137	NA	3.487822
138	NA	3.5219052
142	NA	4.167825
143	NA	3.9358275
144	NA	3.3961341
145	NA	2.4785004
147	NA	3.0833645
149	NA	4.3389935
151	NA	4.264035
152	NA	3.8013542
153	NA	4.171686
154	NA	3.7551098
155	NA	4.186038
156	NA	4.1502447
157	NA	4.396657
158	NA	4.462004
160	NA	4.182258
162	NA	3.9258623
165	NA	4.0353303
166	NA	4.0174026
167	NA	4.2585344
168	NA	4.142353
169	NA	4.438138
171	NA	4.4254594
172	NA	4.07709
174	NA	4.014239
175	NA	4.057674
177	NA	3.9971309
178	NA	4.31931
179	NA	4.052242
180	NA	4.4352164
181	NA	4.275962
182	NA	4.3080416
187	NA	3.4113412
189	NA	3.397086
190	NA	3.4694006
191	NA	4.2232895
193	NA	4.384369
195	NA	4.0118794
196	NA	3.9397585
198	NA	3.720959
199	NA	3.9490206
203	NA	4.232804
204	NA	3.8026898
206	NA	3.890752
207	NA	3.8164485
208	NA	3.963191
209	NA	4.3363304
210	NA	3.923118
212	NA	4.1343293
213	NA	3.2260807
214	NA	3.3872516
220	NA	4.095967
221	NA	4.365804
222	NA	4.5
229	NA	4.3703885
230	NA	3.7601058
231	NA	4.3706603
235	NA	3.14368
239	NA	3.2054472
242	NA	4.236708
243	NA	4.3328047
244	NA	4.2987804
245	NA	4.4156537
246	NA	3.898079
247	NA	3.9966125
250	NA	4.0319514
251	NA	3.847278
252	NA	4.003225
255	NA	4.437357
261	NA	3.8320425
262	NA	4.256434
263	NA	4.2830515
264	NA	4.2903786
267	NA	3.6905181
268	NA	3.597205
270	NA	3.4126492
271	NA	3.918099
274	NA	4.3906584
275	NA	4.0572143
278	NA	3.659687
281	NA	3.355674
282	NA	4.332053
284	NA	4.0158525
288	NA	3.6244283
290	NA	3.6627035
292	NA	3.8860588
294	NA	4.3142433
295	NA	3.538003
297	NA	3.5187628
298	NA	3.5101333
299	NA	3.5680852
300	NA	4.3334527
306	NA	3.3835757
307	NA	3.4126198
308	NA	3.405499
314	NA	4.3951626
316	NA	3.6880744
318	NA	3.7935336
319	NA	3.7869513
320	NA	3.7068307
321	NA	3.7388866
322	NA	4.449067
324	NA	3.9288833
325	NA	3.5317473
326	NA	3.533251
328	NA	3.0830019
330	NA	3.0784557
334	NA	4.413511
336	NA	3.7829833
337	NA	3.4934585
343	NA	4.197123
345	NA	3.696919
348	NA	3.711198
349	NA	3.8756695
350	NA	3.9207847
352	NA	4.2683773
353	NA	4.408038
355	NA	3.8427002
356	NA	3.5382042
357	NA	3.892951
359	NA	3.4367626
364	NA	4.2486987
365	NA	4.3703947
368	NA	4.0574193
369	NA	4.060523
371	NA	4.3759866
376	NA	3.8334165
383	NA	4.1793756
385	NA	4.335001
386	NA	3.974085
388	NA	4.161855
389	NA	4.125498
399	NA	3.8186312
400	NA	3.8956833
401	NA	3.8916485
405	NA	4.2364054
406	NA	2.6811094
407	NA	2.737446
408	NA	3.212068
411	NA	4.355303
412	NA	3.9690504
414	NA	4.234424
416	NA	3.8459277
418	NA	3.8570535
419	NA	4.0904446
420	NA	3.9653645
421	NA	3.956855
424	NA	4.1184497
425	NA	3.920067
426	NA	4.387159
429	NA	4.2053113
430	NA	3.9921825
431	NA	4.129307
432	NA	4.148503
433	NA	4.208478
437	NA	3.3876872
443	NA	4.0985665
444	NA	4.3163347
445	NA	3.8209717
448	NA	3.9339738
452	NA	3.8650973
453	NA	4.2744365
455	NA	3.8002717
456	NA	3.8666694
458	NA	3.3856628
459	NA	3.639701
460	NA	3.7292447
463	NA	4.150024
464	NA	4.2831097
466	NA	4.235478
467	NA	3.749577
468	NA	3.5607152
469	NA	4.278682
471	NA	3.8671498
472	NA	3.7618484
474	NA	4.109879
478	NA	3.4359283
479	NA	3.386401
480	NA	3.3565981
481	NA	3.5989952
482	NA	4.440463
483	NA	3.7232594
487	NA	4.1545258
488	NA	3.9873526
490	NA	4.0756874
492	NA	4.2345057
493	NA	4.1359816
495	NA	4.093306
498	NA	3.7874815
501	NA	3.6039057
502	NA	4.274707
503	NA	4.2721224
504	NA	4.0253353
509	NA	3.641986
510	NA	3.5287213
511	NA	3.4666915
512	NA	3.656242
517	NA	4.0511866
518	NA	4.4443736
519	NA	4.4421883
521	NA	3.7972133
523	NA	3.6297917
525	NA	3.433681
532	NA	4.292675
533	NA	4.165988
534	NA	4.0030355
536	NA	3.7621152
537	NA	3.9993632
539	NA	4.0062785
540	NA	4.0431294
543	NA	4.247964
544	NA	4.359356
546	NA	4.343461
547	NA	3.6385849
549	NA	3.5599096
553	NA	3.7885203
554	NA	4.3795176
558	NA	4.4369006
559	NA	4.345125
562	NA	3.6044917
563	NA	3.62367
566	NA	3.5796847
567	NA	4.406136
569	NA	4.2808957
571	NA	4.130861
572	NA	4.3458247
573	NA	3.9733953
574	NA	3.802347
575	NA	4.0703917
576	NA	4.0030513
577	NA	4.1416554
578	NA	3.9881454
579	NA	4.130017
580	NA	4.431057
582	NA	4.4270663
583	NA	4.1984434
584	NA	4.388607
585	NA	3.9814713
589	NA	4.1657214
590	NA	4.211059
591	NA	4.3902884
593	NA	4.303292
594	NA	4.3124857
595	NA	3.8781168
596	NA	3.6359353
598	NA	3.7023127
600	NA	4.458135
602	NA	3.9278674
607	NA	3.6698947
608	NA	3.7067957
610	NA	3.414489
612	NA	3.7815568
613	NA	4.4652615
614	NA	4.3299274
615	NA	4.290775
616	NA	3.9631195
618	NA	3.8265636
620	NA	3.2084281
623	NA	3.5409763
624	NA	3.590845
627	NA	4.1705565
633	NA	3.7177577
635	NA	3.8001432
636	NA	3.7050786
639	NA	4.461376
640	NA	4.1650906
642	NA	4.329052
644	NA	3.502594
652	NA	4.3801694
654	NA	3.9307723
656	NA	4.3229957
658	NA	3.8225398
659	NA	3.8018599
662	NA	3.8218787
664	NA	3.8899105
665	NA	4.393424
666	NA	4.145076
667	NA	4.3141637
669	NA	4.1539984
670	NA	3.7040796
673	NA	3.6241155
674	NA	3.5691612
675	NA	3.4113593
677	NA	4.399722
681	NA	4.26966
682	NA	3.792609
683	NA	3.8294506
684	NA	3.5226693
686	NA	3.776649
688	NA	3.812522
694	NA	4.1040244
695	NA	3.9278033
700	NA	3.9365792
701	NA	3.9613583
705	NA	3.7886083
706	NA	3.6384287
707	NA	3.6537864
708	NA	3.0611413
710	NA	3.3470647
711	NA	3.3482912
712	NA	3.4984536
713	NA	4.3610206
714	NA	3.9389393
716	NA	4.327742
719	NA	2.9522812
720	NA	2.9510493
721	NA	2.5557175
724	NA	3.1111465
726	NA	4.3110585
739	NA	4.423984
740	NA	3.7861416
742	NA	4.214647
743	NA	3.421281
744	NA	3.2020097
750	NA	3.8951144
751	NA	3.60087
753	NA	4.366773
755	NA	3.8673122
756	NA	3.7424495
758	NA	4.0360456
763	NA	4.123253
767	NA	3.619741
770	NA	3.5405529
771	NA	3.6997826
773	NA	4.3946247
775	NA	4.330591
776	NA	3.4583457
778	NA	3.4191558
779	NA	3.6270263
781	NA	4.2645564
782	NA	4.2205653
786	NA	3.996421
787	NA	3.4639673
788	NA	3.3642287
790	NA	3.4654999
794	NA	4.4204717
795	NA	4.365995
798	NA	4.0493145
800	NA	3.1614842
801	NA	3.8255725
803	NA	3.5812886
805	NA	4.1328206
806	NA	4.4026184
807	NA	4.048015
808	NA	4.2095585
809	NA	4.066092
810	NA	3.5287716
814	NA	3.3705447
815	NA	3.4806066
817	NA	4.3769865
818	NA	4.3321776
819	NA	4.2030106
821	NA	3.2132785
823	NA	3.001852
826	NA	3.0029302
828	NA	4.39189
829	NA	4.3066664
832	NA	4.212768
833	NA	3.5513244
834	NA	3.5808861
835	NA	3.618621
837	NA	3.7270763
838	NA	3.795037
840	NA	4.1307726
842	NA	4.2155128
843	NA	4.3749614
847	NA	3.842441
849	NA	3.8654003
850	NA	3.8662567
853	NA	4.2513156
854	NA	3.6905804
856	NA	4.454332
861	NA	3.3535576
863	NA	3.8977544
865	NA	4.1332192
871	NA	3.6309862
875	NA	4.00688
877	NA	4.318889
884	NA	3.0004535
885	NA	3.434952
886	NA	3.3304262
890	NA	4.1700196
891	NA	3.6119976
894	NA	3.9931886
896	NA	3.6806076
897	NA	3.3612492
900	NA	4.3298445
901	NA	4.328354
903	NA	4.2079954
905	NA	3.8464758
907	NA	3.829651
911	NA	3.8755546
912	NA	4.42349
914	NA	4.305004
916	NA	4.155126
918	NA	2.7755952
919	NA	2.8888183
921	NA	2.9545562
923	NA	4.12453
924	NA	4.226376
925	NA	3.569839
926	NA	4.1523724
928	NA	3.4887373
929	NA	3.674773
930	NA	4.151589
934	NA	4.427346
937	NA	4.4444966
938	NA	4.1790905
939	NA	4.045474
941	NA	3.6564026
942	NA	3.8133044
946	NA	3.6258094
951	NA	3.6594603
952	NA	4.079913
954	NA	3.0598361
955	NA	3.734371
958	NA	3.4798524
964	NA	4.213765
965	NA	4.302352
966	NA	3.6246095
968	NA	3.417107
969	NA	3.6146007
971	NA	3.7743738
972	NA	3.5902765
974	NA	4.255581
976	NA	4.411712
977	NA	4.3949423
981	NA	2.8288825
982	NA	3.3580973
983	NA	3.155813
986	NA	4.4374504
990	NA	4.4801483
992	NA	3.8529274
993	NA	3.7482028
995	NA	3.7110264
997	NA	3.6492963
999	NA	4.4215713
1001	NA	4.4185853
1003	NA	3.56141
1005	NA	3.76749
1006	NA	3.7347033
1011	NA	4.392389
1012	NA	3.5130107
1013	NA	4.2347717
1014	NA	3.775738
1015	NA	3.5443788
1017	NA	3.711134
1020	NA	3.7559037
1023	NA	4.197073
1024	NA	4.270573
1025	NA	4.105057
1027	NA	3.587103
1030	NA	3.9331636
1032	NA	4.4477754
1034	NA	3.875146
1035	NA	4.3556676
1036	NA	4.2950864
1040	NA	3.4040017
1041	NA	3.109147
1042	NA	2.995505
1051	NA	3.5207076
1056	NA	3.5018327
1058	NA	4.272101
1059	NA	4.3679605
1060	NA	4.3329344
1062	NA	4.3190064
1063	NA	4.247393
1066	NA	3.785322
1067	NA	3.8812256
1070	NA	3.8718216
1071	NA	4.4220123
1072	NA	3.8906767
1073	NA	4.4287014
1075	NA	4.295367
1077	NA	4.0334234
1078	NA	4.1422315
1079	NA	4.1593413
1081	NA	4.191097
1085	NA	4.474197
1086	NA	4.349976
1089	NA	4.04387
1098	NA	4.202382
1100	NA	2.7146494
1101	NA	2.6762345
1103	NA	2.8591428
1106	NA	4.4334188
1107	NA	4.3427224
1110	NA	4.1582584
1113	NA	2.8284357
1114	NA	2.929636
1116	NA	2.8285718
1121	NA	4.1262393
1123	NA	4.3054066
1124	NA	3.9662087
1126	NA	4.3794856
1127	NA	4.4131303
1130	NA	4.2088594
1131	NA	4.5
1132	NA	3.6291084
1134	NA	3.7888274
1136	NA	3.8497593
1138	NA	3.7888274
1139	NA	4.0016303
1140	NA	3.8178577
1141	NA	4.3784657
1142	NA	4.157068
1143	NA	3.1550484
1144	NA	3.172794
1146	NA	2.748226
1148	NA	4.130565
1150	NA	4.2976284
1151	NA	4.0066457
1152	NA	4.0636616
1156	NA	4.327784
1158	NA	4.2965627
1159	NA	4.3032765
1160	NA	4.3441358
1163	NA	3.945594
1164	NA	3.9686167
1166	NA	4.2054543
1168	NA	4.2033157
1171	NA	3.860793
1172	NA	4.098844
1173	NA	3.9072843
1174	NA	4.372925
1176	NA	4.3235946
1181	NA	2.995048
1183	NA	2.850778
1185	NA	4.4041
1186	NA	4.297684
1187	NA	4.36176
1189	NA	4.1710367
1197	NA	4.101659
1198	NA	4.248447
1199	NA	3.750023
1201	NA	3.7174742
1203	NA	3.7048683
1204	NA	3.8838778
1208	NA	4.333339
1209	NA	4.3898077
1210	NA	3.425336
1211	NA	3.394339
1216	NA	4.161327
1217	NA	4.1272388
1218	NA	4.0117364
1220	NA	3.3191814
1223	NA	3.5397851
1224	NA	4.39382
1225	NA	4.0152907
1226	NA	4.2911167
1229	NA	3.5086613
1231	NA	3.6018984
1233	NA	3.9190733
1234	NA	4.180527
1235	NA	3.8891644
1238	NA	4.176182
1243	NA	4.042978
1245	NA	4.0162416
1247	NA	3.5649865
1250	NA	3.937991
1252	NA	3.874813
1253	NA	4.224332
1254	NA	3.9923363
1256	NA	3.3033667
1257	NA	3.1604207
1258	NA	3.0320134
1260	NA	4.2874155
1261	NA	4.39978
1262	NA	4.1359363
1263	NA	3.406062
1264	NA	3.616474
1265	NA	3.1537135
1267	NA	2.9927707
1269	NA	3.6724806
1272	NA	4.3468533
1277	NA	3.2935479
1278	NA	3.7852843
1279	NA	3.8016107
1281	NA	3.8664017
1285	NA	4.0214496
1286	NA	3.7146585
1288	NA	4.030164
1289	NA	4.3773108
1290	NA	4.306139
1295	NA	4.1562066
1296	NA	3.9938307
1298	NA	4.165323
1299	NA	3.5464983
1300	NA	3.9866197
1301	NA	4.2287602
1304	NA	4.0320377
1306	NA	3.3458705
1307	NA	3.93259
1309	NA	4.14647
1310	NA	4.1296425
1312	NA	4.169958
1313	NA	2.6069255
1314	NA	2.3714056
1315	NA	2.702308
1316	NA	2.5608087
1320	NA	4.5
1322	NA	3.0270143
1323	NA	4.5
1324	NA	3.8278227
1325	NA	2.9387968
1327	NA	4.2141833
1330	NA	4.3032327
1331	NA	4.4119034
1332	NA	4.344249
1334	NA	4.2883444
1337	NA	4.0337863
1338	NA	3.8661005
1339	NA	4.0706277
1340	NA	4.1101365
1343	NA	3.8634639
1347	NA	3.9527655
1348	NA	4.2659717
1349	NA	4.186974
1351	NA	4.4035673
1353	NA	4.1314745
1356	NA	3.9697769
1357	NA	4.260106
1360	NA	4.0114293
1362	NA	3.8238351
1363	NA	4.0320325
1364	NA	3.702341
1366	NA	3.8253222
1367	NA	4.2517004
1369	NA	3.9592297
1370	NA	4.3601665
1374	NA	3.752273
1375	NA	4.12055
1377	NA	4.3886924
1382	NA	3.9968784
1383	NA	4.0032077
1391	NA	2.8543725
1392	NA	2.919871
1393	NA	2.9002068
1394	NA	4.131739
1395	NA	4.1734753
1397	NA	3.7181149
1398	NA	3.9468274
1401	NA	4.308086
1402	NA	4.1200533
1406	NA	4.293486
1411	NA	3.4334283
1413	NA	4.350138
1416	NA	4.191716
1418	NA	3.8442907
1420	NA	3.9464087
1422	NA	4.0408497
1423	NA	4.1807194
1424	NA	4.3500447
1425	NA	2.9793756
1426	NA	3.051754
1428	NA	3.1315413
1430	NA	4.1749096
1433	NA	3.9983213
1436	NA	3.9395452
1437	NA	4.1288958
1439	NA	4.0055327
1440	NA	3.6980505
1441	NA	3.8679438
1442	NA	4.137451
1445	NA	3.369595
1447	NA	3.7831016
1449	NA	3.9712408
1450	NA	4.4280944
1451	NA	4.185683
1452	NA	3.5481288
1454	NA	3.6644473
1456	NA	3.541472
1457	NA	4.2396393
1459	NA	3.5559447
1460	NA	3.9484026
1462	NA	2.8988094
1465	NA	3.012395
1468	NA	4.4047074
1471	NA	3.0170195
1472	NA	3.583709
1475	NA	3.8369982
1477	NA	4.3780932
1478	NA	4.3867183
1485	NA	4.296495
1490	NA	3.6559448
1491	NA	3.735019
1492	NA	3.6620867
1496	NA	4.0143533
1497	NA	4.1377387
1500	NA	3.8404994
1502	NA	3.997072
1507	NA	3.6748168
1508	NA	3.759558
1510	NA	3.371082
1512	NA	3.096792
1515	NA	2.4678555
1516	NA	2.8002675
1518	NA	2.26493
1520	NA	3.9764984
1522	NA	4.2346992
1526	NA	3.5531528
1528	NA	3.8284783
1529	NA	4.051817
1530	NA	4.0977154
1533	NA	2.8146093
1537	NA	2.778897
1539	NA	3.9915695
1540	NA	4.0247264
1542	NA	3.4934938
1543	NA	3.294192
1544	NA	3.796
1546	NA	3.8190947
1548	NA	3.2755775
1554	NA	2.6795952
1555	NA	3.7764568
1556	NA	4.169857
1560	NA	3.9656684
1561	NA	4.0401597
1562	NA	3.6454828
1564	NA	4.037256
1567	NA	4.342946
1568	NA	4.2642884
1569	NA	4.3727098
1571	NA	3.8094954
1572	NA	3.922751
1577	NA	4.0687575
1578	NA	4.1184344
1579	NA	4.2121544
1581	NA	4.0431857
1583	NA	3.3088894
1589	NA	4.325618
1590	NA	4.1488338
1593	NA	3.7589633
1594	NA	3.4387076
1596	NA	4.4654593
1597	NA	3.4985743
1598	NA	3.960571
1600	NA	3.633405
1602	NA	3.0402715
1603	NA	3.2226672
1605	NA	3.6521459
1611	NA	4.358014
1613	NA	3.6743305
1616	NA	3.4972677
1617	NA	3.8712175
1619	NA	4.3862247
1620	NA	4.3876557
1622	NA	3.5921369
1623	NA	3.3687067
1624	NA	3.521475
1630	NA	4.2165923
1633	NA	3.6350462
1634	NA	3.4612336
1636	NA	3.960419
1637	NA	3.642868
1638	NA	3.5811853
1642	NA	4.0633035
1644	NA	3.8643458
1645	NA	4.2343044
1654	NA	4.0342216
1656	NA	3.9738927
1658	NA	4.4202795
1662	NA	3.918074
1664	NA	4.3801637
1665	NA	3.4077299
1666	NA	3.7104037
1667	NA	4.4395194
1672	NA	2.2128737
1674	NA	2.3763444
1678	NA	4.0273876
1679	NA	3.759956
1681	NA	4.2161074
1683	NA	4.2180867
1684	NA	4.172497
1685	NA	4.0046196
1686	NA	4.024134
1688	NA	3.6654184
1689	NA	4.365754
1692	NA	3.7511945
1693	NA	4.226541
1695	NA	3.9395406
1696	NA	3.765232
1698	NA	3.648733
1699	NA	3.9534502
1701	NA	3.174023
1704	NA	4.201224
1709	NA	3.235678
1710	NA	3.355076
1713	NA	3.9833558
1717	NA	3.8036475
1718	NA	3.896396
1720	NA	3.7516396
1722	NA	4.1335163
1725	NA	4.046834
1726	NA	4.280783
1727	NA	4.287035
1728	NA	3.668106
1730	NA	3.6018345
1731	NA	3.3947666
1732	NA	3.2823632
1734	NA	4.1239295
1735	NA	3.9094422
1737	NA	4.2188187
1738	NA	2.4934196
1739	NA	2.6435397
1740	NA	2.9422357
1742	NA	2.9711442
1743	NA	4.2582936
1744	NA	4.1389565
1745	NA	4.337948
1746	NA	4.0040126
1748	NA	3.818116
1749	NA	3.9630487
1750	NA	3.8948236
1752	NA	3.9926705
1758	NA	4.0183024
1760	NA	3.8746095
1761	NA	3.9859283
1762	NA	3.756045
1763	NA	3.7485678
1764	NA	4.131176
1767	NA	4.021909
1768	NA	4.332534
1769	NA	4.2990875
1770	NA	4.090455
1774	NA	3.762618
1775	NA	3.2141051
1778	NA	4.435011
1779	NA	4.076412
1785	NA	4.1031156
1786	NA	3.9505067
1788	NA	3.9201436
1790	NA	4.070607
1793	NA	3.5868123
1794	NA	3.4435658
1795	NA	3.3558567
1796	NA	2.8884988
1797	NA	3.1068149
1799	NA	3.2679658
1800	NA	3.5419602
1801	NA	3.4288914
1802	NA	4.2903376
1803	NA	4.3026075
1804	NA	4.1450133
1805	NA	4.105771
1806	NA	3.7651982
1810	NA	3.6693695
1813	NA	4.1930895
1816	NA	4.4156947
1817	NA	4.1790133
1819	NA	3.518677
1821	NA	3.039393
1824	NA	3.488764
1826	NA	4.4686584
1827	NA	4.0210757
1828	NA	4.347165
1831	NA	4.339741
1833	NA	3.5514991
1834	NA	3.656159
1835	NA	3.6728778
1836	NA	3.431188
1837	NA	3.6341887
1838	NA	3.69152
1843	NA	4.0448103
1845	NA	2.987961
1848	NA	3.0515385
1850	NA	4.4264464
1855	NA	3.8528948
1856	NA	3.8020484
1857	NA	3.6076362
1858	NA	3.8717768
1859	NA	4.38043
1860	NA	3.9416094
1862	NA	4.3461843
1863	NA	3.7365694
1864	NA	3.087608
1865	NA	3.5578935
1867	NA	2.9325438
1868	NA	3.4540422
1870	NA	3.4350672
1871	NA	3.429054
1872	NA	4.1858993
1875	NA	4.18343
1880	NA	3.0458486
1883	NA	3.33541
1885	NA	4.454047
1889	NA	3.9880512
1890	NA	3.9147902
1891	NA	4.038464
1893	NA	3.4918435
1895	NA	3.6760013
1896	NA	3.8060844
1899	NA	4.136048
1901	NA	4.045465
1902	NA	4.0574875
1903	NA	2.3722312
1905	NA	2.7195168
1906	NA	2.6840181
1911	NA	3.5504699
1913	NA	4.150492
1914	NA	4.0830083
1915	NA	3.393423
1916	NA	2.6898797
1917	NA	3.2292647
1920	NA	3.337232
1922	NA	4.283277
1923	NA	3.5915577
1924	NA	4.043309
1925	NA	4.3262835
1926	NA	4.345011
1928	NA	2.557181
1929	NA	2.4388096
1930	NA	2.7033343
1931	NA	2.387611
1932	NA	2.1007426
1933	NA	2.5922487
1937	NA	4.4172034
1938	NA	4.1567082
1941	NA	3.754951
1945	NA	4.3505635
1947	NA	4.1228747
1950	NA	3.62572
1951	NA	3.3101196
1953	NA	4.165498
1956	NA	4.2627397
1957	NA	4.1926455
1958	NA	2.4644246
1959	NA	2.29871
1960	NA	2.3257263
1962	NA	2.5149865
1965	NA	4.132558
1966	NA	3.978547
1968	NA	4.2596736
1971	NA	3.8567033
1973	NA	3.7570622
1976	NA	3.856249
1977	NA	4.414028
1979	NA	3.659867
1980	NA	4.31632
1982	NA	3.0317845
1983	NA	3.150356
1985	NA	2.980288
1986	NA	3.0962226
1990	NA	4.1162524
1995	NA	3.8450532
1997	NA	4.011955
1998	NA	3.9914439
2002	NA	3.7627895
2003	NA	3.882614
2010	NA	4.0962973
2013	NA	3.6204207
2017	NA	4.4563527
2021	NA	3.3397238
2022	NA	3.108191
2026	NA	3.5492887
2028	NA	4.133524
2031	NA	4.188673
2032	NA	4.1327395
2033	NA	3.825668
2034	NA	3.3684537
2036	NA	3.6832652
2039	NA	3.7722895
2042	NA	4.0514755
2043	NA	4.4286027
2044	NA	4.0495706
2046	NA	3.4183438
2048	NA	3.2545211
2050	NA	2.8021278
2053	NA	4.3313704
2054	NA	4.074716
2057	NA	4.076628
2060	NA	4.05476
2062	NA	3.8345804
2063	NA	3.8505054
2065	NA	4.429783
2069	NA	3.9860773
2071	NA	4.3164797
2074	NA	4.1188407
2077	NA	4.031034
2083	NA	3.7683365
2085	NA	3.974442
2093	NA	4.0510616
2095	NA	2.8776731
2099	NA	3.4206936
2101	NA	3.9137614
2106	NA	4.14818
2108	NA	3.5328116
2110	NA	3.2620072
2111	NA	3.1820824
2114	NA	3.873415
2116	NA	3.9113872
2120	NA	3.6672885
2126	NA	3.6129363
2127	NA	4.3264847
2128	NA	4.070931
2129	NA	4.2792716
2131	NA	3.9466085
2133	NA	3.9876177
2134	NA	3.8155172
2135	NA	4.1715746
2137	NA	4.042978
2138	NA	3.9786274
2140	NA	4.2966366
2142	NA	3.3513875
2143	NA	3.3615115
2147	NA	3.5595987
2149	NA	4.3080807
2151	NA	4.2223153
2152	NA	4.4095364
2154	NA	4.2040133
2155	NA	3.792121
2156	NA	3.3604007
2158	NA	3.8427527
2159	NA	3.8092766
2160	NA	3.799354
2161	NA	3.7952015
2168	NA	4.3898525
2169	NA	4.13985
2173	NA	4.18086
2174	NA	4.428527
2177	NA	4.080403
2178	NA	4.039938
2182	NA	4.316338
2185	NA	4.300455
2186	NA	4.0859013
2187	NA	3.9720833
2189	NA	3.6965868
2190	NA	3.9871666
2191	NA	4.468699
2193	NA	4.194167
2194	NA	4.457142
2197	NA	3.790097
2200	NA	3.8049319
2201	NA	3.807
2204	NA	4.3318315
2206	NA	4.3475585
2209	NA	3.7626114
2211	NA	3.9803329
2214	NA	3.891936
2216	NA	3.9642274
2219	NA	4.379741
2220	NA	3.762041
2223	NA	3.6524882
2224	NA	3.8058546
2225	NA	3.7929482
2227	NA	4.0852747
2230	NA	4.2878604
2237	NA	4.355292
2241	NA	3.4506302
2244	NA	3.7378953
2245	NA	3.7648764
2246	NA	4.4378743
2248	NA	3.9062502
2249	NA	3.9504147
2254	NA	4.0888324
2255	NA	4.1407475
2256	NA	3.8535953
2257	NA	4.238137
2258	NA	4.206588
2262	NA	3.6028736
2265	NA	4.2099624
2267	NA	4.410013
2268	NA	3.990307
2269	NA	4.0160255
2270	NA	4.0942774
2271	NA	3.821331
2273	NA	4.083919
2276	NA	4.4581175
2278	NA	4.018481
2279	NA	3.8365595
2280	NA	4.091321
2283	NA	4.0754147
2285	NA	4.22636
2290	NA	4.4316473
2292	NA	4.050149
2293	NA	4.2641306
2294	NA	3.9971743
2295	NA	4.2111773
2296	NA	3.6589944
2298	NA	3.8207462
2300	NA	4.264103
2301	NA	4.01875
2306	NA	3.8149695
2312	NA	4.1834507
2313	NA	4.41779
2320	NA	3.709233
2321	NA	4.0081863
2323	NA	4.236743
2324	NA	4.1395264
2325	NA	4.3786426
2326	NA	3.9825015
2328	NA	4.3786426
2331	NA	4.3807015
2335	NA	4.2054543
2336	NA	3.9914474
2337	NA	4.3900185
2342	NA	3.3930562
2343	NA	3.704986
2345	NA	3.6336434
2346	NA	4.462573
2347	NA	4.3971267
2349	NA	4.423666
2353	NA	3.9484673
2354	NA	3.940257
2355	NA	3.8730206
2356	NA	3.9011638
2357	NA	4.264735
2361	NA	4.133543
2367	NA	3.6554847
2370	NA	4.265173
2371	NA	4.2860546
2372	NA	4.2526093
2373	NA	3.904692
2376	NA	4.17191
2378	NA	3.8361032
2379	NA	4.3402476
2380	NA	4.1713557
2382	NA	3.9963698
2384	NA	3.5127194
2387	NA	4.2115326
2389	NA	4.1945167
2390	NA	4.329056
2393	NA	3.9907956
2394	NA	4.1154966
2395	NA	4.017728
2396	NA	4.4048753
2398	NA	3.6039257
2399	NA	4.3518934
2403	NA	3.8997142
2406	NA	4.35652
2408	NA	4.337303
2411	NA	3.3609805
2412	NA	3.397978
2416	NA	3.1927662
2417	NA	3.3185759
2418	NA	4.357085
2419	NA	4.368409
2420	NA	2.953308
2421	NA	3.103025
2424	NA	4.0744605
2425	NA	3.1169934
2427	NA	3.9243007
2428	NA	4.3918867
2432	NA	3.268486
2433	NA	3.4458148
2434	NA	3.9239883
2435	NA	4.3396797
2437	NA	4.418012
2439	NA	4.181673
2442	NA	4.133205
2443	NA	2.6800807
2444	NA	4.2416687
2446	NA	3.910444
2448	NA	3.8208685
2449	NA	4.070643
2451	NA	4.338626
2452	NA	2.9019377
2453	NA	3.6290762
2454	NA	3.5221756
2460	NA	3.9278595
2461	NA	4.362632
2462	NA	4.1585336
2463	NA	4.2028294
2464	NA	3.8959622
2468	NA	3.6836605
2469	NA	4.038228
2470	NA	4.3707223
2471	NA	3.730189
2473	NA	2.9871945
2475	NA	2.941254
2477	NA	4.219155
2478	NA	4.0288963
2479	NA	4.218219
2480	NA	4.3486567
2481	NA	4.048462
2482	NA	4.112823
2483	NA	4.0006304
2484	NA	3.8093624
2487	NA	3.7337039
2489	NA	3.7914705
2490	NA	3.9080265
2492	NA	3.6260061
2493	NA	3.7204108
2498	NA	4.290502
2501	NA	2.9708061
2502	NA	3.4525998
2503	NA	3.0208645
2504	NA	2.933653
2507	NA	4.0855265
2511	NA	3.6707287
2512	NA	3.7848911
2513	NA	3.905676
2516	NA	3.88418
2517	NA	4.29071
2519	NA	4.3944116
2520	NA	4.3780804
2522	NA	3.4662452
2523	NA	3.4651232
2524	NA	3.6669378
2526	NA	3.0508573
2528	NA	4.342134
2531	NA	3.754606
2532	NA	4.076534
2533	NA	3.6567883
2534	NA	4.051667
2536	NA	4.09983
2537	NA	4.356854
2541	NA	3.6335979
2542	NA	3.4632988
2546	NA	3.9735885
2547	NA	4.2752852
2548	NA	3.9815044
2550	NA	3.8213315
2552	NA	3.7528813
2556	NA	4.0473857
2558	NA	4.0142207
2559	NA	3.5936034
2560	NA	3.2912514
2562	NA	3.1843307
2563	NA	3.8765748
2564	NA	4.150638
2565	NA	4.2011056
2567	NA	3.7112658
2568	NA	3.1779015
2570	NA	2.747712
2571	NA	2.9122717
2573	NA	4.3559923
2575	NA	4.225906
2576	NA	4.348057
2580	NA	3.9610624
2581	NA	4.250185
2584	NA	4.366696
2585	NA	3.995621
2586	NA	3.945833
2587	NA	3.4062502
2595	NA	4.5
2598	NA	3.9090326
2600	NA	3.814081
2603	NA	4.0279145
2605	NA	4.3865795
2607	NA	3.987371
2609	NA	4.3046956
2610	NA	4.238924
2611	NA	3.824996
2612	NA	4.3046956
2613	NA	4.368969
2614	NA	3.988304
2616	NA	3.8098137
2617	NA	3.4379187
2618	NA	3.5102115
2620	NA	3.3754835
2621	NA	3.701989
2624	NA	4.4190445
2629	NA	4.296477
2631	NA	4.3804975
2633	NA	4.311108
2635	NA	4.2447557
2639	NA	3.310827
2641	NA	4.090052
2642	NA	2.9624214
2644	NA	4.388067
2645	NA	3.995826
2646	NA	3.9989102
2647	NA	4.3103905
2648	NA	3.304644
2649	NA	3.402884
2652	NA	3.426842
2653	NA	4.400994
2658	NA	3.5434568
2659	NA	3.2411826
2661	NA	3.5890388
2663	NA	3.591291
2665	NA	4.2789755
2667	NA	4.1857514
2669	NA	3.6999958
2671	NA	3.6470942
2674	NA	4.213344
2676	NA	4.176784
2677	NA	4.309247
2681	NA	4.135856
2683	NA	4.3558617
2685	NA	4.2254415
2686	NA	4.467189
2690	NA	3.8868177
2693	NA	3.9866734
2694	NA	3.9240842
2695	NA	4.399966
2697	NA	3.9728594
2698	NA	3.8926666
2699	NA	3.8829343
2700	NA	3.846102
2706	NA	3.8809988
2717	NA	3.7311256
2719	NA	3.7390192
2723	NA	4.2995825
2725	NA	4.094196
2727	NA	3.0755765
2729	NA	3.2423966
2732	NA	3.31742
2733	NA	4.2533855
2736	NA	4.383759
2737	NA	4.082547
2740	NA	3.8961015
2742	NA	4.371863
2743	NA	4.345822
2745	NA	3.8559513
2746	NA	4.092977
2747	NA	3.81568
2749	NA	4.0244036
2750	NA	4.2216563
2753	NA	4.1970196
2759	NA	3.8717558
2760	NA	4.3164806
2762	NA	4.1322274
2767	NA	3.946134
2769	NA	4.4025455
2771	NA	4.4548244
2773	NA	4.229212
2780	NA	4.452931
2781	NA	3.7990594
2782	NA	4.1753144
2785	NA	4.1076994
2786	NA	4.2212615
2790	NA	4.1902137
2793	NA	3.695485
2794	NA	3.8272781
2796	NA	3.838207
2798	NA	4.393784
2801	NA	4.3470984
2804	NA	3.650939
2805	NA	3.5051591
2806	NA	3.7335231
2808	NA	3.7265012
2810	NA	3.9871664
2814	NA	2.4199305
2816	NA	4.364342
2819	NA	4.4488344
2820	NA	4.12278
2823	NA	3.6697345
2824	NA	3.5797718
2825	NA	3.782457
2826	NA	3.7644768
2830	NA	4.31414
2831	NA	2.9183726
2832	NA	3.1962867
2833	NA	3.177861
2834	NA	3.137725
2835	NA	3.1658103
2836	NA	4.1228566
2840	NA	3.8518984
2841	NA	3.1086252
2843	NA	3.9059103
2846	NA	3.8966372
2847	NA	4.319553
2848	NA	4.3224077
2849	NA	3.4836204
2852	NA	3.466104
2855	NA	4.3907723
2858	NA	3.7647185
2859	NA	3.4620805
2866	NA	3.9390724
2869	NA	3.8243523
2871	NA	4.2759857
2872	NA	4.271838
2873	NA	4.046759
2876	NA	4.277507
2877	NA	4.275832
2878	NA	4.2241507
2880	NA	4.430239
2882	NA	4.0957847
2884	NA	4.351319
2885	NA	3.9632561
2887	NA	4.1111994
2888	NA	3.8276646
2889	NA	4.2050247
2892	NA	3.7868264
2893	NA	4.0486145
2895	NA	3.6312308
2897	NA	3.3145778
2901	NA	4.3524847
2902	NA	3.9974732
2904	NA	3.896769
2906	NA	3.7508967
2912	NA	3.827768
2914	NA	3.8576941
2921	NA	4.058764
2922	NA	4.0538054
2923	NA	4.078783
2925	NA	4.150813
2928	NA	4.2304635
2929	NA	4.3374724
2931	NA	3.912982
2934	NA	4.053173
2940	NA	4.087159
2942	NA	3.861456
2944	NA	3.887001
2946	NA	4.2732396
2947	NA	4.2544436
2948	NA	4.4046655
2949	NA	3.913661
2950	NA	3.4655728
2953	NA	3.1450531
2954	NA	3.3837419
2962	NA	3.7792616
2963	NA	4.1530037
2973	NA	4.2186136
2975	NA	4.458223
2978	NA	4.359913
2979	NA	3.7422647
2982	NA	4.0599036
2985	NA	4.0232863
2986	NA	4.052212
2987	NA	4.0219703
2990	NA	3.7329624
2991	NA	3.1334367
2993	NA	3.3023312
2999	NA	4.206269
3000	NA	3.7662408
3001	NA	3.9114325
3003	NA	4.1378927
3004	NA	4.4714403
3006	NA	4.3535037
3008	NA	3.9186356
3009	NA	3.733169
3011	NA	3.873401
3012	NA	3.8227298
3013	NA	3.6133125
3017	NA	4.364846
3020	NA	3.4308727
3021	NA	3.6805716
3023	NA	3.7836897
3025	NA	4.3209867
3026	NA	3.951782
3028	NA	3.9699123
3029	NA	3.4799848
3030	NA	3.8341775
3032	NA	3.7563348
3034	NA	4.3926206
3035	NA	4.3795867
3037	NA	4.334551
3040	NA	4.273362
3044	NA	4.4058986
3045	NA	4.3159194
3048	NA	3.722383
3051	NA	4.452265
3052	NA	4.1576476
3053	NA	4.329482
3055	NA	4.2407727
3056	NA	3.9872363
3057	NA	4.2872233
3058	NA	3.995283
3060	NA	4.483795
3063	NA	4.4207053
3064	NA	4.404329
3066	NA	3.9638972
3067	NA	3.9335914
3070	NA	3.945483
3074	NA	4.134141
3075	NA	3.6864269
3076	NA	3.4673202
3077	NA	3.8194227
3078	NA	3.3014379
3080	NA	4.1456046
3082	NA	4.2792845
3083	NA	4.298627
3084	NA	3.850202
3086	NA	3.7633784
3087	NA	3.7716653
3088	NA	4.078403
3089	NA	4.231718
3090	NA	3.005098
3093	NA	4.018437
3095	NA	3.765451
3096	NA	2.550569
3099	NA	4.2414427
3101	NA	4.481451
3103	NA	4.2005796
3104	NA	3.194052
3106	NA	3.9943209
3108	NA	4.192462
3109	NA	4.3949327
3112	NA	3.2284646
3113	NA	3.8153486
3115	NA	4.113283
3116	NA	3.7124603
3117	NA	4.1284695
3118	NA	4.399099
3119	NA	4.3214684
3120	NA	4.4248323
3124	NA	3.9832275
3125	NA	3.8822424
3127	NA	4.4059815
3128	NA	3.7371323
3131	NA	3.4609082
3133	NA	3.4303348
3135	NA	3.4971097
3136	NA	4.0175867
3137	NA	4.305163
3138	NA	4.5
3139	NA	4.206773
3141	NA	2.770629
3142	NA	1.9902309
3144	NA	2.1768374
3145	NA	2.2342675
3146	NA	2.2342675
3147	NA	4.415914
3148	NA	4.132796
3149	NA	4.3257265
3151	NA	3.9901595
3152	NA	4.016305
3154	NA	4.065052
3155	NA	4.174975
3159	NA	4.418966
3160	NA	3.8737261
3163	NA	4.209732
3167	NA	4.0285044
3168	NA	3.9995487
3169	NA	4.005083
3171	NA	3.832577
3172	NA	3.520634
3173	NA	3.5265737
3175	NA	3.8054159
3176	NA	4.361013
3177	NA	4.068286
3178	NA	4.3514466
3179	NA	4.37354
3180	NA	4.167789
3183	NA	3.8983216
3184	NA	4.2604656
3185	NA	4.423595
3189	NA	4.2002773
3190	NA	3.8972898
3191	NA	4.183921
3193	NA	4.2819824
3194	NA	4.4779325
3195	NA	4.2535033
3196	NA	4.4087496
3197	NA	4.4043503
3198	NA	4.1859283
3199	NA	4.1125393
3204	NA	4.1583037
3205	NA	4.4647636
3206	NA	4.247309
3207	NA	4.0671163
3209	NA	4.063928
3210	NA	4.007552
3211	NA	4.1830807
3212	NA	4.397847
3215	NA	4.3569856
3216	NA	3.7885077
3219	NA	3.4181595
3220	NA	4.104241
3225	NA	4.134685
3226	NA	3.8329432
3229	NA	4.1666794
3231	NA	4.3291893
3233	NA	4.285423
3234	NA	3.8640814
3235	NA	3.95826
3236	NA	3.931004
3237	NA	3.8367097
3239	NA	4.427176
3240	NA	4.312826
3241	NA	4.4643936
3244	NA	2.8076096
3245	NA	3.842105
3246	NA	3.8474312
3247	NA	3.8482528
3249	NA	4.2109785
3251	NA	4.3010516
3259	NA	4.1957955
3263	NA	4.414247
3266	NA	4.375345
3267	NA	4.2391076
3268	NA	4.293256
3269	NA	4.440318
3270	NA	4.215544
3276	NA	3.9340978
3279	NA	3.9293199
3282	NA	3.440792
3284	NA	3.833447
3289	NA	3.6568003
3290	NA	3.446727
3293	NA	3.248694
3295	NA	4.3400264
3296	NA	4.2954745
3297	NA	4.413083
3300	NA	3.8962216
3301	NA	4.04899
3302	NA	4.1571274
3305	NA	4.0806603
3306	NA	4.40888
3307	NA	3.8635015
3308	NA	4.1273017
3309	NA	4.4361634
3310	NA	3.2405984
3312	NA	2.9077013
3315	NA	4.4192376
3317	NA	4.478815
3318	NA	4.4458466
3320	NA	4.3944073
3323	NA	4.323467
3326	NA	4.094799
3328	NA	4.3930054
3331	NA	3.6844585
3333	NA	3.3673875
3334	NA	3.818826
3335	NA	4.2894487
3337	NA	4.448846
3341	NA	3.908186
3343	NA	4.0258164
3348	NA	4.3404956
3350	NA	3.8373604
3352	NA	3.2126853
3354	NA	3.8508408
3355	NA	4.4695363
3360	NA	3.845492
3365	NA	4.0071397
3377	NA	4.379058
3379	NA	3.5935802
3380	NA	3.5540407
3381	NA	3.3542116
3383	NA	3.6165144
3387	NA	4.319196
3388	NA	4.134387
3390	NA	3.8407848
3391	NA	3.7965355
3392	NA	4.261981
3393	NA	4.392836
3394	NA	4.314044
3399	NA	3.0646915
3401	NA	3.187863
3402	NA	4.35546
3403	NA	4.3837028
3404	NA	4.1938677
3406	NA	3.9013379
3408	NA	4.133482
3409	NA	4.1560144
3410	NA	4.271924
3415	NA	4.0585165
3417	NA	4.174768
3419	NA	3.9683528
3421	NA	4.058708
3423	NA	3.990132
3430	NA	3.8167262
3431	NA	3.3725286
3434	NA	3.9317448
3439	NA	4.0953856
3441	NA	4.0442963
3442	NA	4.206422
3445	NA	4.3402085
3446	NA	3.6609864
3447	NA	3.4938016
3449	NA	3.8785107
3450	NA	3.46428
3455	NA	3.9845128
3456	NA	3.9875872
3457	NA	4.053931
3458	NA	3.7857401
3463	NA	4.042622
3464	NA	4.1772385
3466	NA	4.148247
3469	NA	3.9902263
3470	NA	3.2310653
3473	NA	4.2832537
3474	NA	3.4818664
3475	NA	3.0283844
3476	NA	3.7668169
3477	NA	3.4000108
3478	NA	3.258974
3481	NA	4.3515897
3482	NA	4.274713
3483	NA	4.4596663
3489	NA	3.9481254
3490	NA	3.8111756
3493	NA	4.1842036
3497	NA	4.5
3498	NA	4.3327646
3499	NA	3.7523224
3502	NA	4.0388465
3506	NA	3.9745555
3509	NA	3.8118477
3513	NA	4.35977
3515	NA	4.2411
3519	NA	4.354085
3520	NA	3.65753
3521	NA	4.2136393
3522	NA	4.346494
3523	NA	3.7207477
3524	NA	3.9368997
3525	NA	4.39082
3526	NA	3.7794158
3527	NA	3.5829623
3531	NA	3.325581
3532	NA	4.112343
3535	NA	4.2765746
3540	NA	3.9607804
3545	NA	3.6427054
3550	NA	3.6607966
3551	NA	3.8078022
3553	NA	4.3439293
3555	NA	3.9679012
3557	NA	3.3275955
3558	NA	3.7155888
3559	NA	3.568759
3560	NA	3.2619429
3562	NA	3.8878276
3563	NA	4.24055
3564	NA	4.107983
3570	NA	3.8937728
3573	NA	3.608918
3575	NA	4.186891
3578	NA	4.2573833
3581	NA	4.183914
3583	NA	4.224602
3585	NA	3.9565864
3587	NA	3.9496307
3588	NA	3.65203
3590	NA	3.8155751
3591	NA	3.709967
3593	NA	4.168611
3594	NA	3.579396
3595	NA	4.4142847
3596	NA	4.3527856
3597	NA	4.0387874
3599	NA	4.0398326
3600	NA	4.17073
3601	NA	3.8004322
3604	NA	4.0830336
3605	NA	4.0553913
3606	NA	4.3229237
3608	NA	4.0897937
3609	NA	4.0667915
3610	NA	3.4002454
3612	NA	3.5526567
3613	NA	3.3900964
3615	NA	4.2897906
3616	NA	4.2624354
3617	NA	4.313614
3619	NA	3.8138256
3621	NA	3.9652855
3622	NA	3.7691503
3628	NA	4.2890916
3631	NA	3.8831131
3632	NA	3.7217188
3634	NA	3.8429828
3636	NA	3.9814513
3637	NA	4.075223
3641	NA	3.8408945
3642	NA	3.6687622
3644	NA	4.4491243
3645	NA	4.236432
3648	NA	4.4200025
3652	NA	3.9099753
3654	NA	3.7804103
3655	NA	3.8928504
3656	NA	3.8928504
3659	NA	4.3929367
3660	NA	3.9910433
3662	NA	3.3587224
3663	NA	3.519311
3664	NA	3.1948407
3665	NA	3.417595
3667	NA	4.353611
3671	NA	3.4637446
3674	NA	3.7836657
3675	NA	3.5793805
3676	NA	3.7935607
3677	NA	4.3808227
3678	NA	3.2092733
3679	NA	4.408936
3681	NA	4.1719804
3683	NA	3.0666912
3688	NA	4.2673507
3698	NA	4.33576
3700	NA	4.1024513
3704	NA	3.647301
3706	NA	3.7758758
3714	NA	4.317488
3715	NA	4.244945
3716	NA	4.4091864
3717	NA	4.220131
3722	NA	4.327731
3723	NA	3.0972605
3724	NA	3.4298005
3726	NA	3.153605
3729	NA	4.1586595
3730	NA	4.058361
3731	NA	4.2467346
3732	NA	3.5639482
3734	NA	3.5435197
3735	NA	3.6470432
3738	NA	3.4080844
3741	NA	4.242642
3744	NA	4.0330005
3745	NA	4.1819263
3749	NA	4.433408
3754	NA	4.1360297
3757	NA	3.7948515
3760	NA	4.1876073
3763	NA	4.344516
3764	NA	4.2047687
3768	NA	4.1082964
3769	NA	4.3109636
3771	NA	4.4243836
3772	NA	4.272201
3773	NA	4.3164406
3775	NA	4.138379
3778	NA	3.7853189
3782	NA	3.947581
3786	NA	3.815146
3787	NA	3.6172898
3791	NA	4.1113043
3792	NA	4.4130354
3793	NA	4.294404
3794	NA	4.261406
3796	NA	3.9069984
3798	NA	3.9360795
3802	NA	4.207683
3806	NA	3.794544
3808	NA	4.00865
3810	NA	3.8840597
3811	NA	4.0956883
3813	NA	4.135968
3815	NA	4.3391056
3816	NA	4.373972
3817	NA	3.9695013
3818	NA	3.9462187
3819	NA	4.092604
3822	NA	4.105951
3824	NA	3.7651594
3829	NA	4.2804756
3830	NA	3.8836808
3832	NA	4.074204
3833	NA	3.9751384
3835	NA	4.405419
3837	NA	4.141609
3841	NA	3.6777518
3842	NA	4.1180882
3843	NA	4.43312
3848	NA	3.8160427
3849	NA	3.4681861
3850	NA	4.0378966
3851	NA	3.5254948
3854	NA	4.3772063
3858	NA	4.297933
3859	NA	3.9401376
3863	NA	3.7840436
3865	NA	4.314683
3867	NA	4.4234605
3875	NA	3.5749376
3876	NA	4.419395
3877	NA	3.7481613
3878	NA	4.448271
3879	NA	4.169341
3881	NA	3.7638218
3888	NA	3.6931438
3889	NA	4.0371876
3890	NA	3.5662467
3891	NA	3.7210362
3894	NA	4.3386683
3896	NA	3.9716554
3900	NA	4.089279
3902	NA	4.246524
3906	NA	2.6570165
3907	NA	4.081712
3911	NA	4.2884707
3913	NA	3.8557813
3916	NA	3.5282385
3918	NA	3.678119
3919	NA	3.2175984
3923	NA	4.5
3925	NA	4.1550956
3926	NA	4.2814612
3927	NA	3.649436
3928	NA	3.7485936
3931	NA	3.7109213
3932	NA	3.7002792
3933	NA	3.7002792
3937	NA	3.988349
3944	NA	4.3808827
3945	NA	4.322939
3946	NA	3.7278342
3950	NA	4.2901325
3952	NA	4.461478
3953	NA	4.0903077
3954	NA	4.4453387
3959	NA	3.5109181
3960	NA	4.121974
3962	NA	4.165777
3963	NA	4.3846846
3964	NA	4.1743736
3965	NA	4.4584446
3966	NA	4.212176
3967	NA	3.6907072
3968	NA	3.5968344
3969	NA	3.727633
3971	NA	3.8275864
3974	NA	3.9856007
3975	NA	3.835444
3977	NA	3.4541035
3978	NA	4.034184
3979	NA	3.5582638
3981	NA	4.431826
3983	NA	4.2165513
3988	NA	4.0480914
3991	NA	4.0419664
3997	NA	3.8302538
4000	NA	4.2073097
4003	NA	3.8222792
4005	NA	4.2932467
4008	NA	4.225182
4009	NA	4.111832
4010	NA	3.8313744
4016	NA	4.205415
4018	NA	4.1574407
4019	NA	4.0648775
4022	NA	4.274476
4023	NA	4.1440043
4024	NA	4.3131495
4025	NA	4.1713123
4026	NA	4.268457
4027	NA	4.255643
4029	NA	4.123298
4030	NA	3.9649675
4032	NA	3.7407794
4035	NA	4.035061
4039	NA	3.8846955
4042	NA	3.5252256
4044	NA	3.7361295
4048	NA	4.0320854
4051	NA	3.8201685
4052	NA	3.467573
4053	NA	3.9405618
4055	NA	4.0453434
4057	NA	4.030934
4059	NA	3.8479967
4064	NA	4.42404
4070	NA	3.7816246
4073	NA	3.8701708
4075	NA	4.133396
4077	NA	4.3324423
4078	NA	4.3102574
4080	NA	4.23612
4081	NA	4.3771005
4082	NA	4.0029025
4089	NA	4.2541265
4091	NA	3.275007
4092	NA	3.3859584
4093	NA	3.5784874
4095	NA	3.3210797
4096	NA	3.6045582
4097	NA	3.555027
4098	NA	4.2609024
4099	NA	4.1196427
4101	NA	3.563046
4103	NA	3.4001553
4104	NA	4.0890665
4106	NA	4.215457
4107	NA	4.013888
4110	NA	4.0477343
4111	NA	3.648497
4116	NA	4.2992435
4121	NA	3.2752519
4122	NA	3.488804
4124	NA	3.7305462
4128	NA	4.0524487
4129	NA	4.0982056
4130	NA	4.25184
4131	NA	4.0199256
4138	NA	4.192792
4139	NA	4.0318666
4143	NA	3.3722403
4144	NA	3.5536532
4150	NA	3.727781
4151	NA	3.7413363
4153	NA	3.821926
4158	NA	3.7875838
4159	NA	3.548763
4160	NA	4.003429
4161	NA	3.8193579
4166	NA	4.4375844
4167	NA	3.87532
4169	NA	3.9893353
4170	NA	4.0887346
4171	NA	4.135388
4172	NA	4.4000425
4175	NA	4.0281844
4177	NA	3.4527447
4180	NA	3.8452241
4182	NA	4.0172105
4184	NA	4.0523815
4186	NA	3.917214
4188	NA	3.8242943
4189	NA	3.7942426
4190	NA	3.4295719
4192	NA	4.0520015
4198	NA	3.3045158
4200	NA	3.5692472
4201	NA	4.3868203
4203	NA	4.11838
4204	NA	4.236106
4206	NA	3.9591475
4208	NA	3.4710453
4210	NA	4.123475
4211	NA	4.117692
4215	NA	2.8675969
4217	NA	2.9359958
4218	NA	3.084261
4222	NA	4.2275624
4224	NA	2.7851946
4225	NA	3.3067954
4226	NA	3.016465
4227	NA	3.1592786
4229	NA	4.243927
4230	NA	4.0949683
4233	NA	2.9944258
4234	NA	2.9476335
4237	NA	4.246079
4240	NA	4.092412
4241	NA	3.6751137
4243	NA	3.7193744
4245	NA	3.830828
4249	NA	4.0535975
4250	NA	4.5
4255	NA	3.532479
4256	NA	4.1194987
4258	NA	4.346539
4261	NA	3.0464451
4262	NA	2.7051103
4263	NA	3.0034952
4264	NA	2.6353862
4268	NA	4.4283724
4270	NA	4.221651
4271	NA	4.22936
4273	NA	3.9642227
4276	NA	4.413233
4278	NA	4.38331
4281	NA	3.20033
4285	NA	4.033295
4286	NA	4.3938694
4292	NA	3.77942
4293	NA	3.7319307
4294	NA	3.7265012
4296	NA	3.7619362
4297	NA	3.6357772
4298	NA	3.3969138
4300	NA	3.1075032
4302	NA	4.0842395
4303	NA	3.855548
4309	NA	2.9684136
4310	NA	3.376133
4311	NA	4.3800545
4313	NA	4.392942
4314	NA	4.4292016
4317	NA	4.163307
4319	NA	4.287268
4324	NA	4.201384
4326	NA	3.9197655
4327	NA	4.0146484
4331	NA	3.9709084
4332	NA	4.3140073
4333	NA	4.2182846
4334	NA	4.4289565
4337	NA	3.758988
4343	NA	4.0291176
4345	NA	3.6189356
4352	NA	3.8024082
4353	NA	3.7771215
4355	NA	2.3287585
4356	NA	2.5172772
4358	NA	2.0928898
4362	NA	4.2604475
4366	NA	3.8454216
4367	NA	3.258666
4368	NA	3.5983903
4372	NA	4.3607283
4373	NA	4.2021713
4374	NA	3.6076715
4375	NA	3.7870817
4380	NA	4.11615
4383	NA	3.9508002
4384	NA	4.4175277
4389	NA	4.0999746
4391	NA	4.1670036
4397	NA	3.9039993
4399	NA	4.099835
4400	NA	4.2896256
4402	NA	4.229913
4403	NA	4.3181367
4404	NA	4.2655754
4405	NA	4.091711
4406	NA	4.4424496
4409	NA	4.4175873
4413	NA	3.8176446
4415	NA	3.5827534
4416	NA	4.3042192
4419	NA	4.405305
4420	NA	3.0382698
4421	NA	3.113305
4422	NA	3.19638
4423	NA	2.8549447
4424	NA	3.0589132
4425	NA	3.891507
4427	NA	4.168786
4428	NA	4.2645674
4430	NA	3.9178185
4433	NA	4.139594
4434	NA	3.6323113
4435	NA	3.9834573
4436	NA	4.0698357
4437	NA	3.9674733
4438	NA	3.0140274
4441	NA	2.7221372
4444	NA	4.124984
4448	NA	3.4853475
4449	NA	3.4858742
4450	NA	3.3133035
4451	NA	3.5052822
4452	NA	4.1964283
4453	NA	4.093641
4455	NA	4.3914804
4456	NA	3.631036
4459	NA	3.627297
4460	NA	3.896454
4461	NA	4.2041063
4462	NA	4.0454803
4463	NA	3.8372638
4465	NA	3.677045
4466	NA	2.9731727
4467	NA	3.2921586
4470	NA	4.164607
4474	NA	2.7549636
4475	NA	2.9278922
4476	NA	3.4244113
4478	NA	2.9567592
4479	NA	4.0382934
4480	NA	4.353733
4482	NA	4.3961196
4483	NA	2.3479362
4484	NA	2.5447626
4485	NA	2.484135
4488	NA	4.2224565
4489	NA	4.0854115
4491	NA	4.428653
4493	NA	3.7890713
4494	NA	4.094242
4495	NA	3.5782866
4496	NA	3.9348354
4499	NA	4.156204
4500	NA	4.3625116
4502	NA	3.2771502
4504	NA	3.5291705
4506	NA	3.5653102
4508	NA	4.195132
4510	NA	4.3491516
4512	NA	3.2700217
4518	NA	4.0098424
4521	NA	4.0977407
4527	NA	3.9848583
4528	NA	3.9919505
4530	NA	3.7995694
4531	NA	3.4806485
4532	NA	3.5781286
4533	NA	3.3672616
4535	NA	4.2521253
4536	NA	4.411934
4537	NA	4.3837247
4538	NA	4.253029
4539	NA	3.81307
4542	NA	3.661781
4543	NA	3.7320786
4547	NA	3.9943123
4548	NA	4.0090857
4550	NA	4.045062
4552	NA	4.4261823
4554	NA	4.113386
4555	NA	4.3834615
4557	NA	3.590528
4560	NA	3.9138496
4561	NA	3.6838136
4563	NA	3.7667813
4566	NA	3.9896197
4568	NA	3.4966688
4571	NA	4.176603
4572	NA	3.5788882
4575	NA	3.558701
4576	NA	3.1522582
4577	NA	3.3759933
4578	NA	2.71328
4582	NA	3.6390226
4584	NA	3.6390226
4586	NA	4.101798
4587	NA	4.354581
4589	NA	3.2318187
4591	NA	4.0787196
4592	NA	4.368653
4593	NA	2.1617382
4594	NA	2.326914
4598	NA	4.240095
4599	NA	4.0143533
4600	NA	4.005525
4602	NA	4.0912347
4603	NA	4.037542
4604	NA	4.098418
4607	NA	4.123039
4608	NA	3.9848583
4609	NA	4.1851883
4613	NA	4.123039
4618	NA	4.349412
4620	NA	3.8787725
4621	NA	3.9805667
4622	NA	3.9629395
4623	NA	3.8575563
4624	NA	4.0909815
4625	NA	4.2431374
4627	NA	4.2427354
4628	NA	4.338414
4629	NA	2.5074959
4631	NA	2.5308263
4639	NA	3.7207932
4640	NA	4.0498266
4641	NA	3.8319812
4642	NA	4.2422295
4645	NA	4.340833
4647	NA	4.448213
4649	NA	3.9862666
4654	NA	4.414989
4655	NA	4.255373
4657	NA	2.6623037
4658	NA	2.9121306
4667	NA	4.1042857
4670	NA	4.3690486
4672	NA	4.4576607
4675	NA	4.178291
4676	NA	4.17501
4677	NA	4.0200357
4678	NA	4.0740576
4682	NA	4.3549194
4684	NA	4.3100286
4690	NA	4.223398
4691	NA	4.4275017
4692	NA	4.3304744
4693	NA	4.2170973
4694	NA	3.7984672
4695	NA	3.7207515
4698	NA	3.9105833
4703	NA	3.9627597
4704	NA	3.9384327
4705	NA	4.3282614
4706	NA	4.338517
4708	NA	4.3097057
4709	NA	4.2803025
4714	NA	3.8776596
4715	NA	3.643871
4719	NA	4.5
4721	NA	4.1194158
4722	NA	2.344685
4723	NA	2.4686985
4726	NA	2.5544424
4727	NA	2.5544424
4730	NA	4.3808703
4732	NA	4.273319
4733	NA	4.0056243
4736	NA	4.235201
4737	NA	3.959982
4738	NA	4.432168
4739	NA	4.297081
4741	NA	4.188946
4744	NA	3.8056757
4747	NA	3.9552934
4748	NA	4.3754897
4749	NA	4.3050733
4750	NA	4.2816586
4751	NA	4.4166884
4754	NA	3.4573305
4757	NA	4.252507
4758	NA	4.152999
4765	NA	3.640741
4768	NA	4.409679
4770	NA	2.8044045
4772	NA	2.793201
4773	NA	2.6905065
4775	NA	4.0922184
4778	NA	4.4891453
4779	NA	4.3014135
4781	NA	4.1774125
4783	NA	4.232239
4784	NA	4.0449543
4785	NA	4.4603224
4786	NA	4.108011
4787	NA	4.0771155
4789	NA	2.978968
4791	NA	3.0595639
4792	NA	3.1393874
4801	NA	4.1253157
4804	NA	4.5
4809	NA	3.4098892
4818	NA	3.9957745
4827	NA	4.156224
4828	NA	4.1264896
4829	NA	3.7326758
4830	NA	4.1438375
4833	NA	3.6363568
4834	NA	4.0334477
4835	NA	4.094242
4837	NA	3.8244195
4838	NA	3.7904642
4840	NA	3.4433296
4841	NA	3.8051374
4846	NA	3.2773323
4850	NA	3.1134975
4854	NA	4.092412
4856	NA	3.3845026
4861	NA	4.225008
4862	NA	3.9488957
4864	NA	3.0800333
4865	NA	3.0153635
4868	NA	3.6253273
4870	NA	3.8903089
4871	NA	4.0093575
4873	NA	3.8995566
4875	NA	4.3871784
4876	NA	3.6548376
4878	NA	4.258314
4884	NA	4.004756
4887	NA	4.1273375
4889	NA	3.4004521
4890	NA	4.2014146
4892	NA	3.360021
4893	NA	3.6174464
4894	NA	3.17769
4895	NA	3.5084329
4896	NA	4.090882
4897	NA	4.099867
4899	NA	3.9972184
4902	NA	3.3607845
4904	NA	3.491493
4906	NA	4.32729
4907	NA	4.0615354
4908	NA	4.1710896
4909	NA	2.5954964
4910	NA	2.6161633
4914	NA	4.240095
4917	NA	4.1705356
4923	NA	4.4538207
4924	NA	4.4383698
4925	NA	4.2893143
4927	NA	3.628154
4930	NA	3.561978
4931	NA	3.5988133
4935	NA	4.2946887
4936	NA	4.402577
4939	NA	3.8368814
4943	NA	3.7027516
4945	NA	4.203597
4952	NA	3.0530417
4955	NA	4.456837
4956	NA	4.3854175
4958	NA	4.06171
4962	NA	3.903416
4969	NA	3.5349388
4972	NA	4.292039
4973	NA	4.3403726
4976	NA	2.442689
4979	NA	2.3482945
4980	NA	2.1950712
4984	NA	4.0507226
4986	NA	3.3836932
4987	NA	3.273682
4988	NA	2.9089136
4993	NA	4.3635354
4994	NA	2.5977647
4995	NA	2.676851
4999	NA	4.4585443
5001	NA	4.4000516
5004	NA	4.20927
5006	NA	4.174869
5008	NA	4.3567142
5009	NA	3.9658275
5013	NA	3.8961816
5016	NA	4.318715
5019	NA	4.36678
5020	NA	4.3121996
5021	NA	4.396105
5028	NA	4.2464385
5029	NA	4.384983
5034	NA	4.155438
5035	NA	4.145138
5036	NA	4.1654415
5038	NA	4.35304
5041	NA	4.2136197
5042	NA	3.988304
5043	NA	3.5926814
5044	NA	3.4965248
5054	NA	3.2886293
5055	NA	3.323425
5057	NA	4.2027802
5059	NA	4.3319507
5061	NA	4.3595037
5062	NA	3.8948686
5063	NA	4.147561
5065	NA	4.3800545
5066	NA	4.218219
5067	NA	4.3486567
5068	NA	4.388449
5069	NA	4.191199
5070	NA	2.9906027
5071	NA	2.7828436
5075	NA	4.217366
5076	NA	3.9731333
5077	NA	4.241405
5084	NA	4.298193
5087	NA	4.264476
5088	NA	3.4369805
5090	NA	3.3244832
5093	NA	4.3622594
5094	NA	4.140953
5095	NA	4.2584968
5098	NA	2.9875338
5099	NA	3.1561368
5101	NA	2.9919991
5103	NA	4.238625
5104	NA	4.273216
5106	NA	3.8854766
5108	NA	3.728993
5111	NA	4.2805986
5112	NA	4.226703
5118	NA	2.1806839
5120	NA	4.2665653
5122	NA	4.2140436
5126	NA	3.2005956
5128	NA	3.0564177
5129	NA	4.4058137
5130	NA	4.276625
5131	NA	4.3340473
5138	NA	4.259199
5140	NA	4.071402
5143	NA	3.2628856
5144	NA	3.153967
5146	NA	3.2634308
5150	NA	4.1304193
5151	NA	3.2523727
5152	NA	2.8312347
5156	NA	4.4282494
5157	NA	4.181666
5158	NA	4.216123
5159	NA	4.0970273
5162	NA	3.4027443
5164	NA	3.444341
5165	NA	3.9712734
5168	NA	4.331431
5170	NA	2.6109579
5172	NA	2.5500922
5173	NA	2.579351
5174	NA	4.1483216
5179	NA	4.1143746
5180	NA	4.0523887
5181	NA	4.0154386
5182	NA	4.2868195
5183	NA	3.7500923
5184	NA	4.4435644
5185	NA	4.304726
5188	NA	2.8873625
5190	NA	2.659776
5192	NA	4.203516
5193	NA	3.7694998
5194	NA	4.0693116
5196	NA	3.6969519
5200	NA	3.5376563
5202	NA	4.31896
5205	NA	3.5434818
5207	NA	3.4892766
5209	NA	3.4994714
5210	NA	4.352341
5211	NA	4.0066495
5213	NA	4.33958
5214	NA	2.6396503
5217	NA	2.0441246
5218	NA	2.0026484
5221	NA	4.040264
5222	NA	4.4270496
5224	NA	3.8587403
5228	NA	3.8565166
5229	NA	4.102346
5230	NA	3.9219315
5233	NA	3.5523872
5235	NA	3.3849728
5237	NA	4.317875
5240	NA	4.434483
5241	NA	3.7238111
5243	NA	3.7016692
5245	NA	3.4213147
5250	NA	3.5500374
5252	NA	3.4425683
5255	NA	4.074204
5257	NA	4.082574
5259	NA	3.250064
5265	NA	4.4184127
5266	NA	4.4376626
5268	NA	4.2252817
5270	NA	3.849934
5271	NA	4.2728577
5272	NA	4.3440304
5273	NA	4.1733108
5274	NA	4.165494
5275	NA	4.3192086
5279	NA	4.3437414
5280	NA	3.816821
5281	NA	4.115974
5283	NA	4.212938
5284	NA	4.336887
5285	NA	4.18864
5286	NA	3.5307417
5287	NA	2.9670956
5289	NA	2.98633
5290	NA	3.1481702
5292	NA	4.422538
5293	NA	4.2180405
5295	NA	2.7884133
5297	NA	3.274941
5299	NA	2.8965495
5300	NA	4.006312
5301	NA	3.8895173
5302	NA	4.15905
5305	NA	3.8483112
5307	NA	3.5963063
5308	NA	4.0732446
5309	NA	4.2599897
5312	NA	4.4870043
5315	NA	3.840537
5316	NA	3.5675707
5320	NA	3.9839828
5322	NA	3.7721117
5323	NA	3.5833125
5326	NA	3.5540829
5328	NA	4.4409633
5330	NA	3.9759524
5331	NA	4.1821985
5332	NA	3.9759524
5336	NA	4.243278
5337	NA	4.4306707
5339	NA	4.36875
5343	NA	3.5072355
5344	NA	3.5875208
5353	NA	4.391044
5354	NA	4.014204
5355	NA	4.3667083
5360	NA	3.645898
5364	NA	4.0098424
5365	NA	4.3890605
5366	NA	4.3554425
5367	NA	3.1714048
5368	NA	3.1894023
5371	NA	3.1927378
5375	NA	4.3429804
5381	NA	4.1081853
5382	NA	4.3350663
5386	NA	3.9647608
5388	NA	4.2655735
5390	NA	4.275948
5392	NA	4.2256107
5394	NA	3.803031
5396	NA	3.7841423
5400	NA	4.0755553
5402	NA	4.176211
5403	NA	3.5058217
5408	NA	4.2479486
5410	NA	4.357256
5412	NA	3.9244692
5413	NA	3.8332283
5416	NA	3.9227266
5417	NA	4.415603
5418	NA	4.4755673
5421	NA	2.5168128
5422	NA	2.4690623
5424	NA	2.6758275
5425	NA	2.5979693
5428	NA	4.0794697
5430	NA	3.6274638
5431	NA	4.0144105
5433	NA	3.7517047
5438	NA	4.321749
5441	NA	3.2421725
5442	NA	3.5497234
5444	NA	4.1076655
5445	NA	3.900891
5448	NA	4.069379
5450	NA	4.0410624
5451	NA	3.6684542
5452	NA	4.2929425
5453	NA	3.8161688
5465	NA	3.8947606
5469	NA	3.26961
5470	NA	3.617649
5472	NA	4.4245577
5473	NA	4.1752663
5475	NA	3.245293
5479	NA	3.3556771
5481	NA	4.122713
5482	NA	4.3211203
5484	NA	4.1797924
5485	NA	4.2612605
5486	NA	3.9830995
5488	NA	4.27036
5490	NA	3.848056
5493	NA	3.7266724
5494	NA	4.0215163
5499	NA	4.42771
5506	NA	3.3006375
5508	NA	3.9187214
5509	NA	3.7418206
5511	NA	3.5223598
5515	NA	4.3357067
5516	NA	4.077519
5517	NA	4.426495
5519	NA	4.189744
5524	NA	3.4001422
5527	NA	4.3710055
5528	NA	4.3170795
5529	NA	4.022304
5536	NA	3.9528384
5539	NA	3.8563857
5541	NA	3.8854795
5542	NA	3.945602
5543	NA	4.3138
5544	NA	4.066177
5547	NA	3.2234335
5550	NA	3.075442
5551	NA	3.309113
5557	NA	3.4971912
5559	NA	3.2859576
5562	NA	3.9916227
5564	NA	4.4854097
5566	NA	3.704157
5567	NA	3.679262
5570	NA	4.348166
5571	NA	4.3017616
5572	NA	4.446922
5573	NA	4.485038
5574	NA	3.6432345
5576	NA	3.9779727
5577	NA	3.6906683
5578	NA	3.6911225
5579	NA	4.2138085
5581	NA	4.146013
5583	NA	3.9212763
5585	NA	3.4237864
5589	NA	4.4865847
5590	NA	4.3196106
5592	NA	4.1803813
5594	NA	3.9911795
5596	NA	4.397807
5597	NA	3.8948479
5598	NA	3.7198327
5599	NA	4.0175495
5600	NA	3.6980505
5601	NA	3.4249291
5605	NA	3.7471504
5606	NA	3.4155924
5611	NA	2.5373907
5616	NA	4.1889524
5622	NA	3.8973348
5625	NA	4.263247
5626	NA	4.3665924
5628	NA	3.66724
5629	NA	3.1625514
5630	NA	3.5706007
5631	NA	3.4470007
5635	NA	4.2110496
5636	NA	4.232314
5638	NA	3.8420832
5639	NA	3.8687184
5644	NA	4.356145
5648	NA	4.042067
5649	NA	4.2006454
5650	NA	4.2389755
5652	NA	4.4045887
5654	NA	4.37452
5655	NA	3.3938925
5658	NA	3.7102861
5660	NA	4.205608
5661	NA	4.3744025
5662	NA	4.0383663
5665	NA	3.5628655
5666	NA	3.3494394
5667	NA	3.627405
5669	NA	4.4468584
5670	NA	4.4334793
5672	NA	4.3472314
5673	NA	4.287146
5674	NA	4.3141026
5681	NA	3.9386525
5682	NA	3.9767983
5684	NA	4.074121
5685	NA	4.194329
5686	NA	4.259952
5688	NA	4.3450794
5689	NA	4.254816
5690	NA	4.051089
5692	NA	3.0150304
5699	NA	4.171622
5700	NA	3.9727151
5702	NA	3.9761539
5703	NA	3.8871973
5704	NA	4.185879
5705	NA	4.0316653
5707	NA	4.008331
5708	NA	3.9799616
5709	NA	3.529001
5711	NA	3.5816598
5713	NA	4.0537124
5714	NA	4.294581
5715	NA	4.17378
5716	NA	4.279881
5719	NA	3.5984218
5720	NA	3.9882517
5721	NA	3.7027464
5723	NA	3.71192
5724	NA	4.348073
5726	NA	4.3684726
5727	NA	3.886484
5729	NA	3.6479487
5730	NA	4.119243
5731	NA	4.271783
5734	NA	4.2857423
5735	NA	3.8266952
5738	NA	3.6551945
5743	NA	4.3292103
5746	NA	3.8066092
5748	NA	4.0553093
5754	NA	3.466144
5757	NA	3.0851994
5759	NA	4.14353
5760	NA	4.415291
5763	NA	4.394149
5766	NA	3.441071
5767	NA	3.4618254
5769	NA	3.5785503
5771	NA	4.3544846
5774	NA	3.9579265
5775	NA	3.7671325
5778	NA	4.179822
5780	NA	4.420679
5782	NA	4.3054066
5783	NA	2.9460773
5784	NA	2.8522174
5785	NA	2.9005797
5786	NA	2.9974136
5789	NA	3.9427285
5790	NA	4.1751637
5793	NA	4.3062315
5795	NA	3.80918
5796	NA	4.3702936
5798	NA	4.0992928
5800	NA	4.015535
5802	NA	3.1273408
5803	NA	3.2315822
5804	NA	3.412521
5805	NA	3.2813418
5807	NA	4.4272757
5808	NA	4.3763185
5809	NA	4.316877
5814	NA	3.7105
5817	NA	4.2353325
5818	NA	4.0604324
5827	NA	4.3607283
5830	NA	4.1959467
5831	NA	4.3945947
5832	NA	4.3943844
5833	NA	4.1267495
5837	NA	3.3437116
5838	NA	3.0285475
5840	NA	3.1076424
5843	NA	4.422031
5844	NA	4.232787
5849	NA	4.422031
5854	NA	4.4128604
5856	NA	3.9242156
5858	NA	4.023951
5862	NA	4.2762184
5863	NA	4.463071
5866	NA	4.061368
5868	NA	4.123699
5869	NA	3.8869886
5870	NA	4.2772994
5871	NA	3.9663055
5873	NA	3.2325459
5877	NA	3.6958423
5878	NA	4.413474
5880	NA	4.344137
5881	NA	4.049005
5884	NA	3.9619458
5888	NA	4.273982
5889	NA	4.432158
5891	NA	2.5774796
5892	NA	2.652053
5893	NA	2.666398
5896	NA	4.318234
5897	NA	3.9701078
5903	NA	3.5050855
5908	NA	4.3572755
5910	NA	3.4070878
5912	NA	3.2657788
5913	NA	3.4179823
5915	NA	4.1973705
5916	NA	4.033008
5917	NA	3.914967
5921	NA	2.63888
5925	NA	3.9058354
5926	NA	3.9253476
5927	NA	2.1517494
5929	NA	2.348841
5932	NA	4.2839065
5933	NA	4.2312574
5934	NA	4.053196
5935	NA	4.4099374
5939	NA	3.5967104
5940	NA	3.926685
5942	NA	4.3782225
5945	NA	4.3785043
5946	NA	4.011897
5949	NA	4.038165
5950	NA	3.9869285
5951	NA	4.0137377
5953	NA	3.9659486
5954	NA	4.3709636
5957	NA	4.0911975
5958	NA	4.074079
5959	NA	3.7263103
5961	NA	4.420619
5962	NA	3.8217149
5963	NA	4.427611
5967	NA	3.5840333
5969	NA	3.4652646
5971	NA	3.7105536
5972	NA	4.2062974
5973	NA	4.329049
5974	NA	4.139123
5980	NA	3.9888353
5981	NA	3.9155457
5984	NA	4.277796
5985	NA	4.445886
5993	NA	4.1257443
5994	NA	4.3376765
5995	NA	4.146739
5997	NA	4.362326
5998	NA	4.0507493
5999	NA	3.7983117
6002	NA	3.907294
6003	NA	4.3808513
6004	NA	4.4082055
6008	NA	3.4746685
6009	NA	3.4192772
6010	NA	3.7556434
6011	NA	3.5350838
6012	NA	3.6207535
6013	NA	3.5260243
6016	NA	3.9252596
6018	NA	4.168974
6019	NA	4.22338
6021	NA	4.2744417
6023	NA	3.8675768
6024	NA	4.2689514
6025	NA	4.2538676
6026	NA	4.259258
6031	NA	3.7254283
6033	NA	3.6320357
6034	NA	4.3597236
6036	NA	4.43966
6039	NA	3.8220787
6040	NA	3.6450827
6043	NA	3.7081618
6046	NA	4.2321196
6048	NA	4.2410336
6049	NA	3.494908
6055	NA	4.333975
6057	NA	4.355604
6058	NA	3.1271958
6059	NA	3.1986203
6062	NA	3.1937242
6063	NA	4.1864104
6064	NA	4.3721585
6066	NA	4.413789
6067	NA	4.391823
6069	NA	3.1864352
6070	NA	3.4103134
6071	NA	3.3673208
6073	NA	3.3498871
6074	NA	4.4711714
6076	NA	4.4246116
6079	NA	4.102668
6081	NA	4.0671797
6087	NA	3.6244948
6089	NA	3.8345475
6090	NA	3.7219906
6091	NA	3.7625847
6094	NA	4.4174
6097	NA	3.3831162
6100	NA	3.4452329
6102	NA	4.3025837
6107	NA	3.8616428
6110	NA	3.8605886
6111	NA	3.7522175
6113	NA	3.9185715
6114	NA	4.314427
6115	NA	4.351909
6116	NA	4.3801937
6118	NA	4.281457
6121	NA	4.2660966
6124	NA	4.2974787
6125	NA	4.2199197
6126	NA	4.4021235
6129	NA	4.1064863
6130	NA	4.068352
6132	NA	4.3726463
6134	NA	3.6667674
6138	NA	3.457763
6139	NA	3.5867543
6140	NA	3.3639116
6141	NA	3.7190232
6142	NA	3.4870043
6143	NA	4.306721
6148	NA	3.1058342
6149	NA	3.578337
6151	NA	3.651186
6156	NA	3.2357178
6162	NA	3.7429507
6163	NA	4.4260073
6165	NA	4.1642704
6166	NA	4.106789
6167	NA	4.1460485
6168	NA	3.6219952
6172	NA	4.403125
6173	NA	4.0484824
6177	NA	3.0723245
6181	NA	3.017677
6182	NA	3.1847615
6184	NA	4.458577
6189	NA	3.7678201
6190	NA	3.7198617
6192	NA	4.4576974
6196	NA	3.5140765
6201	NA	4.4118066
6204	NA	4.074117
6207	NA	2.8152573
6210	NA	3.1819408
6216	NA	4.12202
6217	NA	3.93226
6220	NA	4.1680336
6221	NA	4.485495
6222	NA	4.393802
6223	NA	4.414269
6226	NA	3.8796043
6227	NA	3.8617408
6229	NA	3.862893
6230	NA	4.332123
6235	NA	3.297569
6237	NA	3.4395459
6238	NA	3.549367
6240	NA	3.9617546
6244	NA	3.5664332
6245	NA	3.0845358
6247	NA	3.4066782
6251	NA	4.129429
6252	NA	3.9137716
6254	NA	3.8375416
6255	NA	3.850286
6256	NA	3.988588
6257	NA	3.9971738
6260	NA	4.2113447
6261	NA	4.4526763
6262	NA	4.0366197
6264	NA	3.5101738
6265	NA	4.117427
6268	NA	4.477106
6269	NA	4.1700935
6270	NA	4.4144225
6271	NA	4.276623
6273	NA	3.8545127
6274	NA	3.8664176
6275	NA	3.645487
6276	NA	3.911383
6277	NA	4.351533
6279	NA	4.391754
6281	NA	4.3334017
6282	NA	3.9507635
6283	NA	4.146403
6284	NA	4.0090976
6285	NA	4.1010723
6289	NA	4.24196
6294	NA	2.914596
6296	NA	2.7020333
6298	NA	3.2135954
6303	NA	4.049561
6304	NA	3.1808386
6312	NA	3.8540726
6314	NA	3.868493
6320	NA	3.777958
6322	NA	3.7869287
6323	NA	3.8894758
6324	NA	4.4523993
6325	NA	4.321422
6328	NA	4.479084
6329	NA	3.7824917
6331	NA	3.65729
6332	NA	3.6969087
6339	NA	4.3997097
6340	NA	4.015125
6341	NA	4.0718174
6343	NA	4.1333404
6351	NA	3.9593956
6352	NA	3.938412
6354	NA	4.123532
6355	NA	4.3840237
6356	NA	4.290686
6361	NA	4.036425
6364	NA	4.40076
6365	NA	4.410975
6367	NA	4.312143
6369	NA	3.3535566
6371	NA	3.524346
6374	NA	3.5382473
6376	NA	3.6810756
6378	NA	4.1019516
6379	NA	4.126892
6380	NA	3.789229
6383	NA	3.8246064
6384	NA	3.3947446
6388	NA	4.2930727
6389	NA	4.4413834
6391	NA	3.1940532
6393	NA	3.3236992
6398	NA	4.3045034
6399	NA	3.714668
6400	NA	3.8615034
6401	NA	3.8979027
6403	NA	3.7880464
6406	NA	4.2854705
6408	NA	4.15553
6409	NA	3.4856277
6410	NA	3.862639
6413	NA	3.6659331
6414	NA	3.6528234
6415	NA	4.1122866
6416	NA	4.013412
6418	NA	4.3867307
6422	NA	3.7641437
6425	NA	3.8146083
6427	NA	4.36941
6428	NA	4.337153
6430	NA	4.113347
6431	NA	3.5907118
6433	NA	3.7078414
6435	NA	3.6367462
6436	NA	3.696447
6437	NA	4.4522247
6438	NA	3.9561448
6439	NA	4.417352
6440	NA	4.3946443
6441	NA	3.6417036
6442	NA	3.5572107
6445	NA	3.691928
6446	NA	4.064821
6449	NA	3.671555
6451	NA	4.1167693
6453	NA	4.182146
6455	NA	4.097627
6456	NA	4.1454506
6457	NA	4.062617
6459	NA	4.397779
6461	NA	4.082752
6462	NA	3.2913752
6464	NA	3.4200647
6465	NA	2.883614
6466	NA	3.3034427
6472	NA	4.0550056
6473	NA	3.9928832
6474	NA	3.9879282
6475	NA	3.9729059
6476	NA	4.0289063
6479	NA	4.3502636
6481	NA	3.6097786
6483	NA	3.7101882
6484	NA	3.574054
6485	NA	3.6606047
6486	NA	4.482466
6487	NA	4.295422
6490	NA	3.5180116
6492	NA	3.5524333
6493	NA	3.5989707
6494	NA	3.5104995
6498	NA	4.2333717
6501	NA	3.568391
6502	NA	3.3374364
6503	NA	3.426992
6504	NA	3.3169308
6505	NA	3.3605006
6507	NA	4.3507576
6509	NA	4.4022503
6512	NA	3.6565487
6515	NA	4.3230414
6516	NA	4.352422
6518	NA	4.4382954
6519	NA	4.47059
6520	NA	3.9728458
6522	NA	3.989902
6523	NA	3.9332135
6524	NA	3.90186
6525	NA	4.048659
6526	NA	4.4777603
6528	NA	4.3842096
6530	NA	4.2458973
6533	NA	4.15396
6534	NA	4.0490775
6537	NA	4.372995
6538	NA	4.3319516
6541	NA	4.2149496
6542	NA	4.152851
6547	NA	4.240111
6551	NA	3.8739884
6553	NA	3.6687531
6556	NA	4.0893764
6560	NA	3.5612988
6561	NA	3.4503958
6562	NA	3.4934757
6564	NA	4.2480946
6570	NA	3.5429668
6571	NA	3.6533837
6573	NA	3.6491117
6574	NA	3.6795223
6581	NA	3.7851505
6583	NA	4.0863123
6585	NA	3.9607744
6586	NA	4.4666557
6587	NA	4.3110123
6594	NA	4.2024274
6596	NA	4.305428
6601	NA	4.170014
6602	NA	4.4044957
6608	NA	3.7986248
6609	NA	3.2178001
6611	NA	4.3914847
6612	NA	4.451718
6613	NA	4.4550548
6616	NA	3.4509096
6621	NA	4.112874
6622	NA	4.3976955
6623	NA	4.291217
6624	NA	3.7378032
6627	NA	3.5525286
6628	NA	3.7883625
6629	NA	4.443394
6630	NA	4.4242783
6633	NA	4.049179
6636	NA	4.0505147
6637	NA	4.0273423
6639	NA	4.04897
6641	NA	4.3106995
6642	NA	4.3616047
6643	NA	4.428489
6645	NA	3.8725903
6650	NA	3.97356
6651	NA	4.469722
6652	NA	4.47081
6653	NA	4.36318
6654	NA	3.3026686
6655	NA	3.358103
6660	NA	4.426871
6661	NA	4.1746964
6662	NA	4.275236
6663	NA	4.359785
6666	NA	3.4629052
6667	NA	3.0946162
6668	NA	3.4718702
6672	NA	4.37354
6676	NA	3.9442997
6677	NA	3.8601055
6679	NA	4.3726826
6680	NA	4.338242
6681	NA	3.4921548
6682	NA	4.140158
6685	NA	4.060945
6686	NA	4.12833
6689	NA	4.314862
6690	NA	3.8250496
6691	NA	3.3305004
6693	NA	3.289391
6699	NA	4.4477034
6702	NA	4.1555505
6703	NA	4.041082
6704	NA	4.0638433
6706	NA	4.273727
6707	NA	4.417997
6708	NA	4.3298593
6710	NA	3.6482453
6712	NA	3.5940642
6713	NA	3.7423809
6716	NA	4.1441145
6718	NA	4.376396
6719	NA	3.753297
6722	NA	4.130062
6724	NA	4.185434
6726	NA	4.2371683
6727	NA	4.2434244
6730	NA	3.2049584
6732	NA	3.236497
6734	NA	4.3904614
6737	NA	4.4437923
6739	NA	3.7400215
6741	NA	3.5889895
6743	NA	3.732384
6744	NA	3.8664045
6749	NA	4.0519066
6751	NA	3.9024544
6753	NA	4.051606
6755	NA	4.456647
6759	NA	3.985785
6763	NA	4.403261
6767	NA	4.452103
6774	NA	4.4615993
6776	NA	4.473861
6779	NA	3.8888717
6780	NA	4.0156436
6782	NA	4.0209656
6783	NA	4.451101
6785	NA	4.3481793
6786	NA	4.2570114
6787	NA	3.237569
6788	NA	3.1157427
6790	NA	3.2880063
6792	NA	4.06474
6793	NA	4.1497927
6794	NA	4.4044876
6795	NA	4.1133337
6796	NA	3.2079186
6797	NA	3.0554914
6798	NA	3.4094598
6801	NA	4.4808774
6803	NA	4.325567
6806	NA	3.427996
6807	NA	3.6199703
6808	NA	3.6190917
6809	NA	3.5124652
6811	NA	3.5124002
6815	NA	4.334747
6817	NA	3.7681262
6818	NA	3.9527068
6820	NA	4.038431
6821	NA	4.1601944
6823	NA	3.7177515
6826	NA	3.8866153
6827	NA	3.4887168
6828	NA	3.7090757
6829	NA	3.6968126
6831	NA	3.8367977
6832	NA	4.3275175
6835	NA	4.377952
6836	NA	3.2876432
6837	NA	3.111029
6838	NA	3.2066202
6839	NA	3.2699728
6841	NA	4.29709
6842	NA	4.0155683
6844	NA	4.397307
6846	NA	3.3280213
6848	NA	3.1922877
6850	NA	2.6883786
6852	NA	4.344018
6853	NA	4.262412
6854	NA	4.130363
6856	NA	3.6919537
6858	NA	3.6593585
6859	NA	3.6095405
6860	NA	3.6921268
6861	NA	4.4653225
6864	NA	4.255681
6867	NA	3.9566162
6871	NA	4.081296
6872	NA	4.349648
6873	NA	4.17995
6874	NA	3.6062045
6876	NA	3.5068614
6878	NA	3.644379
6881	NA	4.4247146
6882	NA	4.3450327
6883	NA	3.7438025
6886	NA	3.6095338
6888	NA	4.4625673
6889	NA	4.404368
6891	NA	4.4262204
6892	NA	3.804236
6893	NA	3.7508428
6895	NA	3.8959682
6898	NA	4.433239
6900	NA	4.393945
6904	NA	4.2540197
6906	NA	4.457287
6908	NA	4.3543277
6909	NA	4.3834844
6910	NA	4.1745305
6911	NA	4.0948505
6915	NA	4.5
6916	NA	4.163558
6917	NA	4.4607177
6925	NA	3.7187743
6926	NA	4.4690804
6928	NA	4.4300036
6929	NA	4.277572
6930	NA	3.490129
6933	NA	3.3379862
6935	NA	4.2690387
6936	NA	4.1967683
6937	NA	4.2480164
6938	NA	4.4447145
6939	NA	4.4888406
6941	NA	3.3448622
6943	NA	3.4026868
6944	NA	3.3695745
6949	NA	4.469089
6951	NA	4.0575075
6952	NA	4.10786
6953	NA	4.0251975
6954	NA	4.0459514
6956	NA	4.1329846
6959	NA	4.3721967
6960	NA	3.9918652
6962	NA	2.6146507
6963	NA	2.2754858
6965	NA	2.7329764
6967	NA	2.528714
6972	NA	4.404736
6973	NA	3.7926488
6976	NA	3.6649613
6977	NA	3.8127728
6984	NA	3.6659331
6985	NA	3.7521307
6986	NA	3.7040493
6988	NA	4.295586
6989	NA	4.136431
6990	NA	4.4656167
6999	NA	4.253549
7003	NA	3.5240297
7010	NA	4.047172
7011	NA	3.9079607
7012	NA	3.850151
7014	NA	4.100103
7015	NA	4.333743
7017	NA	4.208186
7023	NA	3.1783125
7024	NA	3.171655
7029	NA	4.383617
7030	NA	3.75689
7031	NA	3.630525
7032	NA	3.8347185
7033	NA	3.8393528
7034	NA	3.7564044
7036	NA	3.4663684
7037	NA	4.312843
7038	NA	4.435921
7039	NA	4.432846
7041	NA	3.8451343
7042	NA	3.9579914
7046	NA	4.0862017
7047	NA	4.3030343
7048	NA	4.484692
7049	NA	4.4678087
7050	NA	3.9520352
7051	NA	3.9667695
7052	NA	3.735523
7053	NA	3.7915304
7055	NA	4.3529124
7057	NA	4.22036
7059	NA	3.8907237
7062	NA	3.7891328
7065	NA	4.3444104
7067	NA	4.2629986
7068	NA	3.0421026
7069	NA	3.388655
7071	NA	3.009297
7072	NA	3.1007988
7073	NA	4.327528
7075	NA	4.484526
7076	NA	4.3569155
7078	NA	3.8261788
7079	NA	4.1146183
7080	NA	4.041685
7089	NA	3.6498432
7091	NA	3.724664
7095	NA	4.360098
7096	NA	4.158641
7097	NA	3.7790096
7098	NA	3.6267853
7102	NA	4.4371357
7106	NA	4.5
7107	NA	3.693403
7109	NA	3.7355006
7111	NA	3.5651433
7112	NA	3.7355006
7113	NA	4.420611
7114	NA	4.256119
7115	NA	4.4033933
7117	NA	3.7373974
7122	NA	4.401379
7128	NA	4.324523
7129	NA	4.288415
7130	NA	4.386112
7131	NA	4.467091
7132	NA	4.3160677
7134	NA	4.325076
7135	NA	4.144859
7136	NA	4.198055
7137	NA	4.0435514
7140	NA	4.298849
7141	NA	4.396774
7142	NA	4.3475747
7146	NA	4.3380675
7147	NA	3.5689647
7148	NA	3.4617732
7149	NA	3.7156823
7151	NA	3.484322
7152	NA	3.5682728
7154	NA	4.4181542
7157	NA	4.251469
7158	NA	4.061005
7159	NA	4.0140905
7160	NA	4.2013745
7162	NA	4.0916653
7163	NA	4.4030886
7167	NA	3.8692806
7168	NA	3.7801824
7169	NA	3.8090343
7170	NA	3.8777256
7171	NA	3.6885803
7172	NA	3.8929415
7173	NA	4.452608
7174	NA	4.3070207
7175	NA	4.3107214
7176	NA	4.2854633
7177	NA	3.9462898
7178	NA	3.756859
7179	NA	3.8661072
7180	NA	3.9178019
7181	NA	3.8872852
7182	NA	4.2154064
7183	NA	4.378497
7184	NA	4.326689
7187	NA	3.4843085
7188	NA	3.6975653
7190	NA	3.587957
7191	NA	3.5881004
7192	NA	3.6836507
7193	NA	4.475163
7194	NA	4.135005
7195	NA	4.207362
7197	NA	3.6522834
7198	NA	3.8789132
7199	NA	3.933218
7201	NA	3.9295783
7202	NA	4.40035
7203	NA	4.273895
7206	NA	4.4773226
7207	NA	4.0749087
7212	NA	4.057719
7215	NA	4.2992315
7216	NA	4.1580467
7220	NA	3.8570282
7223	NA	4.3103485
7225	NA	4.296085
7227	NA	3.5070095
7231	NA	3.3398056
7232	NA	3.3964095
7233	NA	4.326174
7236	NA	4.47783
7238	NA	3.8719287
7243	NA	3.872585
7244	NA	4.4562144
7245	NA	4.4852896
7247	NA	4.2769337
7248	NA	4.3860393
7249	NA	3.7561126
7250	NA	3.867506
7251	NA	3.8578267
7253	NA	3.7915092
7254	NA	3.7953374
7255	NA	4.4475017
7256	NA	4.4308352
7257	NA	4.3374786
7258	NA	4.2919555
7259	NA	4.434624
7260	NA	3.903684
7261	NA	3.7255363
7263	NA	3.8865712
7264	NA	3.9322293
7265	NA	3.909831
7266	NA	4.4683065
7272	NA	3.9988134
7273	NA	3.9038987
7275	NA	4.2265134
7278	NA	4.435314
7279	NA	3.7241209
7282	NA	3.676081
7283	NA	3.7403271
7284	NA	4.4659314
7285	NA	4.482387
7286	NA	4.374278
7288	NA	4.3954024
7289	NA	2.8339422
7290	NA	3.0221603
7295	NA	4.4619684
7296	NA	4.4246516
7297	NA	4.3895802
7299	NA	3.8040905
7301	NA	3.9516335
7303	NA	3.940831
7305	NA	4.4368258
7307	NA	4.420517
7308	NA	4.2479296
7310	NA	4.14192
7312	NA	4.2255263
7317	NA	4.4402785
7318	NA	4.423223
7321	NA	4.3097405
7323	NA	4.326472
7324	NA	4.436496
7325	NA	4.4460115
7326	NA	4.340694
7327	NA	4.371545
7328	NA	3.7548296
7329	NA	3.873073
7330	NA	3.765078
7331	NA	3.7076943
7333	NA	3.8644586
7336	NA	4.33241
7337	NA	4.4495697
7338	NA	4.358371
7339	NA	4.280014
7341	NA	2.964848
7342	NA	3.0226758
7345	NA	3.0614493
7348	NA	4.349312
7351	NA	3.4132905
7354	NA	3.7013812
7355	NA	3.378091
7357	NA	4.3503714
7360	NA	4.166927
7361	NA	3.3935788
7366	NA	4.195577
7369	NA	4.393251
7373	NA	3.901071
7376	NA	3.9037883
7377	NA	4.437283
7378	NA	4.2629633
7379	NA	4.052436
7380	NA	4.2532835
7382	NA	3.6017277
7384	NA	3.9230368
7385	NA	3.8298717
7387	NA	3.6783378
7393	NA	3.6443965
7395	NA	4.3536396
7396	NA	4.137265
7400	NA	3.6736298
7401	NA	3.338198
7403	NA	3.5901804
7405	NA	4.4378867
7406	NA	4.3943734
7407	NA	4.266667
7408	NA	3.5276456
7409	NA	3.5346699
7412	NA	3.6034052
7413	NA	4.2713
7415	NA	4.258142
7421	NA	4.0980306
7424	NA	4.38325
7425	NA	4.3348413
7426	NA	4.3586125
7429	NA	4.0810375
7430	NA	4.2633142
7431	NA	4.082716
7433	NA	4.4196672
7435	NA	4.0725126
7436	NA	4.3925595
7439	NA	3.7857563
7440	NA	3.863481
7442	NA	4.40477
7443	NA	4.445234
7447	NA	4.388057
7449	NA	3.343893
7450	NA	3.1914053
7453	NA	3.2423244
7456	NA	4.203796
7458	NA	3.9424448
7460	NA	3.535484
7463	NA	3.3371172
7465	NA	3.346387
7467	NA	4.438635
7469	NA	4.4515123
7473	NA	3.9006474
7478	NA	3.5137281
7480	NA	4.1445775
7482	NA	3.390841
7484	NA	3.754601
7488	NA	4.271732
7489	NA	4.3811364
7490	NA	3.852451
7494	NA	4.0051813
7495	NA	4.433617
7498	NA	4.405255
7500	NA	4.0541277
7502	NA	4.1430397
7510	NA	3.9676645
7512	NA	3.888409
7513	NA	3.951436
7514	NA	3.9677882
7515	NA	4.2820706
7517	NA	4.4609776
7518	NA	4.4123464
7519	NA	3.9600039
7520	NA	3.8633158
7521	NA	4.0532475
7523	NA	3.9598963
7524	NA	4.440933
7528	NA	4.3250165
7529	NA	3.7146885
7530	NA	3.5501664
7531	NA	3.4153814
7535	NA	4.4364653
7536	NA	4.3677697
7538	NA	4.4780912
7540	NA	3.7014425
7552	NA	4.2663584
7555	NA	4.34292
7560	NA	3.8478904
7562	NA	3.72277
7565	NA	3.7137816
7566	NA	4.458547
7568	NA	4.466047
7570	NA	4.142855
7571	NA	4.10346
7574	NA	4.19861
7575	NA	4.344383
7578	NA	4.113414
7579	NA	2.5254838
7584	NA	3.435704
7585	NA	3.668433
7586	NA	4.3241305
7589	NA	4.347772
7591	NA	3.5215178
7592	NA	3.7764714
7593	NA	3.8978312
7595	NA	4.097771
7596	NA	3.9634752
7597	NA	3.6412647
7598	NA	4.4014306
7600	NA	3.692438
7601	NA	3.4312522
7602	NA	3.498656
7604	NA	3.0379057
7605	NA	3.6032355
7607	NA	4.328955
7610	NA	3.9061375
7614	NA	3.982101
7615	NA	4.459713
7617	NA	4.1816363
7620	NA	3.6713874
7621	NA	3.2482953
7623	NA	3.5861635
7624	NA	3.592537
7626	NA	4.3874187
7627	NA	4.4087753
7628	NA	4.4850116
7631	NA	4.2401276
7632	NA	4.182167
7633	NA	4.21741
7635	NA	4.4125476
7637	NA	4.431563
7640	NA	3.7096395
7644	NA	3.7487643
7645	NA	3.7338178
7646	NA	4.4778633
7650	NA	3.8938792
7655	NA	4.4225826
7656	NA	4.3692594
7661	NA	4.110167
7663	NA	4.16713
7664	NA	3.9973578
7671	NA	3.776673
7673	NA	3.802129
7674	NA	3.8104234
7676	NA	4.2701106
7679	NA	4.3962493
7683	NA	3.3308296
7684	NA	3.4675066
7685	NA	3.4698539
7686	NA	4.4440427
7690	NA	3.5403178
7691	NA	3.5368624
7693	NA	3.3592668
7694	NA	3.5226119
7695	NA	4.301311
7696	NA	4.2732677
7698	NA	4.4462624
7704	NA	3.1549969
7705	NA	3.2148607
7706	NA	4.4752784
7708	NA	4.4643545
7709	NA	4.413888
7710	NA	4.1312647
7713	NA	3.9312985
7715	NA	4.4379063
7717	NA	4.3916554
7721	NA	4.0675793
7725	NA	4.3723736
7727	NA	4.5
7730	NA	2.9927378
7735	NA	4.435446
7736	NA	4.087384
7737	NA	4.367272
7738	NA	4.23897
7745	NA	4.2099276
7748	NA	4.206667
7749	NA	3.2097638
7750	NA	3.4211035
7756	NA	4.273889
7758	NA	4.375978
7759	NA	4.199096
7761	NA	3.6196856
7762	NA	3.7387135
7765	NA	3.6445463
7766	NA	4.328463
7767	NA	4.413769
7770	NA	3.9684892
7773	NA	3.5031288
7774	NA	3.6783054
7775	NA	3.7413933
7783	NA	3.8547032
7786	NA	4.386043
7788	NA	4.095267
7789	NA	4.449316
7791	NA	3.3165624
7796	NA	4.198152
7797	NA	4.47583
7799	NA	3.9356022
7800	NA	3.9083343
7801	NA	3.8531995
7802	NA	3.6069386
7803	NA	3.9255705
7806	NA	4.44647
7809	NA	3.5134254
7812	NA	3.7163904
7814	NA	4.372196
7815	NA	4.3875327
7816	NA	4.4787736
7818	NA	3.7019708
7824	NA	4.3738523
7825	NA	4.3734612
7826	NA	4.186159
7827	NA	4.108699
7828	NA	4.056207
7829	NA	3.9536378
7830	NA	4.007751
7831	NA	4.339607
7832	NA	4.2523375
7833	NA	4.188267
7835	NA	4.1283884
7837	NA	4.2671237
7840	NA	4.398058
7842	NA	4.3669243
7843	NA	4.4318023
7845	NA	3.5978174
7846	NA	3.508514
7848	NA	3.6455295
7850	NA	4.4542875
7852	NA	4.4568768
7853	NA	3.8715372
7854	NA	3.8174553
7855	NA	3.4603515
7856	NA	3.6982732
7857	NA	3.7601187
7858	NA	4.432292
7860	NA	4.338488
7862	NA	4.0628257
7863	NA	3.9982316
7865	NA	4.217286
7870	NA	4.367917
7871	NA	4.467169
7873	NA	3.9913573
7874	NA	3.7963939
7879	NA	3.4490314
7880	NA	4.39714
7882	NA	3.9177213
7883	NA	3.9931316
7885	NA	3.1827927
7886	NA	3.9965088
7894	NA	4.2835073
7895	NA	4.302774
7897	NA	4.2228413
7901	NA	3.8946035
7904	NA	3.953935
7905	NA	4.432506
7907	NA	4.4600563
7908	NA	4.4630585
7910	NA	3.996182
7911	NA	4.0152383
7913	NA	3.9898286
7914	NA	3.9165237
7915	NA	3.9822698
7916	NA	4.2844353
7918	NA	4.409907
7919	NA	4.2394786
7920	NA	4.1820884
7922	NA	4.124368
7924	NA	4.3010206
7928	NA	4.4428353
7929	NA	3.2527044
7930	NA	3.2488194
7931	NA	3.3123143
7941	NA	3.3581355
7942	NA	3.380209
7943	NA	4.2894707
7944	NA	4.4915247
7945	NA	4.3906107
7948	NA	3.4618075
7952	NA	4.3956237
7955	NA	4.221712
7956	NA	3.988008
7958	NA	3.9911063
7960	NA	4.009768
7961	NA	4.441428
7962	NA	4.393321
7965	NA	4.350676
7968	NA	4.063585
7969	NA	3.8544183
7970	NA	4.0270395
7974	NA	4.442466
7975	NA	4.4394994
7978	NA	3.4662824
7979	NA	3.4664655
7982	NA	4.4747715
7983	NA	4.2616944
7984	NA	4.4230986
7988	NA	3.318977
7991	NA	3.8959167
7992	NA	4.3066635
7994	NA	4.372118
8000	NA	3.6221845
8001	NA	4.3588824
8003	NA	4.3299065
8004	NA	4.439092
8007	NA	2.7089612
8008	NA	2.960924
8009	NA	2.6668146
8011	NA	4.452202
8013	NA	4.4445586
8015	NA	3.5676122
8016	NA	3.7292213
8017	NA	3.460784
8019	NA	4.137705
8020	NA	4.217474
8022	NA	4.4562974
8023	NA	3.974452
8026	NA	3.9755394
8027	NA	4.178355
8030	NA	4.325277
8033	NA	3.6733162
8034	NA	3.7112405
8035	NA	3.679011
8036	NA	3.7270982
8042	NA	3.6573615
8043	NA	3.7746134
8045	NA	3.648109
8046	NA	4.4309444
8048	NA	4.4161325
8051	NA	4.067248
8052	NA	4.068048
8053	NA	4.009201
8054	NA	4.15541
8056	NA	4.4226675
8061	NA	3.3504188
8062	NA	3.3754961
8063	NA	3.390529
8066	NA	4.380083
8070	NA	4.094783
8074	NA	4.398954
8075	NA	4.3565955
8078	NA	3.4673955
8080	NA	3.3916314
8081	NA	3.4957163
8082	NA	4.4479985
8083	NA	4.394286
8085	NA	4.4106984
8086	NA	4.1530733
8087	NA	4.2987604
8088	NA	4.319144
8097	NA	4.0163703
8098	NA	4.048404
8099	NA	4.1104198
8100	NA	4.262868
8101	NA	4.072058
8102	NA	4.4431963
8103	NA	4.382662
8106	NA	3.5455074
8107	NA	3.5002754
8111	NA	4.46115
8113	NA	2.9694424
8114	NA	2.940651
8115	NA	2.7809868
8116	NA	2.958908
8117	NA	2.9483578
8118	NA	4.323163
8123	NA	2.3999958
8125	NA	2.8395772
8128	NA	4.382191
8131	NA	3.6973476
8132	NA	3.560788
8133	NA	3.5432532
8135	NA	3.5485523
8139	NA	4.457929
8140	NA	3.8700306
8142	NA	3.7561104
8144	NA	3.9103508
8146	NA	4.4728584
8148	NA	4.4709554
8149	NA	3.9302905
8150	NA	3.9314387
8151	NA	3.895934
8153	NA	3.902715
8154	NA	4.2874203
8160	NA	3.2986183
8164	NA	4.466398
8166	NA	4.4835973
8167	NA	3.9570498
8169	NA	4.059981
8170	NA	4.0533094
8171	NA	4.0624743
8172	NA	4.3014927
8174	NA	4.4127793
8176	NA	4.027266
8178	NA	4.04877
8181	NA	4.433676
8182	NA	4.408196
8183	NA	4.230754
8185	NA	4.1021113
8188	NA	4.3566875
8197	NA	3.830289
8198	NA	3.7593095
8202	NA	4.4047685
8203	NA	3.9705288
8204	NA	4.0879455
8205	NA	4.106749
8207	NA	4.1213703
8208	NA	4.468061
8209	NA	4.3523574
8214	NA	3.8389704
8218	NA	3.902074
8221	NA	3.5258977
8222	NA	3.3219707
8224	NA	3.3077044
8226	NA	4.362928
8229	NA	4.446299
8231	NA	4.0367928
8232	NA	3.9378812
8234	NA	4.0918617
8235	NA	4.357372
8236	NA	4.373868
8237	NA	4.2507043
8238	NA	4.21815
8239	NA	3.2727914
8240	NA	3.4791305
8241	NA	3.3465917
8242	NA	3.3207512
8243	NA	3.4510674
8244	NA	4.455154
8245	NA	4.4582663
8250	NA	4.045011
8252	NA	4.0089116
8253	NA	4.4649086
8254	NA	4.4050946
8255	NA	4.422188
8256	NA	4.4373364
8257	NA	4.1873755
8259	NA	4.1284246
8260	NA	4.018917
8261	NA	4.114861
8262	NA	4.4410543
8265	NA	4.4512477
8268	NA	3.8458283
8270	NA	3.8089488
8271	NA	4.4301867
8273	NA	4.285296
8275	NA	3.0928364
8278	NA	2.9827156
8279	NA	3.038935
8280	NA	4.2925463
8284	NA	3.7695322
8286	NA	3.5416882
8287	NA	3.6288064
8290	NA	4.0251594
8291	NA	4.3844047
8292	NA	4.4430223
8293	NA	3.659422
8295	NA	3.5353363
8297	NA	3.78788
8298	NA	4.1035748
8299	NA	4.4845777
8301	NA	4.4073343
8302	NA	4.0426016
8303	NA	4.1978307
8308	NA	4.4134836
8309	NA	4.442002
8310	NA	4.494738
8311	NA	3.0391886
8315	NA	3.0254736
8318	NA	3.817845
8319	NA	4.25171
8320	NA	3.3491116
8322	NA	2.6421928
8324	NA	3.5628245
8332	NA	3.6405673
8337	NA	4.4794707
8341	NA	3.7414777
8342	NA	3.7661676
8344	NA	4.423038
8346	NA	4.4548817
8348	NA	4.2032022
8350	NA	4.2221117
8353	NA	4.336407
8354	NA	4.4076605
8357	NA	4.142485
8359	NA	4.1664557
8361	NA	4.406136
8364	NA	4.4632297
8365	NA	3.9565816
8369	NA	4.025442
8370	NA	4.4424696
8371	NA	4.026105
8372	NA	4.4339056
8373	NA	4.3927035
8378	NA	3.3178618
8380	NA	4.4534345
8382	NA	4.26804
8385	NA	3.887824
8386	NA	3.81497
8387	NA	3.8592231
8390	NA	4.437511
8391	NA	4.453919
8392	NA	3.811381
8393	NA	3.8745897
8394	NA	3.8080008
8395	NA	3.8872824
8397	NA	4.1786747
8399	NA	4.319129
8401	NA	3.9325817
8402	NA	3.777849
8403	NA	3.4294384
8405	NA	3.9517314
8408	NA	4.4109573
8410	NA	4.1433153
8411	NA	4.232466
8413	NA	4.297426
8414	NA	4.2812734
8415	NA	4.260515
8416	NA	4.3946075
8418	NA	4.435808
8420	NA	3.7759364
8422	NA	3.7126908
8423	NA	3.7302952
8427	NA	4.2063975
8428	NA	3.3112252
8429	NA	3.2592142
8432	NA	3.3090594
8433	NA	4.3403096
8436	NA	4.4608016
8438	NA	3.6834195
8439	NA	3.5415564
8440	NA	3.7585824
8442	NA	4.2243314
8443	NA	4.463263
8445	NA	4.358309
8447	NA	4.0808377
8448	NA	3.971314
8450	NA	4.200383
8454	NA	4.4636087
8463	NA	4.4574885
8464	NA	3.7519615
8465	NA	3.6921902
8466	NA	3.5371523
8467	NA	3.7391162
8468	NA	3.7241573
8472	NA	4.4919477
8473	NA	3.7474406
8477	NA	3.7170131
8478	NA	4.374695
8480	NA	4.2479467
8485	NA	3.9769936
8487	NA	4.3275075
8488	NA	4.302977
8491	NA	3.7446055
8495	NA	3.8702047
8496	NA	4.2262526
8497	NA	4.3754416
8498	NA	4.1506553
8499	NA	4.3937726
8503	NA	4.216331
8508	NA	4.4733152
8509	NA	3.2136567
8510	NA	3.3875134
8513	NA	3.4339705
8515	NA	4.32414
8518	NA	4.0339236
8519	NA	4.0472255
8522	NA	4.138194
8523	NA	4.4069896
8526	NA	4.443615
8527	NA	3.4182081
8531	NA	3.3878834
8533	NA	4.2858186
8534	NA	4.3652735
8535	NA	4.4493647
8539	NA	3.6483316
8540	NA	3.9104629
8542	NA	4.35373
8544	NA	4.466771
8545	NA	3.9492772
8546	NA	3.9503744
8547	NA	3.7354898
8549	NA	3.9754584
8550	NA	4.4514413
8552	NA	4.403686
8553	NA	4.367469
8554	NA	4.182323
8556	NA	4.2048626
8557	NA	4.220264
8559	NA	4.4567404
8560	NA	4.3832164
8565	NA	4.0497184
8568	NA	3.7639582
8570	NA	4.4035373
8573	NA	3.757213
8575	NA	3.7721763
8577	NA	4.0185857
8579	NA	4.4535832
8580	NA	4.4073334
8583	NA	3.4522293
8585	NA	3.7184982
8587	NA	4.355334
8591	NA	3.638419
8592	NA	3.7602975
8595	NA	4.4013133
8599	NA	3.7603025
8602	NA	3.9119794
8603	NA	3.9668117
8604	NA	4.405708
8605	NA	4.4040294
8612	NA	3.8578503
8615	NA	4.410232
8616	NA	4.443758
8617	NA	3.876803
8619	NA	3.7859833
8621	NA	3.8727736
8623	NA	3.8337677
8625	NA	4.2851315
8628	NA	3.152595
8634	NA	4.453759
8638	NA	3.7273362
8640	NA	4.4198723
8641	NA	4.495592
8642	NA	4.3309135
8643	NA	4.2040787
8644	NA	4.424892
8648	NA	3.7578917
8650	NA	3.839635
8652	NA	4.4176855
8653	NA	4.3811235
8654	NA	4.3286643
8655	NA	3.867377
8659	NA	3.877126
8661	NA	3.9314568
8662	NA	4.2996445
8666	NA	3.3671968
8667	NA	3.0491617
8670	NA	4.2685075
8671	NA	4.446398
8672	NA	4.487554
8673	NA	3.8604977
8677	NA	3.8426454
8681	NA	4.485441
8682	NA	3.1395388
8687	NA	4.2242064
8688	NA	4.3299417
8693	NA	3.92853
8694	NA	3.9445622
8695	NA	4.0838704
8698	NA	4.4825544
8701	NA	4.3360744
8703	NA	4.298365
8704	NA	4.3616204
8706	NA	4.4847665
8707	NA	4.4141984
8710	NA	3.7003484
8711	NA	3.666869
8713	NA	3.6799347
8715	NA	4.3584213
8717	NA	4.403763
8718	NA	3.6240687
8720	NA	3.7381928
8721	NA	3.6980152
8722	NA	3.7143886
8723	NA	4.2673597
8725	NA	4.2133684
8726	NA	4.419651
8729	NA	4.0573277
8730	NA	4.029166
8731	NA	4.039044
8732	NA	4.2142243
8733	NA	4.358829
8734	NA	4.3618407
8735	NA	4.301241
8736	NA	3.87456
8737	NA	3.9560428
8740	NA	4.1760015
8744	NA	4.44644
8745	NA	4.066888
8747	NA	4.1758447
8752	NA	4.18921
8754	NA	3.5761232
8755	NA	3.922321
8758	NA	3.9666398
8761	NA	4.427207
8762	NA	4.415055
8763	NA	3.4284365
8764	NA	3.263348
8765	NA	3.4312472
8769	NA	4.424814
8770	NA	4.2050214
8771	NA	4.405704
8772	NA	3.7282736
8773	NA	3.9101915
8774	NA	3.7757795
8776	NA	3.9007957
8778	NA	4.486636
8780	NA	4.3056517
8782	NA	3.97926
8785	NA	4.0369143
8788	NA	4.4501605
8789	NA	4.4958344
8793	NA	3.7826905
8795	NA	4.2297883
8797	NA	4.2588177
8798	NA	4.24045
8799	NA	4.0983434
8802	NA	3.9837728
8803	NA	4.0931587
8804	NA	4.265761
8807	NA	4.4225802
8808	NA	3.360449
8809	NA	3.697047
8810	NA	3.963299
8811	NA	3.824795
8812	NA	3.742209
8817	NA	4.3877563
8818	NA	4.1278834
8819	NA	4.211483
8820	NA	4.181156
8821	NA	4.3120666
8824	NA	4.4465623
8825	NA	4.4966683
8826	NA	3.8756251
8827	NA	3.7229092
8828	NA	3.6853538
8829	NA	3.7574723
8831	NA	4.3821983
8833	NA	4.4162397
8835	NA	4.017084
8837	NA	3.9796991
8839	NA	3.9846551
8840	NA	4.414885
8843	NA	4.4836483
8845	NA	3.706291
8847	NA	3.764178
8849	NA	4.373182
8850	NA	4.4180136
8851	NA	4.397373
8853	NA	4.309009
8857	NA	4.2163157
8860	NA	4.480878
8861	NA	4.484202
8863	NA	4.1286697
8864	NA	4.1725945
8865	NA	4.1399837
8866	NA	4.137959
8868	NA	4.1311383
8870	NA	4.4868298
8871	NA	3.9621687
8872	NA	3.7581284
8874	NA	3.6299465
8877	NA	4.410282
8880	NA	3.653449
8881	NA	3.5264063
8882	NA	3.5056503
8883	NA	3.546379
8884	NA	3.6006718
8885	NA	4.4711714
8886	NA	4.493354
8887	NA	4.247487
8889	NA	3.632164
8890	NA	3.6089995
8891	NA	3.606125
8893	NA	3.6032524
8895	NA	4.324548
8896	NA	4.384707
8897	NA	4.401882
8898	NA	3.4188557
8899	NA	3.3807526
8900	NA	2.9143393
8904	NA	4.474315
8905	NA	4.4247823
8906	NA	4.4294605
8909	NA	3.5587668
8910	NA	3.7344863
8911	NA	3.7333052
8912	NA	4.1729255
8919	NA	3.808285
8920	NA	3.869425
8921	NA	4.0997105
8922	NA	4.405357
8923	NA	4.3210077
8925	NA	3.814801
8927	NA	3.763659
8928	NA	3.7043624
8929	NA	3.812019
8930	NA	4.4680214
8931	NA	4.4689107
8933	NA	4.4512525
8935	NA	3.9518938
8939	NA	4.2584715
8940	NA	4.350956
8946	NA	3.452916
8947	NA	3.5555584
8950	NA	4.393419
8951	NA	4.3838854
8953	NA	4.279435
8954	NA	4.3207517
8960	NA	4.394913
8962	NA	3.5134962
8968	NA	4.5
8969	NA	4.459025
8970	NA	4.0566635
8971	NA	4.0700936
8974	NA	4.056663
8975	NA	4.3777122
8979	NA	3.9110801
8981	NA	3.6411858
8984	NA	4.3607154
8985	NA	4.384121
8989	NA	4.061833
8990	NA	4.0720286
8991	NA	3.988698
8993	NA	4.3638344
8995	NA	4.4471383
8997	NA	4.4467435
9002	NA	4.0893946
9003	NA	4.0891848
9004	NA	4.4041357
9007	NA	4.4502077
9008	NA	4.099788
9009	NA	4.1119776
9010	NA	4.238833
9012	NA	4.193847
9013	NA	4.4143267
9016	NA	4.4552064
9018	NA	3.64228
9020	NA	3.7384143
9022	NA	4.4160666
9023	NA	4.0794744
9025	NA	4.467789
9026	NA	3.1805937
9027	NA	3.1648638
9032	NA	4.3460665
9034	NA	4.4553194
9042	NA	4.3889546
9043	NA	4.479863
9047	NA	4.1848297
9048	NA	4.235712
9049	NA	4.3988004
9052	NA	4.445791
9055	NA	3.8370745
9057	NA	3.7421517
9059	NA	4.2390523
9060	NA	4.1857476
9061	NA	4.441624
9062	NA	3.8528624
9063	NA	3.7419689
9064	NA	3.9499254
9065	NA	3.4615366
9072	NA	3.4572122
9076	NA	4.3378468
9079	NA	4.473946
9081	NA	3.8923635
9082	NA	3.9056
9084	NA	3.955177
9087	NA	4.317426
9088	NA	4.239607
9089	NA	3.1724384
9091	NA	3.1863067
9092	NA	3.2706769
9100	NA	3.8657737
9104	NA	4.4555373
9105	NA	4.316652
9107	NA	3.4789298
9111	NA	3.7444367
9112	NA	3.9267
9114	NA	4.3481927
9115	NA	4.353003
9116	NA	3.7781925
9118	NA	3.9122834
9119	NA	3.8024287
9120	NA	3.715077
9121	NA	4.4787927
9122	NA	4.4795322
9123	NA	4.4256086
9124	NA	4.4352207
9128	NA	3.5804448
9130	NA	4.3754454
9135	NA	4.3044424
9138	NA	4.322218
9143	NA	4.1900616
9144	NA	4.216269
9145	NA	4.223806
9149	NA	4.464282
9151	NA	4.493079
9152	NA	3.8626688
9154	NA	3.8115788
9157	NA	4.403646
9158	NA	4.3253202
9162	NA	4.014524
9163	NA	3.8978822
9164	NA	3.8948357
9165	NA	4.00595
9166	NA	4.400771
9168	NA	4.3963885
9170	NA	4.3535256
9173	NA	4.291833
9174	NA	4.334454
9175	NA	3.6614115
9176	NA	4.136139
9178	NA	4.226428
9179	NA	3.5690784
9180	NA	3.53336
9182	NA	3.467311
9190	NA	3.7764244
9191	NA	3.8505042
9195	NA	4.284081
9197	NA	3.906192
9199	NA	3.899727
9201	NA	3.900953
9202	NA	4.275191
9203	NA	4.4921985
9204	NA	4.412676
9205	NA	4.406071
9207	NA	4.0167747
9209	NA	4.094693
9210	NA	4.1040416
9214	NA	4.4507318
9216	NA	3.3329413
9217	NA	3.288143
9218	NA	3.2491386
9219	NA	3.399295
9220	NA	4.437703
9221	NA	4.4682994
9225	NA	2.7855299
9226	NA	2.8550696
9227	NA	2.8480837
9228	NA	2.8750317
9229	NA	4.1323113
9231	NA	4.4143815
9232	NA	4.4561763
9234	NA	4.2959266
9237	NA	4.334899
9243	NA	3.7565627
9244	NA	3.7712388
9245	NA	3.820221
9246	NA	3.8010023
9248	NA	4.4331727
9251	NA	3.2541857
9252	NA	3.275312
9253	NA	3.23451
9256	NA	4.466424
9257	NA	4.453815
9258	NA	4.4355865
9260	NA	4.1082096
9261	NA	4.018023
9263	NA	4.009702
9265	NA	4.468924
9266	NA	4.487237
9267	NA	3.7293334
9268	NA	4.4577827
9270	NA	3.6867907
9271	NA	3.668705
9276	NA	4.2682486
9277	NA	4.4589133
9278	NA	3.9090395
9279	NA	4.029708
9282	NA	4.035589
9283	NA	4.388528
9286	NA	4.47509
9289	NA	3.955609
9290	NA	4.0031433
9291	NA	4.0103083
9294	NA	4.3927183
9296	NA	3.5687678
9298	NA	3.5388925
9301	NA	4.4804144
9302	NA	4.456241
9304	NA	4.272175
9306	NA	3.0711617
9310	NA	4.406511
9311	NA	4.224196
9312	NA	4.2299366
9316	NA	3.26103
9317	NA	3.0579793
9318	NA	3.1630387
9320	NA	4.29196
9321	NA	4.4058666
9322	NA	4.424017
9324	NA	3.4852855
9325	NA	3.382092
9331	NA	4.481003
9332	NA	4.4599547
9333	NA	4.4809313
9334	NA	4.2125673
9339	NA	4.421987
9340	NA	4.4566746
9341	NA	4.3335347
9345	NA	3.7796528
9346	NA	3.7166262
9347	NA	3.763984
9348	NA	4.386241
9352	NA	3.0798674
9353	NA	3.131118
9355	NA	3.2147455
9357	NA	4.3610106
9358	NA	4.4529243
9360	NA	4.3843794
9363	NA	3.4906142
9364	NA	3.738645
9365	NA	3.7572575
9366	NA	4.456655
9372	NA	3.8887856
9376	NA	4.0125337
9378	NA	4.4506845
9379	NA	3.130631
9381	NA	3.3183696
9382	NA	3.25927
9383	NA	3.1818988
9384	NA	4.2085814
9390	NA	2.9459474
9392	NA	3.0004737
9396	NA	4.443491
9397	NA	4.1601443
9398	NA	4.187177
9399	NA	4.0787616
9403	NA	4.1461062
9404	NA	4.3069882
9405	NA	4.4742084
9406	NA	3.4217088
9409	NA	3.4920588
9410	NA	3.4317229
9411	NA	4.4110136
9415	NA	3.7075143
9416	NA	3.7892582
9417	NA	3.8215744
9418	NA	3.698531
9419	NA	3.7854311
9420	NA	4.4191837
9421	NA	4.491429
9422	NA	4.3851447
9428	NA	4.071643
9429	NA	4.27358
9432	NA	4.432677
9440	NA	4.4877696
9441	NA	4.4602165
9443	NA	3.7354903
9446	NA	3.8911593
9450	NA	4.4292912
9454	NA	3.7157025
9458	NA	4.406068
9459	NA	4.45861
9460	NA	4.360343
9463	NA	3.4689946
9464	NA	3.4936235
9466	NA	3.5167668
9468	NA	4.48156
9470	NA	4.272437
9472	NA	3.1748638
9474	NA	2.975354
9476	NA	4.4191914
9477	NA	4.4191203
9478	NA	2.8926182
9479	NA	4.34347
9480	NA	2.685499
9481	NA	3.9528532
9483	NA	4.0443454
9484	NA	4.060738
9485	NA	4.4569387
9486	NA	4.0108547
9487	NA	4.158591
9491	NA	3.7888172
9494	NA	4.299482
9498	NA	3.401889
9501	NA	3.2126317
9503	NA	4.463362
9505	NA	4.2367063
9507	NA	3.934083
9508	NA	3.6525578
9509	NA	3.7618325
9511	NA	3.8125594
9513	NA	4.4682026
9514	NA	4.3868985
9518	NA	3.7969637
9519	NA	3.9523025
9520	NA	3.9588237
9521	NA	4.1622996
9522	NA	4.1194496
9523	NA	4.111242
9527	NA	3.7726371
9528	NA	3.71194
9533	NA	4.3605275
9534	NA	3.7543025
9536	NA	3.554325
9539	NA	4.4085603
9543	NA	3.784915
9546	NA	3.7790363
9547	NA	3.7627275
9548	NA	4.201739
9550	NA	4.395763
9552	NA	4.152682
9553	NA	4.0430546
9559	NA	4.4430737
9560	NA	4.3092365
9564	NA	3.917279
9566	NA	4.1435313
9568	NA	4.44668
9573	NA	3.6849325
9575	NA	4.363707
9582	NA	3.5478084
9585	NA	4.221416
9586	NA	4.436487
9587	NA	4.4866266
9588	NA	4.3550363
9589	NA	3.4305296
9590	NA	3.4834235
9595	NA	3.4279091
9596	NA	4.3249846
9597	NA	4.279676
9598	NA	4.4277544
9601	NA	3.7085133
9603	NA	3.1023357
9606	NA	4.352015
9608	NA	3.7775166
9611	NA	3.6484334
9612	NA	3.7364373
9613	NA	4.4361825
9614	NA	4.4424086
9618	NA	3.4563813
9619	NA	3.4379656
9620	NA	3.5911272
9621	NA	3.5050128
9622	NA	4.4489355
9625	NA	4.472778
9626	NA	4.081123
9628	NA	4.1067057
9629	NA	4.088052
9630	NA	4.1013756
9633	NA	4.4144363
9634	NA	4.4747024
9637	NA	4.271947
9640	NA	4.3203506
9642	NA	4.352687
9647	NA	3.3725514
9648	NA	3.3114014
9649	NA	3.4912794
9652	NA	4.4425793
9654	NA	4.3686185
9655	NA	3.8605237
9658	NA	3.8832395
9660	NA	4.3862305
9661	NA	4.4750915
9663	NA	4.398225
9664	NA	4.2509246
9670	NA	4.4745855
9671	NA	4.4466186
9672	NA	4.4973965
9673	NA	3.671439
9674	NA	3.7011533
9679	NA	4.475522
9681	NA	4.495396
9682	NA	3.8354096
9683	NA	3.8275456
9685	NA	3.8005476
9686	NA	3.8305783
9688	NA	4.242074
9690	NA	4.120486
9693	NA	3.6549063
9696	NA	4.359278
9705	NA	4.406774
9707	NA	4.475963
9711	NA	4.1989636
9712	NA	4.0939927
9714	NA	4.436395
9716	NA	4.08618
9724	NA	4.4553843
9725	NA	4.4784894
9727	NA	3.712248
9728	NA	3.6499507
9729	NA	4.000589
9732	NA	4.122257
9734	NA	4.4829755
9735	NA	4.4806123
9737	NA	3.7081537
9739	NA	3.709446
9740	NA	3.6924443
9741	NA	4.3451376
9742	NA	4.39763
9743	NA	4.4855986
9750	NA	4.4170804
9751	NA	4.4899244
9754	NA	3.9155364
9755	NA	3.8829277
9756	NA	3.9555526
9761	NA	3.4241943
9762	NA	3.022674
9767	NA	3.5511003
9768	NA	3.193741
9772	NA	2.664414
9775	NA	3.7819297
9777	NA	3.2979548
9779	NA	2.398675
9781	NA	3.8153942
9782	NA	2.5048947
9783	NA	2.7502522
9785	NA	3.0214407
9787	NA	2.5841348
9790	NA	2.990206
9791	NA	3.4433773
9792	NA	3.1828716
9793	NA	2.890809
9794	NA	2.8677998
9796	NA	2.9644437
9797	NA	3.3080556
9798	NA	3.6599617
9802	NA	3.4244146
9804	NA	3.0943725
9807	NA	3.1767795
9808	NA	2.9335775
9809	NA	3.0611806
9810	NA	2.739268
9812	NA	2.6786487
9813	NA	3.264053
9818	NA	3.0902927
9819	NA	3.0965254
9823	NA	2.7645862
9824	NA	2.6618748
9826	NA	2.685659
9828	NA	3.3359199
9830	NA	3.1475103
9831	NA	2.8202775
9832	NA	3.1098301
9833	NA	3.388125
9834	NA	2.3403356
9835	NA	2.4662845
9837	NA	3.6517324
9842	NA	3.3429122
9845	NA	2.0119553
9848	NA	2.357766
9849	NA	3.5645657
9850	NA	2.9510329
9852	NA	3.1180751
9854	NA	3.1219578
9855	NA	3.059898
9857	NA	2.479619
9858	NA	3.4679031
9861	NA	3.0747132
9862	NA	2.812653
9865	NA	2.416416
9866	NA	3.363463
9867	NA	3.148763
9871	NA	2.557136
9872	NA	3.0255666
9873	NA	2.530007
9881	NA	3.2388887
9883	NA	2.4059093
9887	NA	3.352418
9888	NA	2.9769104
9890	NA	3.5816355
9891	NA	2.4654613
9892	NA	3.1965044
9894	NA	2.8992496
9896	NA	3.2634895
9898	NA	2.4872832
9899	NA	2.5155592
9901	NA	3.3526003
9902	NA	3.3729336
9906	NA	3.4956367
9908	NA	3.2641513
9909	NA	2.8830237
9910	NA	2.7361887
9913	NA	2.5956063
9917	NA	3.4524481
9918	NA	2.5946414
9920	NA	2.3095284
9923	NA	3.6610754
9924	NA	3.743775
9925	NA	3.274399
9928	NA	2.6046174
9929	NA	3.080299
9930	NA	3.1269422
9932	NA	3.0476084
9933	NA	2.412031
9937	NA	2.545292
9941	NA	2.9894726
9944	NA	1.9921433
9945	NA	2.7441292
9946	NA	2.448083
9950	NA	2.8820705
9952	NA	2.650562
9953	NA	3.115246
9954	NA	3.0548408
9956	NA	2.702107
9957	NA	2.4865074
9958	NA	2.7747018
9959	NA	2.7962003
9961	NA	2.891063
9962	NA	3.0735948
9964	NA	2.4165
9965	NA	3.0759418
9966	NA	2.686545
9969	NA	3.0989635
9970	NA	3.0706396
9971	NA	2.5651898
9972	NA	2.8119357
9977	NA	2.8210454
9978	NA	2.6337154
9979	NA	3.0386899
9986	NA	2.8433173
9987	NA	3.3055878
9989	NA	2.5757377
9990	NA	3.2695532
9991	NA	3.2622476
9992	NA	2.7747402
9994	NA	2.2117639
9995	NA	2.8481548
9996	NA	2.72034
