pair_ID	entailment_judgment	relatedness_score
6	NA	3.5530932
7	NA	4.1212516
8	NA	3.9852023
10	NA	4.916971
11	NA	4.91579
13	NA	3.5101998
15	NA	3.1335878
16	NA	2.850244
17	NA	2.809564
19	NA	4.875611
20	NA	4.618728
21	NA	4.9288063
22	NA	4.824931
23	NA	4.6850753
27	NA	3.6947863
29	NA	4.020751
31	NA	4.491768
32	NA	4.7192926
33	NA	4.72888
34	NA	4.5171547
36	NA	3.9703918
37	NA	4.1075783
38	NA	3.9248757
39	NA	4.1531982
41	NA	4.7995687
43	NA	4.923535
46	NA	3.927218
48	NA	3.6950433
50	NA	3.8963258
51	NA	3.8838787
52	NA	4.797944
53	NA	4.777002
54	NA	4.6034327
57	NA	3.9949389
59	NA	4.1112127
60	NA	4.010678
61	NA	3.609266
63	NA	4.8450747
64	NA	4.421514
66	NA	4.4567776
67	NA	4.665505
68	NA	4.39423
69	NA	4.418027
71	NA	4.473741
74	NA	4.867008
75	NA	4.8461237
76	NA	4.7041097
80	NA	3.4431107
86	NA	3.411976
89	NA	4.88682
92	NA	3.7670825
95	NA	3.8478582
96	NA	3.2483985
101	NA	4.9271603
102	NA	4.2017407
103	NA	3.769156
104	NA	3.7609015
106	NA	3.7456775
108	NA	4.6740494
109	NA	3.9092886
110	NA	4.595587
111	NA	4.52718
114	NA	3.0165577
115	NA	2.5489144
118	NA	4.714449
121	NA	4.858545
123	NA	3.953622
125	NA	3.7844028
128	NA	3.9391162
132	NA	4.701224
134	NA	4.5704923
135	NA	3.9285042
137	NA	3.8228042
138	NA	3.8098843
142	NA	4.3319087
143	NA	4.1504498
144	NA	3.716803
145	NA	2.6433883
147	NA	3.6411235
149	NA	4.8136187
151	NA	4.699279
152	NA	4.051673
153	NA	4.5380487
154	NA	3.9841073
155	NA	4.5913095
156	NA	4.4777713
157	NA	4.807052
158	NA	4.9369407
160	NA	4.5642724
162	NA	4.2254286
165	NA	4.2489853
166	NA	4.262342
167	NA	4.513185
168	NA	4.683048
169	NA	4.941084
171	NA	4.9259815
172	NA	4.5176826
174	NA	4.4288125
175	NA	4.570383
177	NA	4.462654
178	NA	4.7041383
179	NA	4.45048
180	NA	4.9083676
181	NA	4.6488557
182	NA	4.7217984
187	NA	3.1761332
189	NA	3.3536348
190	NA	3.4453425
191	NA	4.677759
193	NA	4.8268747
195	NA	4.3962674
196	NA	4.320081
198	NA	4.101026
199	NA	4.4012556
203	NA	4.6680818
204	NA	3.6201174
206	NA	3.843751
207	NA	3.4620187
208	NA	3.8433006
209	NA	4.720184
210	NA	4.236715
212	NA	4.6325984
213	NA	3.2293327
214	NA	3.3068562
220	NA	4.6938825
221	NA	4.7287536
222	NA	5.0
229	NA	4.98589
230	NA	4.1737137
231	NA	4.8831596
235	NA	3.6040492
239	NA	3.7184474
242	NA	4.698237
243	NA	4.6447554
244	NA	4.5804076
245	NA	4.799838
246	NA	3.953904
247	NA	4.0787897
250	NA	4.1191125
251	NA	3.6521723
252	NA	4.076401
255	NA	4.9074893
261	NA	4.1876545
262	NA	4.72869
263	NA	4.8060255
264	NA	4.719077
267	NA	4.079161
268	NA	3.9777706
270	NA	3.99084
271	NA	4.2730265
274	NA	4.846242
275	NA	4.495334
278	NA	3.6066864
281	NA	3.6851866
282	NA	4.9160414
284	NA	4.1505084
288	NA	4.3632493
290	NA	4.358128
292	NA	4.2924905
294	NA	4.686722
295	NA	3.7679286
297	NA	3.6482956
298	NA	3.468768
299	NA	3.730993
300	NA	4.7627883
306	NA	3.6859434
307	NA	3.9306827
308	NA	3.7898073
314	NA	4.8664684
316	NA	3.7527714
318	NA	3.9685104
319	NA	3.6168783
320	NA	3.7292428
321	NA	3.798261
322	NA	4.955146
324	NA	4.2866907
325	NA	3.743142
326	NA	3.9513924
328	NA	3.8044145
330	NA	3.7486331
334	NA	4.8913655
336	NA	3.966949
337	NA	3.2869256
343	NA	4.5928493
345	NA	3.8417227
348	NA	4.0489755
349	NA	4.220703
350	NA	4.2407484
352	NA	4.723161
353	NA	4.8474727
355	NA	4.10773
356	NA	3.515922
357	NA	4.262356
359	NA	3.5884826
364	NA	4.7695484
365	NA	4.9089475
368	NA	4.47341
369	NA	4.465693
371	NA	4.913692
376	NA	4.365322
383	NA	4.669542
385	NA	4.793128
386	NA	4.4222054
388	NA	4.497744
389	NA	4.5614686
399	NA	4.091556
400	NA	4.2117476
401	NA	4.2342033
405	NA	4.538831
406	NA	3.3772128
407	NA	3.2754915
408	NA	3.598256
411	NA	4.7942843
412	NA	4.3614707
414	NA	4.631866
416	NA	4.0536947
418	NA	4.184779
419	NA	4.5253525
420	NA	4.2067933
421	NA	4.197646
424	NA	4.6469846
425	NA	4.3669806
426	NA	4.8699527
429	NA	4.555446
430	NA	4.3978963
431	NA	4.4041324
432	NA	4.570813
433	NA	4.6830163
437	NA	3.9887052
443	NA	4.620188
444	NA	4.6702166
445	NA	3.9031239
448	NA	4.0991707
452	NA	4.2165627
453	NA	4.4299827
455	NA	3.8317497
456	NA	4.2297144
458	NA	3.5476103
459	NA	3.688576
460	NA	3.8505301
463	NA	4.5726256
464	NA	4.784143
466	NA	4.6465955
467	NA	4.2353024
468	NA	3.922297
469	NA	4.713846
471	NA	4.31224
472	NA	4.2185698
474	NA	4.479209
478	NA	3.8396623
479	NA	3.761186
480	NA	3.7887175
481	NA	4.049742
482	NA	4.8267803
483	NA	4.067805
487	NA	4.581361
488	NA	4.0652475
490	NA	4.4678416
492	NA	4.6439385
493	NA	4.676497
495	NA	4.5822678
498	NA	3.8534467
501	NA	3.7745898
502	NA	4.701909
503	NA	4.7867317
504	NA	4.229339
509	NA	4.3626766
510	NA	4.3264394
511	NA	3.974254
512	NA	4.2057858
517	NA	4.5168324
518	NA	4.981184
519	NA	4.95687
521	NA	4.3583894
523	NA	3.974118
525	NA	4.0725837
532	NA	4.7083983
533	NA	4.6583557
534	NA	4.4935765
536	NA	4.141592
537	NA	4.28907
539	NA	4.509331
540	NA	4.4076986
543	NA	4.55338
544	NA	4.6782246
546	NA	4.887218
547	NA	3.891794
549	NA	3.8836489
553	NA	4.101228
554	NA	4.693238
558	NA	4.887131
559	NA	4.714486
562	NA	3.7481704
563	NA	3.6627548
566	NA	3.6047947
567	NA	4.875983
569	NA	4.59835
571	NA	4.6747456
572	NA	4.876113
573	NA	4.6211796
574	NA	4.4155087
575	NA	4.531257
576	NA	4.454308
577	NA	4.511519
578	NA	4.434082
579	NA	4.595318
580	NA	4.9392557
582	NA	4.8913865
583	NA	4.6339755
584	NA	4.8725567
585	NA	4.285386
589	NA	4.370334
590	NA	4.5007215
591	NA	4.8770385
593	NA	4.845594
594	NA	4.768911
595	NA	4.100715
596	NA	3.8453286
598	NA	3.975346
600	NA	4.9583206
602	NA	4.527553
607	NA	4.3371735
608	NA	4.072609
610	NA	4.095933
612	NA	4.3547015
613	NA	4.997421
614	NA	4.7869062
615	NA	4.6995134
616	NA	4.3337817
618	NA	4.2026973
620	NA	3.8283706
623	NA	4.1171293
624	NA	4.205322
627	NA	4.5783253
633	NA	3.7887444
635	NA	3.8082364
636	NA	3.5385475
639	NA	4.938898
640	NA	4.7907515
642	NA	4.794596
644	NA	4.373578
652	NA	4.838189
654	NA	4.271414
656	NA	4.8043723
658	NA	4.364858
659	NA	4.218034
662	NA	4.286366
664	NA	4.302598
665	NA	4.8354874
666	NA	4.283456
667	NA	4.920173
669	NA	4.7195463
670	NA	3.7591367
673	NA	3.785452
674	NA	3.723008
675	NA	3.6500173
677	NA	4.9010425
681	NA	4.4767833
682	NA	4.1725683
683	NA	4.0207295
684	NA	3.7874763
686	NA	4.034195
688	NA	4.1674137
694	NA	4.618144
695	NA	4.4464135
700	NA	4.4046926
701	NA	4.321245
705	NA	4.143477
706	NA	4.13262
707	NA	4.0878873
708	NA	3.478334
710	NA	3.5722063
711	NA	3.892944
712	NA	4.0082955
713	NA	4.728318
714	NA	4.3059053
716	NA	4.867644
719	NA	3.2324128
720	NA	3.1308491
721	NA	2.6707304
724	NA	3.1347275
726	NA	4.6816835
739	NA	4.842239
740	NA	4.383746
742	NA	4.481928
743	NA	3.5003965
744	NA	3.6241734
750	NA	3.7700891
751	NA	3.4741044
753	NA	4.8992414
755	NA	4.0062976
756	NA	3.8981588
758	NA	4.1523414
763	NA	4.635048
767	NA	3.9318862
770	NA	3.9762402
771	NA	4.043631
773	NA	4.775726
775	NA	4.721173
776	NA	3.9649475
778	NA	3.9967844
779	NA	4.1939454
781	NA	4.6675677
782	NA	4.6407275
786	NA	4.435074
787	NA	4.232303
788	NA	4.0176263
790	NA	3.821689
794	NA	4.9005013
795	NA	4.9008245
798	NA	4.398294
800	NA	3.593082
801	NA	4.2191715
803	NA	4.0967007
805	NA	4.779549
806	NA	4.880005
807	NA	4.5932417
808	NA	4.6060724
809	NA	4.317297
810	NA	3.6375875
814	NA	3.9722257
815	NA	3.8930495
817	NA	4.8926187
818	NA	4.791034
819	NA	4.7080574
821	NA	3.5347261
823	NA	3.1541672
826	NA	3.4375181
828	NA	4.907315
829	NA	4.810479
832	NA	4.568897
833	NA	3.9018028
834	NA	3.717108
835	NA	3.877449
837	NA	3.9713023
838	NA	3.9301176
840	NA	4.756003
842	NA	4.534917
843	NA	4.9096375
847	NA	4.0511527
849	NA	4.186207
850	NA	4.16503
853	NA	4.8468404
854	NA	4.054326
856	NA	4.9953313
861	NA	3.6108503
863	NA	4.3465858
865	NA	4.539047
871	NA	3.8845632
875	NA	4.221237
877	NA	4.7347884
884	NA	2.9802136
885	NA	3.539859
886	NA	3.355777
890	NA	4.6926064
891	NA	4.0173335
894	NA	4.1144223
896	NA	3.9910142
897	NA	3.7199037
900	NA	4.7193127
901	NA	4.718033
903	NA	4.5857787
905	NA	4.2145286
907	NA	4.267582
911	NA	4.3153586
912	NA	4.6807194
914	NA	4.954658
916	NA	4.330275
918	NA	2.9810364
919	NA	3.3211634
921	NA	3.1113296
923	NA	4.5330486
924	NA	4.847405
925	NA	4.287161
926	NA	4.5684066
928	NA	3.7926583
929	NA	4.129998
930	NA	4.693517
934	NA	4.89024
937	NA	4.912163
938	NA	4.6551957
939	NA	4.360384
941	NA	3.8293338
942	NA	3.6702385
946	NA	3.768599
951	NA	4.556623
952	NA	4.4822097
954	NA	3.3580492
955	NA	3.6942823
958	NA	3.5438957
964	NA	4.6061864
965	NA	4.677764
966	NA	4.0500107
968	NA	3.8251743
969	NA	4.1432567
971	NA	4.1313896
972	NA	4.1324773
974	NA	4.6071672
976	NA	4.91846
977	NA	4.841921
981	NA	3.4507675
982	NA	3.8753726
983	NA	3.6711633
986	NA	4.9137206
990	NA	4.9191256
992	NA	3.9046319
993	NA	3.7769477
995	NA	3.7059216
997	NA	3.5860703
999	NA	4.8531756
1001	NA	4.9042115
1003	NA	4.123675
1005	NA	4.21066
1006	NA	4.078713
1011	NA	4.7947555
1012	NA	4.202223
1013	NA	4.5957727
1014	NA	4.325385
1015	NA	4.183561
1017	NA	4.059541
1020	NA	4.2758546
1023	NA	4.4281764
1024	NA	4.765933
1025	NA	4.4318724
1027	NA	3.9623065
1030	NA	4.215242
1032	NA	4.8643374
1034	NA	4.4577
1035	NA	5.0
1036	NA	4.8157883
1040	NA	3.0803826
1041	NA	2.954658
1042	NA	3.2653615
1051	NA	3.7340133
1056	NA	3.5794618
1058	NA	4.7548385
1059	NA	4.909764
1060	NA	4.720506
1062	NA	4.6827335
1063	NA	4.4486628
1066	NA	4.0769114
1067	NA	4.1454587
1070	NA	4.145376
1071	NA	4.8423324
1072	NA	4.4563537
1073	NA	4.9751363
1075	NA	4.721822
1077	NA	4.596756
1078	NA	4.521174
1079	NA	4.640533
1081	NA	4.7233806
1085	NA	5.0
1086	NA	4.807873
1089	NA	4.4402256
1098	NA	4.779908
1100	NA	3.1680233
1101	NA	3.17853
1103	NA	3.2541013
1106	NA	4.898006
1107	NA	4.847131
1110	NA	4.6615424
1113	NA	3.175933
1114	NA	3.08923
1116	NA	3.1611938
1121	NA	4.1225867
1123	NA	4.5821238
1124	NA	4.305713
1126	NA	4.8095484
1127	NA	4.864475
1130	NA	4.7872653
1131	NA	5.0
1132	NA	3.876883
1134	NA	4.1024776
1136	NA	4.0587864
1138	NA	4.1024776
1139	NA	4.3049216
1140	NA	4.250731
1141	NA	4.724574
1142	NA	4.5609436
1143	NA	3.8500009
1144	NA	3.2591636
1146	NA	2.9474392
1148	NA	4.535662
1150	NA	4.7811546
1151	NA	4.546943
1152	NA	4.4396615
1156	NA	4.6243014
1158	NA	4.719655
1159	NA	4.4699097
1160	NA	4.797069
1163	NA	4.326341
1164	NA	4.4961343
1166	NA	4.614652
1168	NA	4.6357603
1171	NA	4.096182
1172	NA	4.4561377
1173	NA	4.115255
1174	NA	4.7728214
1176	NA	4.7020116
1181	NA	4.109965
1183	NA	3.8781903
1185	NA	4.8762074
1186	NA	4.7453194
1187	NA	4.836155
1189	NA	4.673077
1197	NA	4.50117
1198	NA	4.6801734
1199	NA	4.2755055
1201	NA	4.4294696
1203	NA	4.1854615
1204	NA	4.499113
1208	NA	4.940221
1209	NA	4.8239527
1210	NA	3.6170027
1211	NA	3.6194687
1216	NA	4.3755813
1217	NA	4.430637
1218	NA	4.6653786
1220	NA	3.9041264
1223	NA	4.226933
1224	NA	4.7303014
1225	NA	4.182587
1226	NA	4.530519
1229	NA	4.107626
1231	NA	4.075262
1233	NA	4.596232
1234	NA	4.6305857
1235	NA	4.285369
1238	NA	4.5276995
1243	NA	4.3206854
1245	NA	4.2925735
1247	NA	4.1388764
1250	NA	4.7679377
1252	NA	4.303746
1253	NA	4.5636024
1254	NA	4.5209565
1256	NA	4.0624204
1257	NA	4.522664
1258	NA	3.8487375
1260	NA	4.735288
1261	NA	4.829718
1262	NA	4.5212436
1263	NA	4.0480814
1264	NA	4.483437
1265	NA	3.4087753
1267	NA	4.0074162
1269	NA	4.3096557
1272	NA	4.699922
1277	NA	4.264477
1278	NA	4.0198407
1279	NA	4.2230406
1281	NA	4.270936
1285	NA	4.1992364
1286	NA	4.1541405
1288	NA	4.506451
1289	NA	4.8629756
1290	NA	4.78881
1295	NA	4.6875796
1296	NA	4.3095536
1298	NA	4.542506
1299	NA	4.1488404
1300	NA	4.3778486
1301	NA	4.596814
1304	NA	4.343863
1306	NA	3.5428443
1307	NA	4.30537
1309	NA	4.3482175
1310	NA	4.244548
1312	NA	4.6862226
1313	NA	3.3370938
1314	NA	2.70783
1315	NA	2.808866
1316	NA	2.8918107
1320	NA	5.0
1322	NA	3.3431826
1323	NA	5.0
1324	NA	4.207006
1325	NA	3.152599
1327	NA	4.7209263
1330	NA	4.8310137
1331	NA	4.8882318
1332	NA	4.890835
1334	NA	4.5885134
1337	NA	4.3633804
1338	NA	4.237232
1339	NA	4.3663316
1340	NA	4.3188696
1343	NA	4.2306657
1347	NA	4.1718674
1348	NA	4.6475306
1349	NA	4.5373015
1351	NA	4.980534
1353	NA	4.5311213
1356	NA	4.2195206
1357	NA	4.4996085
1360	NA	4.3245587
1362	NA	4.4716744
1363	NA	4.5988154
1364	NA	3.963099
1366	NA	4.3243566
1367	NA	4.656037
1369	NA	4.4093122
1370	NA	4.8178887
1374	NA	4.2840633
1375	NA	4.6598263
1377	NA	4.7857404
1382	NA	4.0233226
1383	NA	4.195215
1391	NA	3.8998206
1392	NA	3.7998607
1393	NA	3.9873953
1394	NA	4.821329
1395	NA	4.8161006
1397	NA	3.876263
1398	NA	4.8400373
1401	NA	4.8696766
1402	NA	4.848952
1406	NA	4.6835003
1411	NA	3.7773602
1413	NA	4.6885004
1416	NA	4.7892065
1418	NA	3.850743
1420	NA	4.528936
1422	NA	4.354003
1423	NA	4.4143744
1424	NA	4.7769012
1425	NA	3.834223
1426	NA	3.7558923
1428	NA	4.038249
1430	NA	4.698946
1433	NA	4.511683
1436	NA	4.0886855
1437	NA	4.37964
1439	NA	4.320939
1440	NA	3.8815403
1441	NA	4.127834
1442	NA	4.4657745
1445	NA	3.7826865
1447	NA	4.3806396
1449	NA	4.6982403
1450	NA	4.904605
1451	NA	4.594826
1452	NA	3.917454
1454	NA	3.54517
1456	NA	3.964476
1457	NA	4.7317595
1459	NA	3.90488
1460	NA	4.588492
1462	NA	4.055394
1465	NA	3.8648202
1468	NA	4.9958544
1471	NA	3.388618
1472	NA	4.174602
1475	NA	4.654168
1477	NA	4.7744536
1478	NA	4.8040695
1485	NA	4.662792
1490	NA	3.5389721
1491	NA	3.6960666
1492	NA	3.8213618
1496	NA	4.5624313
1497	NA	4.626462
1500	NA	4.3727775
1502	NA	4.4448495
1507	NA	4.304715
1508	NA	4.105029
1510	NA	4.141077
1512	NA	2.954631
1515	NA	3.2660336
1516	NA	3.1479347
1518	NA	2.4699566
1520	NA	4.1198416
1522	NA	4.646569
1526	NA	4.201535
1528	NA	4.5726204
1529	NA	4.6178145
1530	NA	4.4094825
1533	NA	3.4293265
1537	NA	3.200617
1539	NA	4.5315647
1540	NA	4.470934
1542	NA	3.9214323
1543	NA	3.634637
1544	NA	4.1485744
1546	NA	4.239003
1548	NA	3.2758539
1554	NA	3.1419008
1555	NA	4.6032653
1556	NA	4.5796404
1560	NA	4.3470063
1561	NA	4.716545
1562	NA	4.0667257
1564	NA	4.5546865
1567	NA	4.8203115
1568	NA	4.6017704
1569	NA	4.9005485
1571	NA	4.0186753
1572	NA	4.0908246
1577	NA	4.271482
1578	NA	4.4953785
1579	NA	4.7708097
1581	NA	4.173773
1583	NA	3.4767106
1589	NA	4.6518893
1590	NA	4.5902176
1593	NA	4.316637
1594	NA	3.6698267
1596	NA	4.9488006
1597	NA	4.1314507
1598	NA	4.957453
1600	NA	3.503043
1602	NA	3.448318
1603	NA	3.5008159
1605	NA	3.5763142
1611	NA	4.915259
1613	NA	4.2797
1616	NA	4.1204467
1617	NA	4.4748974
1619	NA	4.8157234
1620	NA	5.0
1622	NA	3.9405317
1623	NA	3.288837
1624	NA	3.931173
1630	NA	4.442457
1633	NA	3.4495213
1634	NA	3.825479
1636	NA	4.148558
1637	NA	3.7744472
1638	NA	3.44098
1642	NA	4.64089
1644	NA	4.040752
1645	NA	4.6184697
1654	NA	4.206341
1656	NA	4.641231
1658	NA	4.7619104
1662	NA	4.113935
1664	NA	4.919374
1665	NA	4.155916
1666	NA	4.01614
1667	NA	4.9389706
1672	NA	2.3723006
1674	NA	2.7137375
1678	NA	4.5741553
1679	NA	4.057765
1681	NA	4.622963
1683	NA	4.566567
1684	NA	4.4926085
1685	NA	4.610316
1686	NA	4.178987
1688	NA	3.7683303
1689	NA	4.751659
1692	NA	4.3023977
1693	NA	4.75566
1695	NA	4.536052
1696	NA	4.1562366
1698	NA	4.1331058
1699	NA	4.4848638
1701	NA	3.4232156
1704	NA	4.930983
1709	NA	4.0938177
1710	NA	4.1638417
1713	NA	4.30398
1717	NA	3.879535
1718	NA	4.0761075
1720	NA	3.9283993
1722	NA	4.4809065
1725	NA	4.46833
1726	NA	4.880453
1727	NA	4.659555
1728	NA	4.01536
1730	NA	3.7627602
1731	NA	3.3944578
1732	NA	3.2445726
1734	NA	4.49916
1735	NA	4.184445
1737	NA	4.6760864
1738	NA	2.3375442
1739	NA	2.154146
1740	NA	2.902017
1742	NA	2.7833514
1743	NA	4.5657873
1744	NA	4.581936
1745	NA	4.7312217
1746	NA	4.58927
1748	NA	4.2374954
1749	NA	4.071233
1750	NA	3.919328
1752	NA	3.9782293
1758	NA	4.4522767
1760	NA	4.152454
1761	NA	4.2380643
1762	NA	3.8156629
1763	NA	3.9407148
1764	NA	4.3385096
1767	NA	4.75425
1768	NA	4.8254666
1769	NA	4.9084435
1770	NA	4.5783052
1774	NA	4.11774
1775	NA	3.6141255
1778	NA	5.0
1779	NA	4.514258
1785	NA	4.1768494
1786	NA	3.9454005
1788	NA	3.9454005
1790	NA	4.3401656
1793	NA	3.7632296
1794	NA	3.5190942
1795	NA	3.6172876
1796	NA	3.200897
1797	NA	3.1050732
1799	NA	3.4327865
1800	NA	3.899866
1801	NA	3.8784382
1802	NA	4.690002
1803	NA	4.9045315
1804	NA	4.6151586
1805	NA	4.551095
1806	NA	4.219662
1810	NA	3.941827
1813	NA	4.6993823
1816	NA	4.7615204
1817	NA	4.331797
1819	NA	3.37185
1821	NA	3.306925
1824	NA	3.3916898
1826	NA	4.9554815
1827	NA	4.4157295
1828	NA	4.827181
1831	NA	4.7580986
1833	NA	3.561301
1834	NA	3.6127968
1835	NA	3.7572958
1836	NA	3.602516
1837	NA	3.805084
1838	NA	3.669784
1843	NA	4.3688264
1845	NA	3.3213043
1848	NA	3.2718396
1850	NA	4.923254
1855	NA	4.4484243
1856	NA	4.4739037
1857	NA	4.156611
1858	NA	4.575291
1859	NA	4.953137
1860	NA	4.093151
1862	NA	4.777239
1863	NA	4.0153584
1864	NA	2.7810073
1865	NA	3.4758432
1867	NA	2.8743103
1868	NA	3.397122
1870	NA	3.3382812
1871	NA	3.4177265
1872	NA	4.47521
1875	NA	4.520971
1880	NA	3.7257361
1883	NA	3.9130175
1885	NA	4.95063
1889	NA	4.488079
1890	NA	4.102612
1891	NA	4.5403543
1893	NA	3.9780362
1895	NA	4.2654862
1896	NA	4.281447
1899	NA	4.583954
1901	NA	3.9042015
1902	NA	3.96912
1903	NA	3.252709
1905	NA	2.7110493
1906	NA	3.3369472
1911	NA	3.680076
1913	NA	4.8180466
1914	NA	4.6498213
1915	NA	3.4515755
1916	NA	2.9424922
1917	NA	3.769334
1920	NA	3.585074
1922	NA	4.4474645
1923	NA	4.4095078
1924	NA	4.3042555
1925	NA	4.7211757
1926	NA	4.867977
1928	NA	3.165641
1929	NA	2.7852635
1930	NA	3.532004
1931	NA	3.0933745
1932	NA	3.1983058
1933	NA	3.106286
1937	NA	4.9885554
1938	NA	4.3216624
1941	NA	4.2591686
1945	NA	4.9097505
1947	NA	4.6595855
1950	NA	3.8178735
1951	NA	3.6709926
1953	NA	4.914543
1956	NA	4.765389
1957	NA	4.5300694
1958	NA	2.68339
1959	NA	2.6408296
1960	NA	2.608774
1962	NA	2.5498528
1965	NA	4.633365
1966	NA	4.165833
1968	NA	4.859348
1971	NA	4.1771026
1973	NA	4.1072664
1976	NA	4.272069
1977	NA	4.9495783
1979	NA	4.1170783
1980	NA	4.673322
1982	NA	2.927689
1983	NA	3.231243
1985	NA	3.0253623
1986	NA	3.3295624
1990	NA	4.43888
1995	NA	4.506767
1997	NA	4.5002575
1998	NA	4.537203
2002	NA	4.2998314
2003	NA	4.1520624
2010	NA	4.495762
2013	NA	4.261993
2017	NA	4.937151
2021	NA	3.4599864
2022	NA	3.1500125
2026	NA	3.7648273
2028	NA	4.6895185
2031	NA	4.8151827
2032	NA	4.676194
2033	NA	4.1488743
2034	NA	3.6910613
2036	NA	4.0557957
2039	NA	4.0179915
2042	NA	4.506424
2043	NA	4.9247556
2044	NA	4.5435195
2046	NA	3.9399574
2048	NA	3.6562626
2050	NA	3.397628
2053	NA	4.6668506
2054	NA	4.603085
2057	NA	4.541158
2060	NA	4.3315406
2062	NA	4.0512533
2063	NA	3.9643254
2065	NA	4.949355
2069	NA	3.8949609
2071	NA	4.6100607
2074	NA	4.0791707
2077	NA	4.426115
2083	NA	3.8382256
2085	NA	4.1947513
2093	NA	4.5861645
2095	NA	3.04615
2099	NA	3.6501791
2101	NA	4.792828
2106	NA	4.5723777
2108	NA	4.171403
2110	NA	4.1867957
2111	NA	3.849631
2114	NA	4.618048
2116	NA	4.590886
2120	NA	4.3213906
2126	NA	4.3715982
2127	NA	4.984238
2128	NA	4.5583043
2129	NA	4.7822604
2131	NA	4.284036
2133	NA	4.525173
2134	NA	4.1977224
2135	NA	4.547026
2137	NA	4.3206854
2138	NA	4.4036427
2140	NA	4.6469526
2142	NA	3.5527925
2143	NA	3.504528
2147	NA	3.2772088
2149	NA	5.0
2151	NA	4.67016
2152	NA	4.9148664
2154	NA	4.6329646
2155	NA	3.959212
2156	NA	3.439624
2158	NA	3.9023836
2159	NA	4.1370034
2160	NA	3.9920504
2161	NA	3.9023836
2168	NA	4.816762
2169	NA	4.788066
2173	NA	4.654771
2174	NA	4.8831086
2177	NA	4.3926578
2178	NA	4.2220273
2182	NA	4.9826508
2185	NA	4.7590404
2186	NA	4.456056
2187	NA	4.299919
2189	NA	3.9955778
2190	NA	4.4164877
2191	NA	4.942461
2193	NA	4.6964016
2194	NA	4.8725576
2197	NA	4.349957
2200	NA	4.3872895
2201	NA	4.656415
2204	NA	4.663871
2206	NA	4.706574
2209	NA	4.128605
2211	NA	4.347094
2214	NA	4.1822805
2216	NA	4.3028703
2219	NA	4.7945747
2220	NA	4.3228436
2223	NA	4.0103545
2224	NA	4.020414
2225	NA	4.2328486
2227	NA	4.442071
2230	NA	4.613471
2237	NA	4.7554574
2241	NA	3.8537598
2244	NA	4.1429367
2245	NA	4.1910505
2246	NA	5.0
2248	NA	4.4249125
2249	NA	4.2986393
2254	NA	4.198798
2255	NA	4.757592
2256	NA	4.4486985
2257	NA	4.709318
2258	NA	4.5770187
2262	NA	3.9509335
2265	NA	4.6482224
2267	NA	4.869305
2268	NA	4.4766192
2269	NA	4.6049066
2270	NA	4.618392
2271	NA	4.248647
2273	NA	4.6767144
2276	NA	4.8931513
2278	NA	4.525607
2279	NA	4.3405933
2280	NA	4.510942
2283	NA	4.461939
2285	NA	4.832473
2290	NA	4.9088516
2292	NA	4.634851
2293	NA	4.7858553
2294	NA	4.362035
2295	NA	4.646269
2296	NA	3.982284
2298	NA	4.349001
2300	NA	4.615845
2301	NA	4.6286373
2306	NA	3.8742688
2312	NA	4.5772853
2313	NA	4.8451686
2320	NA	4.1321
2321	NA	4.239891
2323	NA	4.6641226
2324	NA	4.398327
2325	NA	4.756468
2326	NA	4.386235
2328	NA	4.756468
2331	NA	4.771093
2335	NA	4.614652
2336	NA	4.28167
2337	NA	4.8291736
2342	NA	3.3095212
2343	NA	3.3552818
2345	NA	3.2432945
2346	NA	4.9545093
2347	NA	4.818298
2349	NA	4.7178574
2353	NA	4.153392
2354	NA	4.0115504
2355	NA	4.125667
2356	NA	4.1254272
2357	NA	4.589376
2361	NA	4.541372
2367	NA	3.987141
2370	NA	4.77816
2371	NA	4.919333
2372	NA	4.837158
2373	NA	4.5518146
2376	NA	4.7363696
2378	NA	4.356184
2379	NA	4.7482305
2380	NA	4.5123754
2382	NA	4.196928
2384	NA	4.201115
2387	NA	4.9584303
2389	NA	4.5420403
2390	NA	4.6719885
2393	NA	4.1853914
2394	NA	4.7958727
2395	NA	4.4229946
2396	NA	4.8374076
2398	NA	3.6993494
2399	NA	4.3010087
2403	NA	3.885252
2406	NA	4.7620068
2408	NA	4.8022056
2411	NA	3.8790514
2412	NA	4.05684
2416	NA	4.1164083
2417	NA	4.177657
2418	NA	5.0
2419	NA	4.825355
2420	NA	3.9971883
2421	NA	3.9533687
2424	NA	4.5223885
2425	NA	3.9971883
2427	NA	4.25697
2428	NA	4.8079753
2432	NA	3.4188273
2433	NA	3.7944596
2434	NA	4.3822274
2435	NA	4.748864
2437	NA	4.892918
2439	NA	4.672321
2442	NA	4.4915075
2443	NA	3.369181
2444	NA	4.6383514
2446	NA	4.4025173
2448	NA	4.461489
2449	NA	4.640381
2451	NA	4.7806973
2452	NA	3.5710158
2453	NA	3.7455158
2454	NA	4.0105467
2460	NA	4.4230804
2461	NA	4.905308
2462	NA	4.5830956
2463	NA	4.6865983
2464	NA	4.1574974
2468	NA	3.9233594
2469	NA	4.5664577
2470	NA	4.5193586
2471	NA	4.377486
2473	NA	3.1705234
2475	NA	3.2794325
2477	NA	4.921234
2478	NA	4.320633
2479	NA	4.644062
2480	NA	4.8197346
2481	NA	4.2563863
2482	NA	4.4337225
2483	NA	4.477243
2484	NA	3.785314
2487	NA	4.42267
2489	NA	4.004566
2490	NA	4.302602
2492	NA	3.4628336
2493	NA	4.2104425
2498	NA	4.6718125
2501	NA	3.4243834
2502	NA	4.012365
2503	NA	3.6177077
2504	NA	3.2491477
2507	NA	4.4341755
2511	NA	3.714129
2512	NA	4.2082443
2513	NA	4.435865
2516	NA	4.4663863
2517	NA	4.603054
2519	NA	4.514041
2520	NA	4.7058325
2522	NA	3.4199169
2523	NA	3.534149
2524	NA	3.696935
2526	NA	2.9523883
2528	NA	4.9609385
2531	NA	4.387366
2532	NA	4.7128744
2533	NA	4.2876725
2534	NA	4.679455
2536	NA	4.738045
2537	NA	4.7050695
2541	NA	4.2066536
2542	NA	4.026683
2546	NA	4.2710853
2547	NA	4.787564
2548	NA	4.387378
2550	NA	4.0711465
2552	NA	4.3078203
2556	NA	4.6434484
2558	NA	4.364597
2559	NA	4.2236423
2560	NA	3.8017867
2562	NA	3.9745278
2563	NA	4.4928856
2564	NA	5.0
2565	NA	4.559973
2567	NA	4.183987
2568	NA	3.2542546
2570	NA	3.2129037
2571	NA	3.0692327
2573	NA	4.8316197
2575	NA	4.5869536
2576	NA	4.782222
2580	NA	4.4647326
2581	NA	4.812628
2584	NA	4.7604628
2585	NA	4.430167
2586	NA	4.2576756
2587	NA	3.876975
2595	NA	5.0
2598	NA	4.834518
2600	NA	4.625977
2603	NA	4.3298273
2605	NA	4.8179474
2607	NA	4.5450954
2609	NA	4.820669
2610	NA	4.707856
2611	NA	4.0965686
2612	NA	4.820669
2613	NA	4.9290166
2614	NA	4.396496
2616	NA	4.131792
2617	NA	3.344805
2618	NA	3.8418553
2620	NA	3.7460353
2621	NA	4.198389
2624	NA	4.8228602
2629	NA	4.7160754
2631	NA	4.870244
2633	NA	4.7453685
2635	NA	4.6927013
2639	NA	3.1446772
2641	NA	4.5854206
2642	NA	2.9649847
2644	NA	4.786457
2645	NA	4.325767
2646	NA	4.4788218
2647	NA	4.7009063
2648	NA	3.3362808
2649	NA	3.4764442
2652	NA	3.5922723
2653	NA	4.823383
2658	NA	3.850479
2659	NA	3.608033
2661	NA	4.037627
2663	NA	3.9562998
2665	NA	4.6722417
2667	NA	4.6437974
2669	NA	3.9156876
2671	NA	3.8738818
2674	NA	4.644104
2676	NA	4.7027035
2677	NA	4.6978993
2681	NA	4.5034194
2683	NA	4.8788404
2685	NA	4.612943
2686	NA	4.868465
2690	NA	4.3743873
2693	NA	4.4795513
2694	NA	4.3429885
2695	NA	4.9922414
2697	NA	4.5857134
2698	NA	4.4153423
2699	NA	4.504033
2700	NA	4.288661
2706	NA	3.9786243
2717	NA	4.194818
2719	NA	4.2126827
2723	NA	4.7968326
2725	NA	4.4196615
2727	NA	3.2197442
2729	NA	3.4332578
2732	NA	3.567374
2733	NA	4.765946
2736	NA	4.893432
2737	NA	4.58238
2740	NA	4.3851814
2742	NA	4.8191695
2743	NA	4.914809
2745	NA	3.9851665
2746	NA	4.1153855
2747	NA	3.6494856
2749	NA	4.253045
2750	NA	4.433176
2753	NA	4.785622
2759	NA	4.504514
2760	NA	4.9525585
2762	NA	4.386617
2767	NA	4.4135537
2769	NA	4.841747
2771	NA	4.9008064
2773	NA	4.749795
2780	NA	4.94716
2781	NA	4.2085814
2782	NA	4.529577
2785	NA	4.35758
2786	NA	4.5675383
2790	NA	4.620459
2793	NA	4.320904
2794	NA	4.271539
2796	NA	4.1564603
2798	NA	4.9688315
2801	NA	4.731681
2804	NA	3.8170245
2805	NA	3.6237404
2806	NA	3.8317094
2808	NA	4.1926665
2810	NA	4.440108
2814	NA	3.2576444
2816	NA	4.7818875
2819	NA	4.947873
2820	NA	4.5262494
2823	NA	4.0371075
2824	NA	3.6259391
2825	NA	3.8355439
2826	NA	3.948563
2830	NA	4.649716
2831	NA	3.6907194
2832	NA	3.6534505
2833	NA	3.8877916
2834	NA	3.8389535
2835	NA	3.8529997
2836	NA	4.5992017
2840	NA	4.3224974
2841	NA	3.6883194
2843	NA	4.200318
2846	NA	4.416667
2847	NA	4.977697
2848	NA	4.761687
2849	NA	4.3691735
2852	NA	3.9476335
2855	NA	4.844869
2858	NA	4.349605
2859	NA	3.6009674
2866	NA	4.537701
2869	NA	4.102355
2871	NA	4.7381945
2872	NA	4.7592497
2873	NA	4.492643
2876	NA	4.7889547
2877	NA	4.725827
2878	NA	4.6736984
2880	NA	4.9196205
2882	NA	4.414774
2884	NA	4.789211
2885	NA	4.2536583
2887	NA	4.6271634
2888	NA	4.0908475
2889	NA	4.6729083
2892	NA	3.920127
2893	NA	4.6243896
2895	NA	3.852036
2897	NA	4.2605777
2901	NA	4.7331653
2902	NA	4.497206
2904	NA	4.5253506
2906	NA	4.2130327
2912	NA	4.0198755
2914	NA	4.0510397
2921	NA	4.3245506
2922	NA	4.288314
2923	NA	4.236592
2925	NA	4.5006785
2928	NA	4.689313
2929	NA	4.7497077
2931	NA	4.178481
2934	NA	4.4029007
2940	NA	4.4650116
2942	NA	4.204564
2944	NA	4.029352
2946	NA	4.504953
2947	NA	4.5254893
2948	NA	4.8200245
2949	NA	4.120486
2950	NA	4.364563
2953	NA	3.9011989
2954	NA	4.2023945
2962	NA	4.1631827
2963	NA	4.674958
2973	NA	4.650908
2975	NA	4.9586735
2978	NA	4.950538
2979	NA	4.1814747
2982	NA	4.4998746
2985	NA	4.509805
2986	NA	4.632911
2987	NA	4.604718
2990	NA	4.2845054
2991	NA	3.6796072
2993	NA	3.9193633
2999	NA	4.714817
3000	NA	4.2933292
3001	NA	4.1830344
3003	NA	4.6006923
3004	NA	4.962487
3006	NA	4.975424
3008	NA	4.344833
3009	NA	4.0527325
3011	NA	4.4770555
3012	NA	4.181163
3013	NA	3.8134284
3017	NA	4.8139358
3020	NA	4.07972
3021	NA	4.054255
3023	NA	4.335644
3025	NA	4.684042
3026	NA	4.129687
3028	NA	4.144736
3029	NA	3.5482836
3030	NA	3.6802456
3032	NA	3.5640051
3034	NA	4.856394
3035	NA	4.8391323
3037	NA	4.5885797
3040	NA	4.6424737
3044	NA	4.8834596
3045	NA	4.831392
3048	NA	4.604967
3051	NA	4.9325876
3052	NA	4.588897
3053	NA	4.740684
3055	NA	4.5875864
3056	NA	4.17888
3057	NA	4.724364
3058	NA	4.417616
3060	NA	5.0
3063	NA	4.8132463
3064	NA	4.854593
3066	NA	4.157216
3067	NA	4.1287575
3070	NA	4.1287575
3074	NA	4.993657
3075	NA	4.4777493
3076	NA	4.6366
3077	NA	4.6973653
3078	NA	4.192598
3080	NA	4.4813123
3082	NA	4.937526
3083	NA	4.6618624
3084	NA	4.519362
3086	NA	4.2591786
3087	NA	4.3218446
3088	NA	4.629169
3089	NA	4.967785
3090	NA	3.0818357
3093	NA	4.2938695
3095	NA	4.119646
3096	NA	3.0258458
3099	NA	4.7260323
3101	NA	4.9708858
3103	NA	4.7650385
3104	NA	3.9178464
3106	NA	4.548009
3108	NA	4.7614427
3109	NA	4.7884307
3112	NA	4.311692
3113	NA	4.0991573
3115	NA	4.338423
3116	NA	3.9548967
3117	NA	4.419327
3118	NA	4.8814363
3119	NA	4.569593
3120	NA	4.7991934
3124	NA	4.2678556
3125	NA	4.1500273
3127	NA	4.8121305
3128	NA	4.542009
3131	NA	4.6623225
3133	NA	4.487917
3135	NA	4.643224
3136	NA	4.3983803
3137	NA	4.722447
3138	NA	5.0
3139	NA	4.724748
3141	NA	2.9818923
3142	NA	2.217809
3144	NA	2.5525632
3145	NA	2.64197
3146	NA	2.64197
3147	NA	4.985417
3148	NA	4.7713785
3149	NA	4.724352
3151	NA	4.5297537
3152	NA	4.471967
3154	NA	4.514938
3155	NA	4.6420636
3159	NA	4.8686037
3160	NA	3.9966717
3163	NA	4.7617702
3167	NA	4.461126
3168	NA	4.4297037
3169	NA	4.4754696
3171	NA	4.4633875
3172	NA	4.147365
3173	NA	3.83215
3175	NA	4.3953276
3176	NA	4.761651
3177	NA	4.7711625
3178	NA	4.973851
3179	NA	4.7460394
3180	NA	4.6764007
3183	NA	4.5808544
3184	NA	4.713505
3185	NA	4.8688293
3189	NA	4.3426833
3190	NA	4.1765685
3191	NA	4.315154
3193	NA	4.5441732
3194	NA	4.960594
3195	NA	4.714116
3196	NA	4.654773
3197	NA	4.843961
3198	NA	4.530218
3199	NA	4.165322
3204	NA	4.5019145
3205	NA	4.9350348
3206	NA	4.5892396
3207	NA	4.371289
3209	NA	4.3283935
3210	NA	4.3628516
3211	NA	4.5717483
3212	NA	4.8698688
3215	NA	4.774155
3216	NA	4.367729
3219	NA	3.866584
3220	NA	4.558788
3225	NA	4.3515973
3226	NA	4.0320597
3229	NA	4.4530964
3231	NA	4.796234
3233	NA	4.7601185
3234	NA	3.9778159
3235	NA	4.2138734
3236	NA	4.1428204
3237	NA	4.130948
3239	NA	4.8420377
3240	NA	4.536652
3241	NA	5.0
3244	NA	3.064085
3245	NA	4.3280478
3246	NA	4.142227
3247	NA	4.3234215
3249	NA	4.669437
3251	NA	4.752165
3259	NA	4.634362
3263	NA	4.918518
3266	NA	4.8240166
3267	NA	4.70955
3268	NA	4.662286
3269	NA	4.9150653
3270	NA	4.5747714
3276	NA	4.518572
3279	NA	4.176329
3282	NA	3.9239526
3284	NA	4.152487
3289	NA	4.211497
3290	NA	3.7449832
3293	NA	4.2838845
3295	NA	4.777438
3296	NA	4.6553903
3297	NA	4.8366833
3300	NA	4.3329473
3301	NA	4.417094
3302	NA	4.6721563
3305	NA	4.5751486
3306	NA	4.951977
3307	NA	4.1792264
3308	NA	4.569448
3309	NA	4.9100647
3310	NA	3.4504564
3312	NA	3.2913628
3315	NA	4.9055552
3317	NA	4.9434323
3318	NA	4.8553905
3320	NA	4.738076
3323	NA	4.7920995
3326	NA	4.627349
3328	NA	4.8447895
3331	NA	3.807241
3333	NA	3.4127357
3334	NA	3.9682927
3335	NA	4.736231
3337	NA	4.936609
3341	NA	4.003173
3343	NA	4.1161137
3348	NA	4.679124
3350	NA	3.639669
3352	NA	3.5211031
3354	NA	4.203
3355	NA	5.0
3360	NA	4.5328197
3365	NA	4.4727054
3377	NA	4.7334704
3379	NA	3.8558996
3380	NA	4.0051923
3381	NA	3.5566387
3383	NA	4.0213046
3387	NA	4.778076
3388	NA	4.659332
3390	NA	4.3928237
3391	NA	4.296816
3392	NA	4.7307725
3393	NA	4.70911
3394	NA	4.6541715
3399	NA	3.6013327
3401	NA	3.5029545
3402	NA	4.7850504
3403	NA	4.698596
3404	NA	4.4472485
3406	NA	4.144462
3408	NA	4.4481726
3409	NA	4.359013
3410	NA	4.6241083
3415	NA	4.9257855
3417	NA	4.640267
3419	NA	4.6270413
3421	NA	4.6136575
3423	NA	4.5034056
3430	NA	4.2417536
3431	NA	3.8119955
3434	NA	4.2343955
3439	NA	4.3291955
3441	NA	4.519761
3442	NA	4.7375503
3445	NA	4.823073
3446	NA	3.8176897
3447	NA	3.7272775
3449	NA	4.34704
3450	NA	3.7568076
3455	NA	4.0924926
3456	NA	4.1249366
3457	NA	4.0419807
3458	NA	3.928663
3463	NA	4.460824
3464	NA	4.7831025
3466	NA	4.640487
3469	NA	4.412642
3470	NA	3.599914
3473	NA	4.624536
3474	NA	3.9521408
3475	NA	3.2399187
3476	NA	4.166486
3477	NA	3.7640216
3478	NA	3.638931
3481	NA	4.81305
3482	NA	4.7853465
3483	NA	4.9768205
3489	NA	4.2031937
3490	NA	4.039572
3493	NA	4.548016
3497	NA	5.0
3498	NA	4.7317524
3499	NA	4.4750633
3502	NA	4.3840218
3506	NA	4.5448465
3509	NA	4.1353207
3513	NA	4.824237
3515	NA	4.804704
3519	NA	4.4871264
3520	NA	3.6640372
3521	NA	4.2911625
3522	NA	4.807742
3523	NA	4.134112
3524	NA	4.5700665
3525	NA	4.8111587
3526	NA	4.472793
3527	NA	4.2663884
3531	NA	3.7601833
3532	NA	4.6151986
3535	NA	4.4907126
3540	NA	3.7193074
3545	NA	4.033611
3550	NA	3.7065713
3551	NA	3.986185
3553	NA	5.0
3555	NA	4.492268
3557	NA	3.521643
3558	NA	4.027938
3559	NA	3.7638142
3560	NA	3.71327
3562	NA	4.1330853
3563	NA	4.5708327
3564	NA	4.048511
3570	NA	4.323281
3573	NA	3.7730923
3575	NA	4.6390758
3578	NA	4.738549
3581	NA	4.437823
3583	NA	4.477693
3585	NA	4.454404
3587	NA	4.7104354
3588	NA	4.141596
3590	NA	4.0425377
3591	NA	4.0992055
3593	NA	4.575025
3594	NA	4.0469475
3595	NA	4.7633495
3596	NA	4.7465835
3597	NA	4.436616
3599	NA	4.3369665
3600	NA	4.873153
3601	NA	4.202896
3604	NA	4.4449224
3605	NA	4.592623
3606	NA	4.8467546
3608	NA	4.551701
3609	NA	4.602619
3610	NA	3.8144884
3612	NA	3.8312087
3613	NA	3.9422004
3615	NA	4.6443806
3616	NA	4.681797
3617	NA	4.800759
3619	NA	4.009061
3621	NA	4.1026015
3622	NA	3.9858115
3628	NA	4.6821914
3631	NA	4.1084247
3632	NA	4.0686827
3634	NA	4.0686827
3636	NA	4.373841
3637	NA	4.4384103
3641	NA	4.254683
3642	NA	3.7146595
3644	NA	4.887986
3645	NA	4.6634235
3648	NA	4.8660526
3652	NA	4.125213
3654	NA	3.8069272
3655	NA	3.9382453
3656	NA	3.9382453
3659	NA	4.8507047
3660	NA	4.5828147
3662	NA	3.8597107
3663	NA	3.896186
3664	NA	3.6600637
3665	NA	3.9821334
3667	NA	4.7964973
3671	NA	3.983162
3674	NA	4.1395674
3675	NA	3.8209548
3676	NA	4.123367
3677	NA	4.849594
3678	NA	3.5294325
3679	NA	4.874314
3681	NA	4.338535
3683	NA	3.6057796
3688	NA	4.721435
3698	NA	4.8574634
3700	NA	4.2856007
3704	NA	4.155206
3706	NA	4.2856007
3714	NA	4.835404
3715	NA	4.7073555
3716	NA	4.9313903
3717	NA	4.6250086
3722	NA	4.6510854
3723	NA	3.582095
3724	NA	4.0713573
3726	NA	3.7967107
3729	NA	4.6971803
3730	NA	4.4377084
3731	NA	4.714764
3732	NA	3.964148
3734	NA	3.5954232
3735	NA	3.8462572
3738	NA	3.374631
3741	NA	4.840965
3744	NA	4.584206
3745	NA	4.60641
3749	NA	4.831704
3754	NA	4.563355
3757	NA	4.275568
3760	NA	4.6080637
3763	NA	4.7877717
3764	NA	4.5326734
3768	NA	4.7448606
3769	NA	4.750232
3771	NA	4.8773036
3772	NA	4.65998
3773	NA	4.7300477
3775	NA	4.4996
3778	NA	4.2203717
3782	NA	4.4384336
3786	NA	4.2877517
3787	NA	4.1374826
3791	NA	4.8793597
3792	NA	4.804974
3793	NA	4.652407
3794	NA	4.5672693
3796	NA	4.022057
3798	NA	4.081134
3802	NA	4.6889324
3806	NA	4.3503137
3808	NA	4.4002185
3810	NA	4.233975
3811	NA	4.4635663
3813	NA	4.5006514
3815	NA	4.819425
3816	NA	4.793291
3817	NA	4.288581
3818	NA	4.191128
3819	NA	4.4946566
3822	NA	4.4575276
3824	NA	4.2241416
3829	NA	4.6780767
3830	NA	4.421645
3832	NA	4.483367
3833	NA	4.4379773
3835	NA	4.861956
3837	NA	4.6344366
3841	NA	4.087014
3842	NA	4.617407
3843	NA	5.0
3848	NA	4.224622
3849	NA	3.963654
3850	NA	4.5138783
3851	NA	3.9248433
3854	NA	5.0
3858	NA	4.684263
3859	NA	4.2558675
3863	NA	4.01018
3865	NA	4.7681737
3867	NA	4.9041724
3875	NA	4.0321636
3876	NA	4.9602256
3877	NA	4.4042363
3878	NA	4.8883348
3879	NA	4.3784714
3881	NA	4.17805
3888	NA	4.269253
3889	NA	4.529013
3890	NA	4.2675204
3891	NA	3.3262737
3894	NA	4.7578087
3896	NA	4.231255
3900	NA	4.150422
3902	NA	4.3647
3906	NA	3.291432
3907	NA	4.785355
3911	NA	4.785355
3913	NA	4.3259525
3916	NA	3.8347266
3918	NA	3.9776342
3919	NA	3.3334303
3923	NA	5.0
3925	NA	4.5131016
3926	NA	4.555508
3927	NA	3.8803725
3928	NA	3.9019582
3931	NA	3.9182198
3932	NA	3.9530602
3933	NA	3.9530602
3937	NA	4.5346465
3944	NA	4.8263626
3945	NA	4.7842236
3946	NA	4.2368436
3950	NA	4.6666293
3952	NA	4.9396415
3953	NA	4.3055067
3954	NA	4.9255643
3959	NA	3.56974
3960	NA	4.42717
3962	NA	4.4963756
3963	NA	4.8534274
3964	NA	4.917209
3965	NA	4.9069986
3966	NA	4.4180965
3967	NA	4.2552075
3968	NA	3.9050288
3969	NA	4.501546
3971	NA	4.401535
3974	NA	4.366033
3975	NA	4.407378
3977	NA	3.9994729
3978	NA	4.3994355
3979	NA	3.9030092
3981	NA	4.887262
3983	NA	4.6532702
3988	NA	4.754834
3991	NA	4.6262946
3997	NA	3.6573162
4000	NA	4.2803106
4003	NA	4.4752774
4005	NA	4.752273
4008	NA	4.8073134
4009	NA	4.510278
4010	NA	4.4243455
4016	NA	4.593193
4018	NA	4.320308
4019	NA	4.3796444
4022	NA	4.6737013
4023	NA	4.5883107
4024	NA	4.7574925
4025	NA	4.542628
4026	NA	4.82524
4027	NA	4.686965
4029	NA	4.490932
4030	NA	4.2308064
4032	NA	3.9602265
4035	NA	4.3773665
4039	NA	4.6810803
4042	NA	3.743485
4044	NA	4.043098
4048	NA	4.4254675
4051	NA	3.7228882
4052	NA	3.862796
4053	NA	4.2516723
4055	NA	4.507858
4057	NA	4.5095115
4059	NA	4.136096
4064	NA	4.795869
4070	NA	4.4184456
4073	NA	4.4359884
4075	NA	4.771689
4077	NA	4.768085
4078	NA	4.7422495
4080	NA	4.682325
4081	NA	4.814399
4082	NA	4.4105287
4089	NA	4.648665
4091	NA	3.6519206
4092	NA	3.551528
4093	NA	3.824688
4095	NA	3.6150265
4096	NA	3.8387034
4097	NA	3.8989158
4098	NA	4.8840504
4099	NA	4.640932
4101	NA	4.143966
4103	NA	3.7911537
4104	NA	4.5270004
4106	NA	4.467691
4107	NA	4.566232
4110	NA	4.425145
4111	NA	4.137448
4116	NA	4.7891374
4121	NA	3.9930074
4122	NA	4.1315236
4124	NA	4.3257003
4128	NA	4.4043436
4129	NA	4.433402
4130	NA	4.633056
4131	NA	4.221516
4138	NA	4.626267
4139	NA	4.3850307
4143	NA	3.3113148
4144	NA	3.4281669
4150	NA	4.1753154
4151	NA	4.007393
4153	NA	4.354799
4158	NA	4.203959
4159	NA	3.9248655
4160	NA	4.2341022
4161	NA	4.258231
4166	NA	4.817779
4167	NA	4.2055755
4169	NA	4.414548
4170	NA	4.3646355
4171	NA	4.5491767
4172	NA	4.808721
4175	NA	4.2911305
4177	NA	3.5708761
4180	NA	4.290354
4182	NA	4.4451823
4184	NA	4.532482
4186	NA	4.356512
4188	NA	4.168549
4189	NA	4.345472
4190	NA	3.8969026
4192	NA	4.4477863
4198	NA	3.698476
4200	NA	4.3466544
4201	NA	4.7943263
4203	NA	4.486666
4204	NA	4.6906724
4206	NA	4.3172874
4208	NA	3.5401633
4210	NA	4.6888957
4211	NA	4.3848634
4215	NA	3.182365
4217	NA	3.3221812
4218	NA	3.5278358
4222	NA	4.7956967
4224	NA	3.4096165
4225	NA	3.912511
4226	NA	3.4492579
4227	NA	3.7616942
4229	NA	4.753103
4230	NA	4.533918
4233	NA	3.2489772
4234	NA	3.0878778
4237	NA	4.624319
4240	NA	4.639463
4241	NA	4.045912
4243	NA	3.7985556
4245	NA	4.1686416
4249	NA	4.4608645
4250	NA	5.0
4255	NA	3.8732288
4256	NA	4.375767
4258	NA	4.7265043
4261	NA	3.6715431
4262	NA	2.973674
4263	NA	3.5627253
4264	NA	3.1916432
4268	NA	4.880227
4270	NA	4.6286993
4271	NA	4.5664816
4273	NA	4.287698
4276	NA	4.833107
4278	NA	4.7220597
4281	NA	3.0103521
4285	NA	4.4816213
4286	NA	4.7847853
4292	NA	3.9762998
4293	NA	4.320604
4294	NA	4.1926665
4296	NA	4.0530367
4297	NA	4.1004934
4298	NA	3.8833256
4300	NA	3.4841685
4302	NA	4.460638
4303	NA	4.3603854
4309	NA	2.8150656
4310	NA	3.400622
4311	NA	4.756948
4313	NA	4.780121
4314	NA	4.737041
4317	NA	4.3121443
4319	NA	4.5860233
4324	NA	4.576562
4326	NA	4.3420825
4327	NA	4.398594
4331	NA	4.321796
4332	NA	4.7889957
4333	NA	4.698575
4334	NA	4.7768407
4337	NA	4.2954807
4343	NA	4.449417
4345	NA	3.6129057
4352	NA	4.0382633
4353	NA	4.259031
4355	NA	2.8364139
4356	NA	2.8534608
4358	NA	2.2007926
4362	NA	4.7229137
4366	NA	3.97912
4367	NA	3.8396492
4368	NA	3.8675115
4372	NA	4.837581
4373	NA	4.584594
4374	NA	4.171762
4375	NA	4.053741
4380	NA	4.490469
4383	NA	4.2946563
4384	NA	4.887699
4389	NA	4.424416
4391	NA	4.659375
4397	NA	4.356244
4399	NA	4.481843
4400	NA	4.557773
4402	NA	4.4542723
4403	NA	4.722402
4404	NA	4.55351
4405	NA	4.4574943
4406	NA	4.918335
4409	NA	4.8474064
4413	NA	3.5246997
4415	NA	3.98446
4416	NA	4.8016086
4419	NA	4.811939
4420	NA	3.5865574
4421	NA	3.8666556
4422	NA	3.8056054
4423	NA	3.5044584
4424	NA	3.8407884
4425	NA	3.9945204
4427	NA	4.717338
4428	NA	4.7372856
4430	NA	4.1770244
4433	NA	4.47379
4434	NA	4.5269
4435	NA	4.5265584
4436	NA	4.495924
4437	NA	4.250746
4438	NA	2.8816237
4441	NA	2.7839448
4444	NA	4.5756726
4448	NA	3.590692
4449	NA	3.6640882
4450	NA	3.3113835
4451	NA	3.6032786
4452	NA	4.667897
4453	NA	4.3138976
4455	NA	4.757777
4456	NA	3.5983605
4459	NA	3.3268394
4460	NA	3.741492
4461	NA	4.220629
4462	NA	4.553459
4463	NA	4.369719
4465	NA	3.447935
4466	NA	2.882183
4467	NA	3.6308405
4470	NA	4.694921
4474	NA	3.1452522
4475	NA	3.1085606
4476	NA	3.5218735
4478	NA	3.2586203
4479	NA	4.5786033
4480	NA	4.8332944
4482	NA	4.8415976
4483	NA	2.2807717
4484	NA	2.2228527
4485	NA	2.2566822
4488	NA	4.983158
4489	NA	4.48184
4491	NA	4.341848
4493	NA	4.221483
4494	NA	4.9547186
4495	NA	4.4155045
4496	NA	4.9489164
4499	NA	4.4798017
4500	NA	4.766965
4502	NA	3.817785
4504	NA	3.6292453
4506	NA	3.5085547
4508	NA	4.7266035
4510	NA	4.8548017
4512	NA	3.9179475
4518	NA	4.4947863
4521	NA	4.3373866
4527	NA	4.4427385
4528	NA	4.3275566
4530	NA	3.9206324
4531	NA	3.6436265
4532	NA	4.0373864
4533	NA	3.5819087
4535	NA	4.591596
4536	NA	4.853929
4537	NA	4.9518228
4538	NA	4.62885
4539	NA	4.131032
4542	NA	3.9656353
4543	NA	4.092724
4547	NA	4.472045
4548	NA	4.355085
4550	NA	4.2400603
4552	NA	4.783509
4554	NA	4.909883
4555	NA	4.826365
4557	NA	4.226011
4560	NA	4.292015
4561	NA	4.347604
4563	NA	4.325878
4566	NA	4.1302724
4568	NA	3.7742896
4571	NA	4.7631526
4572	NA	3.8243039
4575	NA	3.3639677
4576	NA	3.0596464
4577	NA	3.2936583
4578	NA	2.6379807
4582	NA	3.7150311
4584	NA	3.7150311
4586	NA	4.51271
4587	NA	4.808034
4589	NA	3.958375
4591	NA	4.1906166
4592	NA	4.759788
4593	NA	2.6307368
4594	NA	2.8740294
4598	NA	4.673208
4599	NA	4.5624313
4600	NA	4.6045423
4602	NA	4.588351
4603	NA	4.5475936
4604	NA	4.554913
4607	NA	4.4876456
4608	NA	4.4427385
4609	NA	4.671759
4613	NA	4.4876456
4618	NA	4.8674545
4620	NA	4.2717586
4621	NA	4.33727
4622	NA	4.173281
4623	NA	4.0273886
4624	NA	4.463893
4625	NA	4.655315
4627	NA	4.886486
4628	NA	4.6346493
4629	NA	3.0975833
4631	NA	3.1182768
4639	NA	4.2038217
4640	NA	4.2285476
4641	NA	4.131398
4642	NA	4.617142
4645	NA	4.797258
4647	NA	4.872176
4649	NA	4.753461
4654	NA	4.821619
4655	NA	4.713544
4657	NA	3.2792606
4658	NA	3.5631406
4667	NA	4.5716233
4670	NA	4.9508543
4672	NA	4.931529
4675	NA	4.4801545
4676	NA	4.492164
4677	NA	4.37466
4678	NA	4.4102335
4682	NA	4.7572594
4684	NA	4.664643
4690	NA	4.5389247
4691	NA	4.7956405
4692	NA	4.6070547
4693	NA	4.5602846
4694	NA	4.120134
4695	NA	4.0611286
4698	NA	4.148822
4703	NA	4.42571
4704	NA	4.4356112
4705	NA	4.7531734
4706	NA	4.7440114
4708	NA	4.6972504
4709	NA	4.723477
4714	NA	3.6502676
4715	NA	3.5706124
4719	NA	5.0
4721	NA	4.6200857
4722	NA	2.4363582
4723	NA	2.6721845
4726	NA	2.9115455
4727	NA	2.9115455
4730	NA	4.8450675
4732	NA	4.7307177
4733	NA	4.412543
4736	NA	4.7380843
4737	NA	4.3190894
4738	NA	4.894282
4739	NA	4.9103546
4741	NA	4.653428
4744	NA	4.1974254
4747	NA	4.071805
4748	NA	4.796971
4749	NA	4.7661757
4750	NA	4.8768687
4751	NA	4.7560363
4754	NA	3.9040244
4757	NA	4.709692
4758	NA	4.629818
4765	NA	3.9163415
4768	NA	4.7102895
4770	NA	3.4281058
4772	NA	3.617569
4773	NA	3.4121866
4775	NA	4.61662
4778	NA	4.774462
4779	NA	4.8474627
4781	NA	4.6092854
4783	NA	4.826087
4784	NA	4.4217706
4785	NA	4.8513184
4786	NA	4.432271
4787	NA	4.561147
4789	NA	3.3970873
4791	NA	3.5495203
4792	NA	3.7464035
4801	NA	4.6610093
4804	NA	5.0
4809	NA	3.6043546
4818	NA	4.3383617
4827	NA	4.518478
4828	NA	4.5514364
4829	NA	3.8372319
4830	NA	4.4631057
4833	NA	4.208932
4834	NA	4.4091697
4835	NA	4.9547186
4837	NA	4.4682603
4838	NA	4.343876
4840	NA	3.9061134
4841	NA	4.443322
4846	NA	3.7845232
4850	NA	3.756651
4854	NA	4.639463
4856	NA	3.8207257
4861	NA	4.599064
4862	NA	4.224224
4864	NA	3.5729809
4865	NA	3.0464962
4868	NA	3.8876228
4870	NA	4.31719
4871	NA	4.1442275
4873	NA	3.8774676
4875	NA	4.5994363
4876	NA	3.7368412
4878	NA	4.507069
4884	NA	4.3705845
4887	NA	4.67665
4889	NA	4.2869844
4890	NA	4.5452538
4892	NA	3.8757915
4893	NA	4.017526
4894	NA	3.4294295
4895	NA	4.036202
4896	NA	4.565126
4897	NA	4.4837008
4899	NA	4.3686643
4902	NA	4.098694
4904	NA	4.3865395
4906	NA	4.6452203
4907	NA	4.700869
4908	NA	4.5599017
4909	NA	3.8595557
4910	NA	3.583296
4914	NA	4.673208
4917	NA	4.68204
4923	NA	4.9089084
4924	NA	4.900074
4925	NA	4.794383
4927	NA	4.0053196
4930	NA	4.068312
4931	NA	4.139266
4935	NA	4.953361
4936	NA	4.832648
4939	NA	3.974668
4943	NA	3.605548
4945	NA	4.743916
4952	NA	3.6922982
4955	NA	4.916302
4956	NA	4.838983
4958	NA	4.6285725
4962	NA	4.35599
4969	NA	4.19554
4972	NA	4.9081025
4973	NA	4.7379694
4976	NA	3.0626721
4979	NA	3.1678965
4980	NA	3.0954409
4984	NA	4.5672493
4986	NA	3.9292445
4987	NA	3.5837388
4988	NA	3.3164303
4993	NA	4.759031
4994	NA	3.4227502
4995	NA	3.23351
4999	NA	4.9341035
5001	NA	4.773491
5004	NA	4.4156594
5006	NA	4.5807815
5008	NA	4.7664413
5009	NA	4.3595405
5013	NA	3.8789933
5016	NA	4.505313
5019	NA	4.7539496
5020	NA	4.674592
5021	NA	4.8449225
5028	NA	4.4642334
5029	NA	4.8104897
5034	NA	4.494728
5035	NA	4.440122
5036	NA	4.2449846
5038	NA	4.679628
5041	NA	4.487717
5042	NA	4.396496
5043	NA	4.018668
5044	NA	3.7703004
5054	NA	3.7619414
5055	NA	3.7074704
5057	NA	4.471643
5059	NA	4.957191
5061	NA	4.760622
5062	NA	3.9803188
5063	NA	4.4763274
5065	NA	4.756948
5066	NA	4.644062
5067	NA	4.8197346
5068	NA	4.832679
5069	NA	4.561893
5070	NA	3.215642
5071	NA	2.849485
5075	NA	4.614636
5076	NA	4.5095334
5077	NA	4.627746
5084	NA	4.547391
5087	NA	4.5105677
5088	NA	3.6003125
5090	NA	3.7036247
5093	NA	4.840927
5094	NA	4.6655145
5095	NA	4.4752865
5098	NA	3.1533215
5099	NA	3.4291053
5101	NA	3.320333
5103	NA	4.758833
5104	NA	4.69004
5106	NA	4.257116
5108	NA	3.7912173
5111	NA	4.741719
5112	NA	4.699249
5118	NA	2.2668464
5120	NA	4.6508436
5122	NA	4.649834
5126	NA	3.726486
5128	NA	3.724203
5129	NA	4.9927974
5130	NA	4.5874014
5131	NA	4.7855864
5138	NA	4.633979
5140	NA	4.4473433
5143	NA	3.4095297
5144	NA	3.4711256
5146	NA	3.382668
5150	NA	4.5342283
5151	NA	3.8448026
5152	NA	3.3778348
5156	NA	4.86329
5157	NA	4.5742974
5158	NA	4.5019283
5159	NA	4.337226
5162	NA	4.11361
5164	NA	4.1233134
5165	NA	4.524509
5168	NA	4.783643
5170	NA	3.1116793
5172	NA	2.8746676
5173	NA	3.0738378
5174	NA	4.6657434
5179	NA	4.3667274
5180	NA	4.42052
5181	NA	4.280526
5182	NA	4.6171894
5183	NA	4.3805757
5184	NA	4.740045
5185	NA	4.9471917
5188	NA	3.7480316
5190	NA	3.6122992
5192	NA	4.4439683
5193	NA	4.09123
5194	NA	4.5939207
5196	NA	3.5826457
5200	NA	3.4599211
5202	NA	4.7571554
5205	NA	3.8573709
5207	NA	3.907918
5209	NA	3.8892236
5210	NA	4.679582
5211	NA	4.34858
5213	NA	4.7513213
5214	NA	3.0595453
5217	NA	2.5646133
5218	NA	2.4636705
5221	NA	4.359412
5222	NA	4.7630396
5224	NA	3.8263023
5228	NA	4.2928357
5229	NA	4.435308
5230	NA	4.7120323
5233	NA	3.855644
5235	NA	3.6479034
5237	NA	4.70929
5240	NA	4.8544006
5241	NA	4.1878386
5243	NA	4.3391438
5245	NA	4.081561
5250	NA	4.2250276
5252	NA	3.893629
5255	NA	4.483367
5257	NA	4.4962516
5259	NA	3.714944
5265	NA	4.860678
5266	NA	4.7960715
5268	NA	4.7538977
5270	NA	4.315666
5271	NA	4.630917
5272	NA	4.772624
5273	NA	4.748555
5274	NA	4.570413
5275	NA	4.727435
5279	NA	4.8340693
5280	NA	4.1329575
5281	NA	4.552302
5283	NA	4.570898
5284	NA	4.9122257
5285	NA	4.5944643
5286	NA	4.5605555
5287	NA	4.0318727
5289	NA	4.2186794
5290	NA	4.505447
5292	NA	4.757133
5293	NA	4.515008
5295	NA	3.763659
5297	NA	3.9273305
5299	NA	3.7496674
5300	NA	4.395406
5301	NA	4.1530685
5302	NA	4.635741
5305	NA	4.1801343
5307	NA	3.7063212
5308	NA	4.4218254
5309	NA	4.6135087
5312	NA	4.7504945
5315	NA	4.2509604
5316	NA	4.2171535
5320	NA	4.4338636
5322	NA	3.7714143
5323	NA	3.8564365
5326	NA	3.9189403
5328	NA	4.8154616
5330	NA	4.3516912
5331	NA	4.583199
5332	NA	4.3516912
5336	NA	4.0763164
5337	NA	4.8515143
5339	NA	4.6960254
5343	NA	3.7416842
5344	NA	3.9533699
5353	NA	4.8497972
5354	NA	4.673278
5355	NA	4.7532134
5360	NA	3.585313
5364	NA	4.4947863
5365	NA	4.9508624
5366	NA	4.7408957
5367	NA	4.0186315
5368	NA	3.7804427
5371	NA	3.9690864
5375	NA	4.7537246
5381	NA	4.4186788
5382	NA	4.7907987
5386	NA	4.3157215
5388	NA	4.5580163
5390	NA	4.624274
5392	NA	4.584617
5394	NA	4.2802186
5396	NA	4.2530637
5400	NA	4.579981
5402	NA	4.4846296
5403	NA	3.5034394
5408	NA	4.6641135
5410	NA	4.8093467
5412	NA	4.436169
5413	NA	4.275989
5416	NA	4.395736
5417	NA	4.897366
5418	NA	4.91603
5421	NA	3.1229873
5422	NA	3.0103922
5424	NA	3.7072015
5425	NA	3.472869
5428	NA	4.312216
5430	NA	3.6557243
5431	NA	4.1922
5433	NA	3.9620712
5438	NA	4.688131
5441	NA	3.0091617
5442	NA	3.8509028
5444	NA	4.5435843
5445	NA	4.434271
5448	NA	4.437409
5450	NA	4.682702
5451	NA	4.2707663
5452	NA	4.7641196
5453	NA	4.5738745
5465	NA	4.0168104
5469	NA	2.986332
5470	NA	3.5460992
5472	NA	4.8556104
5473	NA	4.437881
5475	NA	3.8914165
5479	NA	4.0467243
5481	NA	4.6343336
5482	NA	4.7921543
5484	NA	4.4934945
5485	NA	4.519771
5486	NA	4.0532866
5488	NA	4.546263
5490	NA	4.119261
5493	NA	3.5908098
5494	NA	4.169652
5499	NA	4.730315
5506	NA	3.6922812
5508	NA	4.49681
5509	NA	4.5946054
5511	NA	4.4997797
5515	NA	4.6307807
5516	NA	4.487997
5517	NA	4.8994293
5519	NA	4.7869277
5524	NA	3.5791526
5527	NA	4.6810455
5528	NA	4.708319
5529	NA	4.5758247
5536	NA	4.7090397
5539	NA	4.177878
5541	NA	4.355623
5542	NA	4.4243116
5543	NA	4.761718
5544	NA	4.4286304
5547	NA	3.5620039
5550	NA	3.5814128
5551	NA	3.9526198
5557	NA	3.3468366
5559	NA	3.3714054
5562	NA	4.475957
5564	NA	4.504509
5566	NA	3.9014635
5567	NA	4.084311
5570	NA	4.897974
5571	NA	4.717554
5572	NA	4.931107
5573	NA	4.9418044
5574	NA	4.143447
5576	NA	4.3609204
5577	NA	4.2459493
5578	NA	4.2425146
5579	NA	4.447263
5581	NA	4.7528443
5583	NA	4.6009207
5585	NA	3.7793612
5589	NA	4.4857793
5590	NA	4.873601
5592	NA	4.6727986
5594	NA	4.2408457
5596	NA	4.683585
5597	NA	3.8832762
5598	NA	4.1521373
5599	NA	4.2714086
5600	NA	3.8815403
5601	NA	3.6993134
5605	NA	4.070828
5606	NA	4.441643
5611	NA	3.2836556
5616	NA	4.660772
5622	NA	4.370825
5625	NA	4.7754335
5626	NA	4.9223957
5628	NA	4.372745
5629	NA	3.8159041
5630	NA	4.246055
5631	NA	4.174104
5635	NA	4.732786
5636	NA	4.7624626
5638	NA	4.353373
5639	NA	4.2611938
5644	NA	4.8176427
5648	NA	4.3990636
5649	NA	4.3642726
5650	NA	4.6136327
5652	NA	4.853494
5654	NA	4.7893887
5655	NA	3.7284088
5658	NA	4.0656767
5660	NA	4.629538
5661	NA	4.7535095
5662	NA	4.56913
5665	NA	4.0726542
5666	NA	3.9283948
5667	NA	4.262239
5669	NA	4.941663
5670	NA	4.805696
5672	NA	4.751563
5673	NA	4.6012797
5674	NA	4.7036448
5681	NA	4.0861382
5682	NA	4.4964943
5684	NA	4.5239863
5685	NA	4.3045607
5686	NA	4.8153276
5688	NA	4.8120413
5689	NA	4.7308626
5690	NA	4.492567
5692	NA	3.5536265
5699	NA	4.523948
5700	NA	4.161917
5702	NA	4.378189
5703	NA	4.222106
5704	NA	4.4918528
5705	NA	4.6646867
5707	NA	4.6971703
5708	NA	4.39976
5709	NA	4.597526
5711	NA	4.334846
5713	NA	4.7506795
5714	NA	4.674643
5715	NA	4.4847126
5716	NA	4.6822352
5719	NA	4.043283
5720	NA	4.276569
5721	NA	3.8184752
5723	NA	4.4798694
5724	NA	4.77583
5726	NA	4.734839
5727	NA	4.206476
5729	NA	4.496671
5730	NA	4.556031
5731	NA	4.7521806
5734	NA	4.9762716
5735	NA	4.4608536
5738	NA	3.7868125
5743	NA	4.8534994
5746	NA	4.1830063
5748	NA	4.3479733
5754	NA	3.6921678
5757	NA	3.6511211
5759	NA	4.3075757
5760	NA	4.540412
5763	NA	4.6606617
5766	NA	3.6118262
5767	NA	3.4018357
5769	NA	3.9215286
5771	NA	4.758299
5774	NA	4.2015224
5775	NA	3.8681314
5778	NA	4.404677
5780	NA	4.7527504
5782	NA	4.646711
5783	NA	3.6331646
5784	NA	3.3502064
5785	NA	3.497022
5786	NA	3.580368
5789	NA	4.4153295
5790	NA	4.6944304
5793	NA	4.564266
5795	NA	4.2951937
5796	NA	4.790306
5798	NA	4.241878
5800	NA	4.304365
5802	NA	3.9442503
5803	NA	3.9546437
5804	NA	4.2967205
5805	NA	4.210941
5807	NA	4.739141
5808	NA	4.753201
5809	NA	4.641934
5814	NA	4.066878
5817	NA	4.8041196
5818	NA	4.5040793
5827	NA	4.837581
5830	NA	4.638635
5831	NA	4.704357
5832	NA	4.8205867
5833	NA	4.707224
5837	NA	3.9332442
5838	NA	3.6651669
5840	NA	3.6079483
5843	NA	4.7996187
5844	NA	4.7559667
5849	NA	4.7996187
5854	NA	4.727135
5856	NA	4.235967
5858	NA	4.3621073
5862	NA	4.704076
5863	NA	4.938844
5866	NA	4.202503
5868	NA	4.436257
5869	NA	4.233291
5870	NA	4.924709
5871	NA	4.5020847
5873	NA	3.3844862
5877	NA	3.9436157
5878	NA	4.6109724
5880	NA	4.9146204
5881	NA	4.25369
5884	NA	4.384907
5888	NA	4.706347
5889	NA	4.871812
5891	NA	3.2043498
5892	NA	2.9680338
5893	NA	3.1641092
5896	NA	4.806196
5897	NA	4.5110807
5903	NA	3.9774942
5908	NA	4.755595
5910	NA	3.358484
5912	NA	3.2981699
5913	NA	3.4595675
5915	NA	4.6773267
5916	NA	4.3755155
5917	NA	4.217456
5921	NA	3.661595
5925	NA	4.015918
5926	NA	4.5360947
5927	NA	1.9360683
5929	NA	2.901948
5932	NA	4.573597
5933	NA	4.658065
5934	NA	4.5734296
5935	NA	4.795764
5939	NA	4.1805534
5940	NA	4.3971696
5942	NA	4.7740383
5945	NA	4.7976956
5946	NA	4.155202
5949	NA	4.3709607
5950	NA	4.0932684
5951	NA	4.145586
5953	NA	4.4920588
5954	NA	4.995687
5957	NA	4.6543603
5958	NA	4.744464
5959	NA	4.371596
5961	NA	4.969703
5962	NA	4.1929517
5963	NA	4.9007735
5967	NA	3.6199887
5969	NA	3.540006
5971	NA	3.9791796
5972	NA	4.918467
5973	NA	4.8427587
5974	NA	4.4015656
5980	NA	4.426255
5981	NA	4.0150704
5984	NA	4.6774592
5985	NA	4.9324427
5993	NA	4.3630548
5994	NA	4.9713707
5995	NA	4.5614076
5997	NA	4.8652167
5998	NA	4.3521266
5999	NA	4.124913
6002	NA	4.265054
6003	NA	4.9032426
6004	NA	4.879967
6008	NA	3.7293077
6009	NA	3.6905005
6010	NA	4.0126777
6011	NA	3.910841
6012	NA	4.019645
6013	NA	3.9093783
6016	NA	4.4244013
6018	NA	4.512197
6019	NA	4.696562
6021	NA	4.664717
6023	NA	4.265426
6024	NA	4.696562
6025	NA	4.6221957
6026	NA	4.7090735
6031	NA	3.9979832
6033	NA	4.0230355
6034	NA	4.951513
6036	NA	4.898888
6039	NA	4.1594353
6040	NA	3.88552
6043	NA	3.9441528
6046	NA	4.6325517
6048	NA	4.5371246
6049	NA	4.0868354
6055	NA	4.7865376
6057	NA	4.799335
6058	NA	3.538412
6059	NA	3.6363735
6062	NA	3.5739136
6063	NA	4.5561786
6064	NA	4.788859
6066	NA	4.905038
6067	NA	4.860381
6069	NA	3.4411137
6070	NA	3.6036339
6071	NA	3.4177773
6073	NA	3.5776718
6074	NA	4.958057
6076	NA	4.956956
6079	NA	4.3671675
6081	NA	4.311863
6087	NA	3.9825482
6089	NA	4.319846
6090	NA	4.2474985
6091	NA	4.207936
6094	NA	4.9038806
6097	NA	3.8968167
6100	NA	4.175727
6102	NA	4.7556515
6107	NA	4.236433
6110	NA	4.0820794
6111	NA	4.112627
6113	NA	4.2801013
6114	NA	4.6641574
6115	NA	4.7799706
6116	NA	4.791195
6118	NA	4.6419544
6121	NA	4.6721063
6124	NA	4.770406
6125	NA	4.747572
6126	NA	4.9173474
6129	NA	4.7008805
6130	NA	4.6014295
6132	NA	4.917046
6134	NA	4.331515
6138	NA	3.9116168
6139	NA	4.018214
6140	NA	3.7004604
6141	NA	4.288236
6142	NA	3.8768942
6143	NA	4.461905
6148	NA	2.8257596
6149	NA	3.6633997
6151	NA	3.7668939
6156	NA	3.1135416
6162	NA	4.595188
6163	NA	4.9908786
6165	NA	4.6655207
6166	NA	4.5887923
6167	NA	4.3870316
6168	NA	4.2515793
6172	NA	4.8957424
6173	NA	4.363562
6177	NA	3.4778395
6181	NA	3.606825
6182	NA	3.7429204
6184	NA	4.83593
6189	NA	3.8609679
6190	NA	3.791308
6192	NA	5.0
6196	NA	3.5632954
6201	NA	4.817361
6204	NA	4.0748034
6207	NA	2.3401237
6210	NA	2.6598055
6216	NA	4.549913
6217	NA	4.418049
6220	NA	4.657262
6221	NA	4.9752684
6222	NA	4.837181
6223	NA	4.893902
6226	NA	4.304303
6227	NA	4.276026
6229	NA	4.3062997
6230	NA	4.984502
6235	NA	3.576285
6237	NA	3.473606
6238	NA	3.7766662
6240	NA	4.0847645
6244	NA	3.973073
6245	NA	3.3743584
6247	NA	3.7144969
6251	NA	4.4736857
6252	NA	3.9455233
6254	NA	3.772866
6255	NA	4.224917
6256	NA	4.221025
6257	NA	4.0446377
6260	NA	4.5849957
6261	NA	4.920276
6262	NA	4.7267566
6264	NA	4.0062323
6265	NA	4.3572493
6268	NA	4.9711156
6269	NA	4.495871
6270	NA	5.0
6271	NA	4.81211
6273	NA	4.0276384
6274	NA	4.0844564
6275	NA	3.979742
6276	NA	4.1441016
6277	NA	4.7362247
6279	NA	4.850846
6281	NA	4.71236
6282	NA	4.2583303
6283	NA	4.4774427
6284	NA	4.320214
6285	NA	4.5214005
6289	NA	4.5755005
6294	NA	2.787884
6296	NA	2.5732725
6298	NA	4.164326
6303	NA	4.4361396
6304	NA	3.8250356
6312	NA	4.1813664
6314	NA	4.207132
6320	NA	4.1152983
6322	NA	4.0413184
6323	NA	4.218844
6324	NA	4.993687
6325	NA	4.7171936
6328	NA	4.867903
6329	NA	4.3965597
6331	NA	4.306369
6332	NA	4.2118025
6339	NA	4.8719654
6340	NA	4.4904428
6341	NA	4.493088
6343	NA	4.5881
6351	NA	4.1325755
6352	NA	4.298723
6354	NA	4.413473
6355	NA	4.812499
6356	NA	4.720386
6361	NA	4.475011
6364	NA	5.0
6365	NA	4.9189687
6367	NA	4.820502
6369	NA	3.808019
6371	NA	3.9727323
6374	NA	3.947841
6376	NA	4.0931916
6378	NA	4.314269
6379	NA	4.3621655
6380	NA	4.2305517
6383	NA	4.228222
6384	NA	3.646066
6388	NA	4.889055
6389	NA	4.8892193
6391	NA	3.2870152
6393	NA	3.551143
6398	NA	4.8571787
6399	NA	4.1350584
6400	NA	4.3785787
6401	NA	4.344311
6403	NA	4.269286
6406	NA	4.7186284
6408	NA	4.6333447
6409	NA	3.6694
6410	NA	3.8236942
6413	NA	3.8414874
6414	NA	3.7434494
6415	NA	4.480754
6416	NA	4.405381
6418	NA	4.789126
6422	NA	3.775468
6425	NA	3.879033
6427	NA	4.84366
6428	NA	4.8061624
6430	NA	4.5271773
6431	NA	3.8259206
6433	NA	4.0726147
6435	NA	3.9713342
6436	NA	3.9597793
6437	NA	4.894697
6438	NA	4.278992
6439	NA	4.866363
6440	NA	4.47997
6441	NA	3.930556
6442	NA	3.338697
6445	NA	3.8956225
6446	NA	4.539919
6449	NA	4.0511417
6451	NA	4.3775244
6453	NA	4.483603
6455	NA	4.300841
6456	NA	4.3991184
6457	NA	4.3579063
6459	NA	4.819934
6461	NA	4.733231
6462	NA	3.6026976
6464	NA	3.82631
6465	NA	3.3043709
6466	NA	3.6801162
6472	NA	4.385334
6473	NA	4.161477
6474	NA	4.182514
6475	NA	4.0883136
6476	NA	4.2395616
6479	NA	4.9459357
6481	NA	4.0848107
6483	NA	4.1498013
6484	NA	3.9551296
6485	NA	4.083391
6486	NA	4.966099
6487	NA	4.7224298
6490	NA	3.6865926
6492	NA	3.6483884
6493	NA	3.582613
6494	NA	3.6055982
6498	NA	4.7364497
6501	NA	3.340063
6502	NA	3.3997688
6503	NA	3.355039
6504	NA	3.4041739
6505	NA	3.423776
6507	NA	4.8217435
6509	NA	4.847027
6512	NA	4.2099543
6515	NA	4.758095
6516	NA	4.799436
6518	NA	4.962095
6519	NA	4.945519
6520	NA	4.135905
6522	NA	4.071234
6523	NA	3.989023
6524	NA	3.9544027
6525	NA	4.223279
6526	NA	4.98715
6528	NA	4.814585
6530	NA	4.66578
6533	NA	4.402715
6534	NA	4.251832
6537	NA	4.8192472
6538	NA	4.768795
6541	NA	4.646748
6542	NA	4.446246
6547	NA	4.6920104
6551	NA	3.6817179
6553	NA	3.652415
6556	NA	4.4978733
6560	NA	3.9420273
6561	NA	3.7358885
6562	NA	3.590741
6564	NA	4.8242426
6570	NA	3.3251193
6571	NA	3.472466
6573	NA	3.485369
6574	NA	3.4851313
6581	NA	3.9884236
6583	NA	4.4084744
6585	NA	4.376466
6586	NA	5.0
6587	NA	4.538164
6594	NA	4.5230637
6596	NA	4.7532234
6601	NA	4.4104285
6602	NA	4.9130583
6608	NA	4.1650944
6609	NA	3.9367986
6611	NA	4.8822064
6612	NA	4.922071
6613	NA	4.8886237
6616	NA	3.769307
6621	NA	4.4763975
6622	NA	4.86864
6623	NA	4.714474
6624	NA	4.1458626
6627	NA	4.1322484
6628	NA	4.3983626
6629	NA	4.9167414
6630	NA	4.859703
6633	NA	4.259251
6636	NA	4.391334
6637	NA	4.3341017
6639	NA	4.402545
6641	NA	4.8162394
6642	NA	4.813065
6643	NA	4.8958054
6645	NA	4.1778874
6650	NA	4.1612124
6651	NA	4.94439
6652	NA	4.957999
6653	NA	4.822428
6654	NA	3.606025
6655	NA	3.5757685
6660	NA	4.9260573
6661	NA	4.5866623
6662	NA	4.608042
6663	NA	4.74999
6666	NA	4.026087
6667	NA	3.5923944
6668	NA	4.075986
6672	NA	4.809961
6676	NA	3.9677289
6677	NA	4.0608487
6679	NA	4.798014
6680	NA	4.729772
6681	NA	4.052474
6682	NA	4.457963
6685	NA	4.3452854
6686	NA	4.4419217
6689	NA	4.591027
6690	NA	4.209995
6691	NA	3.1674936
6693	NA	3.2509289
6699	NA	4.9086995
6702	NA	4.50507
6703	NA	4.266831
6704	NA	4.336284
6706	NA	4.6620374
6707	NA	4.887018
6708	NA	4.7529516
6710	NA	4.3071246
6712	NA	4.168468
6713	NA	4.499049
6716	NA	4.5703516
6718	NA	4.8938513
6719	NA	4.316892
6722	NA	4.7380757
6724	NA	4.755749
6726	NA	4.6731205
6727	NA	4.6968265
6730	NA	3.623554
6732	NA	3.4129055
6734	NA	4.817991
6737	NA	4.9013667
6739	NA	4.0078306
6741	NA	3.7955852
6743	NA	3.765332
6744	NA	4.0078306
6749	NA	4.3191695
6751	NA	3.9062054
6753	NA	4.3191695
6755	NA	4.919781
6759	NA	4.2816577
6763	NA	4.9295077
6767	NA	4.922846
6774	NA	4.945558
6776	NA	4.9635034
6779	NA	4.4647
6780	NA	4.4729505
6782	NA	4.4667993
6783	NA	4.9932404
6785	NA	4.7327
6786	NA	4.7009244
6787	NA	3.6113534
6788	NA	3.4831862
6790	NA	3.7426379
6792	NA	4.7758093
6793	NA	4.5228643
6794	NA	4.847234
6795	NA	4.64826
6796	NA	3.8709595
6797	NA	3.931625
6798	NA	3.833002
6801	NA	4.9735594
6803	NA	4.7153716
6806	NA	3.7188938
6807	NA	3.7633991
6808	NA	4.0130067
6809	NA	3.851976
6811	NA	3.8769922
6815	NA	4.868799
6817	NA	3.6098216
6818	NA	4.085676
6820	NA	3.9775777
6821	NA	4.6160803
6823	NA	4.0924587
6826	NA	3.9072337
6827	NA	3.3428304
6828	NA	4.198172
6829	NA	3.6634357
6831	NA	3.956972
6832	NA	4.7310414
6835	NA	4.861411
6836	NA	3.1710532
6837	NA	3.0443642
6838	NA	3.0520928
6839	NA	3.0685256
6841	NA	4.7358623
6842	NA	4.441033
6844	NA	4.8252554
6846	NA	3.1619005
6848	NA	2.9064577
6850	NA	2.6851697
6852	NA	4.7775984
6853	NA	4.918357
6854	NA	4.757832
6856	NA	4.196411
6858	NA	4.3376894
6859	NA	4.464922
6860	NA	4.456857
6861	NA	4.9613905
6864	NA	4.7318263
6867	NA	4.1830974
6871	NA	4.6345987
6872	NA	4.7814794
6873	NA	4.682373
6874	NA	3.9693596
6876	NA	4.2140675
6878	NA	4.2052956
6881	NA	4.8713346
6882	NA	4.759159
6883	NA	4.025109
6886	NA	3.9201884
6888	NA	4.943981
6889	NA	4.887355
6891	NA	4.861732
6892	NA	4.0828896
6893	NA	4.010153
6895	NA	4.164543
6898	NA	4.868449
6900	NA	4.83612
6904	NA	4.588638
6906	NA	4.9426646
6908	NA	4.8482175
6909	NA	4.8541274
6910	NA	4.5123553
6911	NA	4.571261
6915	NA	5.0
6916	NA	4.554925
6917	NA	4.9265113
6925	NA	4.3005643
6926	NA	4.952144
6928	NA	4.88681
6929	NA	4.7830987
6930	NA	3.4547343
6933	NA	3.3440187
6935	NA	4.7044864
6936	NA	4.6555343
6937	NA	4.628944
6938	NA	5.0
6939	NA	4.9577665
6941	NA	3.640348
6943	NA	3.5040267
6944	NA	3.7688906
6949	NA	4.8949995
6951	NA	4.495445
6952	NA	4.3189144
6953	NA	4.2109585
6954	NA	4.2261567
6956	NA	4.3973565
6959	NA	4.8671823
6960	NA	4.360628
6962	NA	2.769286
6963	NA	2.41507
6965	NA	3.075172
6967	NA	2.7191513
6972	NA	4.8226686
6973	NA	4.155265
6976	NA	4.0459514
6977	NA	4.0175357
6984	NA	3.9776666
6985	NA	3.769872
6986	NA	4.3157024
6988	NA	4.6225796
6989	NA	4.315091
6990	NA	4.982724
6999	NA	4.607429
7003	NA	3.5355077
7010	NA	4.500731
7011	NA	4.4651384
7012	NA	4.28871
7014	NA	4.606838
7015	NA	4.943423
7017	NA	4.85531
7023	NA	2.9404776
7024	NA	3.0914316
7029	NA	4.8272157
7030	NA	4.0614557
7031	NA	3.7084384
7032	NA	4.008094
7033	NA	4.112384
7034	NA	3.9257643
7036	NA	3.6447918
7037	NA	4.699848
7038	NA	4.938872
7039	NA	4.9217334
7041	NA	4.5055337
7042	NA	4.444219
7046	NA	4.452411
7047	NA	4.780564
7048	NA	4.9766846
7049	NA	4.9437127
7050	NA	4.1999598
7051	NA	4.1766315
7052	NA	4.0324535
7053	NA	3.8665252
7055	NA	4.8408756
7057	NA	4.6537023
7059	NA	4.2972693
7062	NA	4.3589334
7065	NA	4.7536035
7067	NA	4.7131314
7068	NA	3.5663333
7069	NA	4.1384416
7071	NA	3.7303638
7072	NA	3.8706622
7073	NA	4.773214
7075	NA	5.0
7076	NA	4.820724
7078	NA	4.273328
7079	NA	4.5250473
7080	NA	4.385983
7089	NA	3.96404
7091	NA	3.9811292
7095	NA	4.787154
7096	NA	4.512269
7097	NA	3.9600976
7098	NA	3.6417823
7102	NA	4.92192
7106	NA	5.0
7107	NA	4.1356
7109	NA	4.2055397
7111	NA	3.9816315
7112	NA	4.2055397
7113	NA	4.969291
7114	NA	4.6948104
7115	NA	4.9531555
7117	NA	4.1346745
7122	NA	4.884296
7128	NA	4.765399
7129	NA	4.6809216
7130	NA	4.835908
7131	NA	5.0
7132	NA	4.845463
7134	NA	4.7757416
7135	NA	4.4905286
7136	NA	4.5588207
7137	NA	4.3108006
7140	NA	4.6380186
7141	NA	4.7670584
7142	NA	4.807054
7146	NA	4.760607
7147	NA	4.1942935
7148	NA	4.068537
7149	NA	4.0360985
7151	NA	4.0936084
7152	NA	4.189269
7154	NA	4.8860073
7157	NA	4.657561
7158	NA	4.4758387
7159	NA	4.385644
7160	NA	4.5415416
7162	NA	4.5196643
7163	NA	4.8764386
7167	NA	4.0988474
7168	NA	3.9217224
7169	NA	4.039754
7170	NA	4.0813966
7171	NA	3.8571885
7172	NA	4.088085
7173	NA	4.9040656
7174	NA	4.8346057
7175	NA	4.720623
7176	NA	4.693989
7177	NA	3.9672122
7178	NA	3.9060638
7179	NA	4.034135
7180	NA	4.080799
7181	NA	4.113494
7182	NA	4.5900655
7183	NA	4.7776365
7184	NA	4.713305
7187	NA	3.6883423
7188	NA	4.0790315
7190	NA	3.9617133
7191	NA	3.905584
7192	NA	4.0941305
7193	NA	5.0
7194	NA	4.62992
7195	NA	4.615097
7197	NA	3.7930903
7198	NA	4.042878
7199	NA	4.211916
7201	NA	4.211916
7202	NA	4.9467897
7203	NA	4.7237144
7206	NA	4.96415
7207	NA	4.6115036
7212	NA	4.6813073
7215	NA	4.7612467
7216	NA	4.685858
7220	NA	3.909534
7223	NA	4.7352366
7225	NA	4.678804
7227	NA	3.869992
7231	NA	3.5566108
7232	NA	3.7186348
7233	NA	4.73396
7236	NA	4.965884
7238	NA	4.363533
7243	NA	4.378659
7244	NA	4.9727893
7245	NA	4.9464054
7247	NA	4.6262956
7248	NA	4.7264466
7249	NA	4.097964
7250	NA	4.337982
7251	NA	4.113579
7253	NA	4.0988336
7254	NA	4.0787554
7255	NA	4.855089
7256	NA	4.8623013
7257	NA	4.817285
7258	NA	4.7426453
7259	NA	4.880411
7260	NA	4.297183
7261	NA	4.1045246
7263	NA	4.282714
7264	NA	4.2100735
7265	NA	4.2957525
7266	NA	4.9636393
7272	NA	4.2975984
7273	NA	4.209696
7275	NA	4.627353
7278	NA	4.853248
7279	NA	4.0350604
7282	NA	3.8511066
7283	NA	3.997693
7284	NA	4.883674
7285	NA	4.94407
7286	NA	4.982265
7288	NA	4.8087916
7289	NA	3.164561
7290	NA	3.1333995
7295	NA	4.9448056
7296	NA	4.8607063
7297	NA	4.8101044
7299	NA	4.111197
7301	NA	4.321534
7303	NA	4.316433
7305	NA	4.8600307
7307	NA	4.882253
7308	NA	4.67956
7310	NA	4.4321227
7312	NA	4.537244
7317	NA	4.9435606
7318	NA	4.8487797
7321	NA	4.859843
7323	NA	4.8634205
7324	NA	4.867755
7325	NA	4.899011
7326	NA	4.7730026
7327	NA	4.901805
7328	NA	3.9736867
7329	NA	3.9222424
7330	NA	3.889174
7331	NA	3.8196936
7333	NA	4.0616317
7336	NA	4.7776427
7337	NA	4.9358225
7338	NA	4.8065414
7339	NA	4.786162
7341	NA	3.368296
7342	NA	3.2920551
7345	NA	3.603464
7348	NA	4.8035316
7351	NA	3.4464805
7354	NA	3.9639761
7355	NA	3.7415888
7357	NA	4.655409
7360	NA	4.5791736
7361	NA	3.8351538
7366	NA	4.7666903
7369	NA	4.809281
7373	NA	4.0652
7376	NA	4.061607
7377	NA	4.8941
7378	NA	4.5580745
7379	NA	4.4809732
7380	NA	4.7244306
7382	NA	3.6217303
7384	NA	3.898925
7385	NA	3.8771958
7387	NA	4.4101734
7393	NA	4.103505
7395	NA	4.7134666
7396	NA	4.425219
7400	NA	4.061585
7401	NA	3.6291504
7403	NA	4.046015
7405	NA	4.9103293
7406	NA	4.653714
7407	NA	4.622195
7408	NA	3.3593528
7409	NA	3.02054
7412	NA	3.4667394
7413	NA	4.7768264
7415	NA	4.811531
7421	NA	4.535306
7424	NA	4.94905
7425	NA	4.8494234
7426	NA	4.8339577
7429	NA	4.488978
7430	NA	4.7049093
7431	NA	4.514338
7433	NA	4.893174
7435	NA	4.921968
7436	NA	4.811948
7439	NA	4.2968955
7440	NA	4.4177556
7442	NA	4.8873916
7443	NA	4.9760976
7447	NA	4.861188
7449	NA	3.6190505
7450	NA	3.6818974
7453	NA	3.8050191
7456	NA	4.5007463
7458	NA	4.1638384
7460	NA	3.7573788
7463	NA	3.8031816
7465	NA	3.8662515
7467	NA	4.872751
7469	NA	4.899184
7473	NA	4.0690227
7478	NA	3.8653853
7480	NA	4.4263415
7482	NA	3.879766
7484	NA	4.1698184
7488	NA	4.647341
7489	NA	4.8557625
7490	NA	4.4426723
7494	NA	4.6232443
7495	NA	4.9460897
7498	NA	4.8550677
7500	NA	4.5225677
7502	NA	4.566912
7510	NA	4.1014047
7512	NA	3.941185
7513	NA	4.0858154
7514	NA	4.067231
7515	NA	4.7546153
7517	NA	4.944175
7518	NA	4.8557253
7519	NA	4.4619265
7520	NA	4.3343277
7521	NA	4.390509
7523	NA	4.449442
7524	NA	4.8975587
7528	NA	4.7464414
7529	NA	3.8629892
7530	NA	3.887187
7531	NA	3.5804627
7535	NA	4.859104
7536	NA	4.877435
7538	NA	5.0
7540	NA	4.1548576
7552	NA	4.8974905
7555	NA	4.6976795
7560	NA	4.4075274
7562	NA	4.2900715
7565	NA	4.281863
7566	NA	4.9508076
7568	NA	4.9945936
7570	NA	4.501163
7571	NA	4.395634
7574	NA	4.523533
7575	NA	4.762626
7578	NA	4.3976846
7579	NA	3.758463
7584	NA	3.9477065
7585	NA	4.2086277
7586	NA	4.7072325
7589	NA	4.7654147
7591	NA	3.7358882
7592	NA	4.241411
7593	NA	4.253377
7595	NA	4.7029476
7596	NA	4.4638643
7597	NA	4.235797
7598	NA	4.879111
7600	NA	3.9966142
7601	NA	3.7476525
7602	NA	3.6645818
7604	NA	3.3775008
7605	NA	3.8746867
7607	NA	4.7614503
7610	NA	4.112421
7614	NA	4.2238503
7615	NA	4.940275
7617	NA	4.385504
7620	NA	3.8948188
7621	NA	3.6482482
7623	NA	3.769531
7624	NA	3.6534162
7626	NA	4.8463244
7627	NA	4.8899665
7628	NA	4.9593596
7631	NA	4.5672226
7632	NA	4.512245
7633	NA	4.5504727
7635	NA	4.8652167
7637	NA	4.8755813
7640	NA	4.123402
7644	NA	4.263595
7645	NA	4.248354
7646	NA	4.960858
7650	NA	4.2014327
7655	NA	4.892708
7656	NA	4.7926702
7661	NA	4.3485494
7663	NA	4.266563
7664	NA	4.1867456
7671	NA	4.0728574
7673	NA	3.9925292
7674	NA	4.0193987
7676	NA	4.7721047
7679	NA	4.8653035
7683	NA	3.5947018
7684	NA	3.789614
7685	NA	3.759838
7686	NA	4.9095755
7690	NA	4.176293
7691	NA	4.233808
7693	NA	3.9885182
7694	NA	4.1730986
7695	NA	4.6513987
7696	NA	4.8111267
7698	NA	4.8640966
7704	NA	3.4778228
7705	NA	3.3111837
7706	NA	4.963774
7708	NA	4.9884253
7709	NA	4.839663
7710	NA	4.4773602
7713	NA	4.23637
7715	NA	4.9178486
7717	NA	4.8490076
7721	NA	4.4774003
7725	NA	4.809033
7727	NA	5.0
7730	NA	3.3570921
7735	NA	4.8975687
7736	NA	4.404453
7737	NA	4.8157444
7738	NA	4.7614927
7745	NA	4.675762
7748	NA	4.6569653
7749	NA	3.610549
7750	NA	3.9732654
7756	NA	4.7248287
7758	NA	4.806849
7759	NA	4.7814603
7761	NA	4.0142636
7762	NA	4.1315446
7765	NA	4.140352
7766	NA	4.7827873
7767	NA	4.8848643
7770	NA	4.3493357
7773	NA	3.8461418
7774	NA	4.22603
7775	NA	4.1441073
7783	NA	4.2826433
7786	NA	4.8620195
7788	NA	4.83519
7789	NA	4.791066
7791	NA	3.5969412
7796	NA	4.573603
7797	NA	4.967746
7799	NA	4.3744354
7800	NA	4.4165206
7801	NA	4.4216547
7802	NA	3.9131176
7803	NA	4.365075
7806	NA	4.8349223
7809	NA	3.9741282
7812	NA	4.441803
7814	NA	4.8217034
7815	NA	4.9052696
7816	NA	4.916327
7818	NA	3.6991382
7824	NA	4.842351
7825	NA	4.789731
7826	NA	4.2848663
7827	NA	4.0733466
7828	NA	4.1778016
7829	NA	4.003668
7830	NA	4.0459924
7831	NA	4.5984473
7832	NA	4.536908
7833	NA	4.744813
7835	NA	4.685006
7837	NA	4.4986753
7840	NA	4.9727507
7842	NA	4.8050313
7843	NA	4.8842063
7845	NA	3.9075346
7846	NA	3.9791286
7848	NA	4.0078073
7850	NA	4.909228
7852	NA	4.9285326
7853	NA	4.0546126
7854	NA	4.0631804
7855	NA	3.4493997
7856	NA	3.9579766
7857	NA	4.04965
7858	NA	4.897706
7860	NA	4.902452
7862	NA	4.415544
7863	NA	4.202393
7865	NA	4.505197
7870	NA	4.8438745
7871	NA	4.968319
7873	NA	4.509283
7874	NA	4.379289
7879	NA	3.970088
7880	NA	4.7908134
7882	NA	4.042614
7883	NA	4.1196103
7885	NA	3.3549504
7886	NA	4.234382
7894	NA	4.707258
7895	NA	4.757227
7897	NA	4.6348495
7901	NA	3.9978828
7904	NA	4.0651116
7905	NA	4.8659225
7907	NA	4.9214807
7908	NA	4.963687
7910	NA	4.315346
7911	NA	4.261493
7913	NA	4.2572937
7914	NA	4.2619867
7915	NA	4.298039
7916	NA	4.4812407
7918	NA	4.7477117
7919	NA	4.700209
7920	NA	4.3013153
7922	NA	4.2418814
7924	NA	4.670638
7928	NA	4.898574
7929	NA	3.1362734
7930	NA	3.249291
7931	NA	3.4083884
7941	NA	3.3868613
7942	NA	3.600902
7943	NA	4.742349
7944	NA	4.777685
7945	NA	4.754328
7948	NA	3.9058728
7952	NA	4.8760066
7955	NA	4.6733975
7956	NA	4.4516916
7958	NA	4.5012503
7960	NA	4.537111
7961	NA	4.976292
7962	NA	4.891735
7965	NA	4.7887836
7968	NA	4.3263116
7969	NA	4.301658
7970	NA	4.3890777
7974	NA	4.9607534
7975	NA	4.9193835
7978	NA	3.3656852
7979	NA	3.3083353
7982	NA	4.89487
7983	NA	4.7476296
7984	NA	4.873506
7988	NA	3.804835
7991	NA	4.241336
7992	NA	4.7696614
7994	NA	4.8211946
8000	NA	4.0790257
8001	NA	4.7504787
8003	NA	4.85984
8004	NA	4.7558227
8007	NA	2.9807496
8008	NA	3.2415352
8009	NA	2.7482975
8011	NA	4.9189477
8013	NA	4.895858
8015	NA	3.7347755
8016	NA	4.0544305
8017	NA	3.6925416
8019	NA	4.568732
8020	NA	4.738137
8022	NA	4.8541956
8023	NA	4.5980206
8026	NA	4.5467267
8027	NA	4.735234
8030	NA	4.827489
8033	NA	3.828711
8034	NA	4.0235133
8035	NA	3.6887624
8036	NA	3.9093695
8042	NA	3.937254
8043	NA	4.2746053
8045	NA	4.1376305
8046	NA	4.8730116
8048	NA	4.93567
8051	NA	3.948462
8052	NA	4.0165825
8053	NA	3.964946
8054	NA	4.178437
8056	NA	4.8244596
8061	NA	3.7672276
8062	NA	3.881844
8063	NA	3.9761689
8066	NA	4.7808785
8070	NA	4.3829837
8074	NA	4.917284
8075	NA	4.8551416
8078	NA	3.3281517
8080	NA	3.4165688
8081	NA	3.4419231
8082	NA	4.974154
8083	NA	4.9745426
8085	NA	4.8152795
8086	NA	4.5848765
8087	NA	4.7410316
8088	NA	4.738593
8097	NA	4.4138446
8098	NA	4.4525914
8099	NA	4.507897
8100	NA	4.5628686
8101	NA	4.4047146
8102	NA	4.9783854
8103	NA	4.9195714
8106	NA	3.9175267
8107	NA	3.3795156
8111	NA	4.550211
8113	NA	2.7965553
8114	NA	2.569513
8115	NA	2.4615943
8116	NA	2.5287006
8117	NA	2.5331268
8118	NA	4.699842
8123	NA	2.1778722
8125	NA	2.663023
8128	NA	4.8658113
8131	NA	3.8882942
8132	NA	3.855944
8133	NA	3.7928865
8135	NA	3.828641
8139	NA	4.930022
8140	NA	4.2127595
8142	NA	4.067962
8144	NA	4.2580976
8146	NA	4.907203
8148	NA	4.929218
8149	NA	4.240183
8150	NA	4.1259556
8151	NA	4.106843
8153	NA	4.186246
8154	NA	4.823973
8160	NA	3.5320623
8164	NA	4.943695
8166	NA	4.9588704
8167	NA	4.2224402
8169	NA	4.463265
8170	NA	4.420412
8171	NA	4.388955
8172	NA	4.645993
8174	NA	4.969084
8176	NA	4.564332
8178	NA	4.247181
8181	NA	4.8729796
8182	NA	4.9158025
8183	NA	4.6179585
8185	NA	4.562118
8188	NA	4.9364977
8197	NA	4.0688925
8198	NA	3.953835
8202	NA	4.6532035
8203	NA	4.551297
8204	NA	4.447885
8205	NA	4.49822
8207	NA	4.5886607
8208	NA	4.966409
8209	NA	4.7779427
8214	NA	4.299217
8218	NA	4.4077206
8221	NA	3.7503211
8222	NA	3.5676482
8224	NA	3.9283786
8226	NA	4.8734913
8229	NA	4.8495317
8231	NA	4.4775925
8232	NA	4.3806667
8234	NA	4.58295
8235	NA	4.808551
8236	NA	4.6534433
8237	NA	4.7969933
8238	NA	4.90591
8239	NA	4.0622306
8240	NA	4.0538025
8241	NA	4.087739
8242	NA	3.8121052
8243	NA	4.15326
8244	NA	4.917886
8245	NA	4.9308023
8250	NA	4.5309315
8252	NA	4.4859376
8253	NA	4.955613
8254	NA	4.9474277
8255	NA	4.7375875
8256	NA	4.811234
8257	NA	4.4604964
8259	NA	4.211881
8260	NA	4.0604653
8261	NA	4.163061
8262	NA	4.872597
8265	NA	4.861381
8268	NA	3.966396
8270	NA	3.8373578
8271	NA	4.8888464
8273	NA	4.6774035
8275	NA	3.2518601
8278	NA	3.4361641
8279	NA	3.3655708
8280	NA	4.71118
8284	NA	4.0383706
8286	NA	3.7157698
8287	NA	3.8294816
8290	NA	4.5390186
8291	NA	4.7836814
8292	NA	4.907142
8293	NA	3.5508864
8295	NA	3.948181
8297	NA	3.9196298
8298	NA	4.0480027
8299	NA	4.3794494
8301	NA	4.767867
8302	NA	4.499722
8303	NA	4.626267
8308	NA	4.852148
8309	NA	4.935552
8310	NA	4.844104
8311	NA	3.4536836
8315	NA	3.481358
8318	NA	3.9679654
8319	NA	4.7159452
8320	NA	3.1648896
8322	NA	2.7364209
8324	NA	3.9491901
8332	NA	3.9932892
8337	NA	4.8905673
8341	NA	4.4205527
8342	NA	4.3362007
8344	NA	4.9065056
8346	NA	4.8913813
8348	NA	4.465286
8350	NA	4.606563
8353	NA	4.6803694
8354	NA	4.869173
8357	NA	4.363225
8359	NA	4.418726
8361	NA	4.8720694
8364	NA	4.9381385
8365	NA	4.470031
8369	NA	4.5404935
8370	NA	4.906764
8371	NA	4.303185
8372	NA	4.869008
8373	NA	4.8170524
8378	NA	3.7643821
8380	NA	4.7295365
8382	NA	4.8813343
8385	NA	4.363905
8386	NA	4.057417
8387	NA	4.3638234
8390	NA	4.914517
8391	NA	4.870214
8392	NA	3.857422
8393	NA	3.8364384
8394	NA	3.9024508
8395	NA	3.982916
8397	NA	4.7818046
8399	NA	4.792383
8401	NA	4.4168825
8402	NA	4.3196416
8403	NA	4.188957
8405	NA	4.520742
8408	NA	4.7877946
8410	NA	4.5162625
8411	NA	4.7234025
8413	NA	4.737886
8414	NA	4.760765
8415	NA	4.826924
8416	NA	4.816302
8418	NA	4.860789
8420	NA	4.3083544
8422	NA	4.042606
8423	NA	4.331091
8427	NA	4.5338655
8428	NA	3.7684665
8429	NA	3.5518978
8432	NA	3.785859
8433	NA	4.6538234
8436	NA	4.9414024
8438	NA	3.8441164
8439	NA	3.3282583
8440	NA	3.8941326
8442	NA	4.766439
8443	NA	4.937349
8445	NA	4.911908
8447	NA	4.6329017
8448	NA	4.5013604
8450	NA	4.7141023
8454	NA	4.877071
8463	NA	4.910959
8464	NA	4.064178
8465	NA	4.0061393
8466	NA	3.7118282
8467	NA	4.006484
8468	NA	4.0088735
8472	NA	4.9667687
8473	NA	4.213795
8477	NA	4.203963
8478	NA	4.9723096
8480	NA	4.7998395
8485	NA	4.5173593
8487	NA	4.7624445
8488	NA	4.8016663
8491	NA	4.1020355
8495	NA	4.181873
8496	NA	4.5474663
8497	NA	4.80085
8498	NA	4.5408645
8499	NA	4.82076
8503	NA	4.638008
8508	NA	4.956468
8509	NA	3.6611211
8510	NA	3.7958183
8513	NA	3.8093803
8515	NA	4.783328
8518	NA	4.4846797
8519	NA	4.401869
8522	NA	4.541313
8523	NA	4.777982
8526	NA	4.877224
8527	NA	3.5614579
8531	NA	3.614646
8533	NA	4.7958117
8534	NA	4.881405
8535	NA	4.8291903
8539	NA	3.7643704
8540	NA	3.90056
8542	NA	4.599389
8544	NA	4.9106984
8545	NA	4.336318
8546	NA	4.2919164
8547	NA	3.868098
8549	NA	4.2565713
8550	NA	4.934486
8552	NA	4.8981447
8553	NA	4.8097835
8554	NA	4.607202
8556	NA	4.550805
8557	NA	4.512018
8559	NA	4.8999085
8560	NA	4.8164644
8565	NA	4.2706513
8568	NA	3.981763
8570	NA	4.9703093
8573	NA	4.121815
8575	NA	3.839327
8577	NA	4.52539
8579	NA	4.94227
8580	NA	4.9081593
8583	NA	3.8853679
8585	NA	4.1944656
8587	NA	4.919874
8591	NA	4.2023573
8592	NA	4.0944
8595	NA	4.8783965
8599	NA	3.6665075
8602	NA	4.2542768
8603	NA	4.2491527
8604	NA	4.884757
8605	NA	4.90398
8612	NA	4.2176094
8615	NA	4.8931746
8616	NA	4.9024434
8617	NA	4.3207846
8619	NA	4.087035
8621	NA	4.2142296
8623	NA	4.2908826
8625	NA	4.4941754
8628	NA	3.6060789
8634	NA	4.7894964
8638	NA	4.080969
8640	NA	4.929199
8641	NA	4.8771367
8642	NA	4.6911254
8643	NA	4.678963
8644	NA	4.85905
8648	NA	4.2391753
8650	NA	4.268034
8652	NA	4.872622
8653	NA	4.7580323
8654	NA	4.7062798
8655	NA	4.2349634
8659	NA	4.247749
8661	NA	4.6570187
8662	NA	4.5261416
8666	NA	3.5590394
8667	NA	3.177595
8670	NA	4.8420544
8671	NA	4.872997
8672	NA	4.9557934
8673	NA	4.3027167
8677	NA	4.290964
8681	NA	4.936231
8682	NA	3.708476
8687	NA	4.6529484
8688	NA	4.8409934
8693	NA	4.236781
8694	NA	4.407242
8695	NA	4.538794
8698	NA	4.9726934
8701	NA	4.6951165
8703	NA	4.654131
8704	NA	4.7502623
8706	NA	4.924145
8707	NA	4.8508034
8710	NA	4.2416706
8711	NA	4.1196604
8713	NA	4.188798
8715	NA	4.794225
8717	NA	4.899032
8718	NA	3.986589
8720	NA	3.8017344
8721	NA	3.7870357
8722	NA	3.8574522
8723	NA	4.6250596
8725	NA	4.625351
8726	NA	4.867325
8729	NA	4.2833176
8730	NA	4.2991886
8731	NA	4.332195
8732	NA	4.710729
8733	NA	4.7888594
8734	NA	4.874315
8735	NA	4.871003
8736	NA	4.503356
8737	NA	4.4961014
8740	NA	4.699598
8744	NA	4.9202733
8745	NA	4.6084776
8747	NA	4.5834618
8752	NA	4.794585
8754	NA	4.0947514
8755	NA	4.1274548
8758	NA	4.1831326
8761	NA	4.8423553
8762	NA	4.865797
8763	NA	4.151995
8764	NA	3.5898185
8765	NA	4.0783124
8769	NA	4.8494387
8770	NA	4.5891485
8771	NA	4.816933
8772	NA	3.7510173
8773	NA	3.9435701
8774	NA	3.8146966
8776	NA	3.9978855
8778	NA	4.935393
8780	NA	4.71211
8782	NA	4.184139
8785	NA	4.1677027
8788	NA	4.934024
8789	NA	4.84976
8793	NA	4.3642693
8795	NA	4.8027124
8797	NA	4.839425
8798	NA	4.58574
8799	NA	4.5635743
8802	NA	4.328136
8803	NA	4.5531325
8804	NA	4.5972457
8807	NA	4.875701
8808	NA	3.4367936
8809	NA	3.8975835
8810	NA	4.3463717
8811	NA	4.0339217
8812	NA	4.0134773
8817	NA	4.876765
8818	NA	4.473605
8819	NA	4.5855117
8820	NA	4.3786736
8821	NA	4.7794104
8824	NA	4.915593
8825	NA	4.9113903
8826	NA	4.483458
8827	NA	4.1064863
8828	NA	4.2726016
8829	NA	4.3013945
8831	NA	4.889959
8833	NA	4.8986635
8835	NA	4.3243084
8837	NA	4.4591627
8839	NA	4.3873672
8840	NA	4.8747315
8843	NA	4.930637
8845	NA	4.1224637
8847	NA	4.227112
8849	NA	4.8189573
8850	NA	4.890013
8851	NA	4.8689404
8853	NA	4.764012
8857	NA	4.6333895
8860	NA	4.971573
8861	NA	4.974387
8863	NA	4.5422807
8864	NA	4.517809
8865	NA	4.52332
8866	NA	4.5554175
8868	NA	4.2551985
8870	NA	4.6308227
8871	NA	4.2014523
8872	NA	4.117479
8874	NA	3.7344732
8877	NA	4.8922596
8880	NA	4.3409286
8881	NA	4.036624
8882	NA	4.2704663
8883	NA	4.401947
8884	NA	4.3151326
8885	NA	4.957771
8886	NA	4.9724636
8887	NA	4.552854
8889	NA	4.213141
8890	NA	3.898805
8891	NA	3.9365942
8893	NA	3.9199553
8895	NA	4.6566453
8896	NA	4.8680925
8897	NA	4.7802887
8898	NA	3.6087017
8899	NA	3.489685
8900	NA	2.7186031
8904	NA	4.905716
8905	NA	4.9088483
8906	NA	4.862988
8909	NA	3.8548944
8910	NA	3.8796687
8911	NA	3.98789
8912	NA	4.195742
8919	NA	4.0699444
8920	NA	4.161669
8921	NA	4.6073194
8922	NA	4.6898656
8923	NA	4.6399436
8925	NA	4.0784903
8927	NA	4.0692196
8928	NA	4.0234265
8929	NA	4.309602
8930	NA	4.9396663
8931	NA	4.7998576
8933	NA	4.9355993
8935	NA	3.9619079
8939	NA	4.774134
8940	NA	4.8786945
8946	NA	3.8022008
8947	NA	3.898349
8950	NA	4.7671638
8951	NA	4.802278
8953	NA	4.70753
8954	NA	4.679219
8960	NA	4.7531257
8962	NA	4.0808196
8968	NA	5.0
8969	NA	4.931016
8970	NA	4.574695
8971	NA	4.543883
8974	NA	4.574695
8975	NA	4.8861647
8979	NA	3.9276044
8981	NA	3.5590444
8984	NA	4.8749647
8985	NA	4.838718
8989	NA	4.3296247
8990	NA	4.3432274
8991	NA	4.183423
8993	NA	4.823157
8995	NA	4.9289403
8997	NA	4.9142656
9002	NA	4.3757625
9003	NA	4.3603725
9004	NA	4.8198256
9007	NA	4.9105067
9008	NA	4.6172123
9009	NA	4.613204
9010	NA	4.633593
9012	NA	4.717053
9013	NA	4.869749
9016	NA	4.748499
9018	NA	4.0689535
9020	NA	4.081814
9022	NA	4.9191775
9023	NA	4.33766
9025	NA	4.970467
9026	NA	3.498
9027	NA	3.519684
9032	NA	4.8445625
9034	NA	4.9584727
9042	NA	4.7743087
9043	NA	4.9612184
9047	NA	4.381969
9048	NA	4.4507895
9049	NA	4.880104
9052	NA	4.8968406
9055	NA	4.359294
9057	NA	4.2652225
9059	NA	4.7263722
9060	NA	4.672015
9061	NA	4.9220614
9062	NA	4.359935
9063	NA	4.517914
9064	NA	4.6365066
9065	NA	4.2204814
9072	NA	3.330841
9076	NA	4.628561
9079	NA	4.9374976
9081	NA	4.5225744
9082	NA	4.3845897
9084	NA	4.544377
9087	NA	4.7277455
9088	NA	4.710695
9089	NA	3.1627321
9091	NA	3.312711
9092	NA	3.200645
9100	NA	4.175834
9104	NA	4.91629
9105	NA	4.6347165
9107	NA	3.561234
9111	NA	3.7409885
9112	NA	4.405232
9114	NA	4.7799044
9115	NA	4.83295
9116	NA	4.009698
9118	NA	4.200177
9119	NA	3.8843307
9120	NA	3.9011116
9121	NA	4.9671817
9122	NA	4.9098573
9123	NA	4.8331223
9124	NA	4.786236
9128	NA	3.699291
9130	NA	4.820725
9135	NA	4.583368
9138	NA	4.689179
9143	NA	4.5466022
9144	NA	4.5548983
9145	NA	4.588757
9149	NA	4.83186
9151	NA	4.9720597
9152	NA	4.144267
9154	NA	4.1505694
9157	NA	4.8373284
9158	NA	4.7515025
9162	NA	4.2067223
9163	NA	4.3154883
9164	NA	4.168452
9165	NA	4.3383913
9166	NA	4.735171
9168	NA	4.8747573
9170	NA	4.7181525
9173	NA	4.5841827
9174	NA	4.701112
9175	NA	4.6410522
9176	NA	4.3047805
9178	NA	4.6387486
9179	NA	3.829376
9180	NA	3.7750375
9182	NA	3.4376068
9190	NA	4.2320275
9191	NA	4.104717
9195	NA	4.6914763
9197	NA	3.9135435
9199	NA	3.8853588
9201	NA	3.9381227
9202	NA	4.68626
9203	NA	4.746639
9204	NA	4.8784904
9205	NA	4.92078
9207	NA	4.4175897
9209	NA	4.361614
9210	NA	4.4559984
9214	NA	4.833127
9216	NA	3.1487129
9217	NA	2.9167597
9218	NA	2.9975045
9219	NA	3.273255
9220	NA	4.8309064
9221	NA	4.9712405
9225	NA	3.2743955
9226	NA	3.717533
9227	NA	3.6048121
9228	NA	3.6470664
9229	NA	4.753594
9231	NA	4.9593997
9232	NA	4.929132
9234	NA	4.6925106
9237	NA	4.761992
9243	NA	3.950216
9244	NA	3.9584665
9245	NA	3.983161
9246	NA	4.0262947
9248	NA	4.7709737
9251	NA	3.1964736
9252	NA	3.2259693
9253	NA	3.3389196
9256	NA	4.951198
9257	NA	4.9224463
9258	NA	4.905945
9260	NA	4.394451
9261	NA	4.3238664
9263	NA	4.31877
9265	NA	4.9266005
9266	NA	4.9495635
9267	NA	3.8654196
9268	NA	4.9348464
9270	NA	3.6556542
9271	NA	3.54845
9276	NA	4.797989
9277	NA	4.937719
9278	NA	4.04693
9279	NA	4.2365694
9282	NA	4.254846
9283	NA	4.8021355
9286	NA	4.906079
9289	NA	4.125076
9290	NA	4.202484
9291	NA	4.344364
9294	NA	4.8881555
9296	NA	3.727136
9298	NA	3.4127736
9301	NA	4.9711313
9302	NA	5.0
9304	NA	4.6377993
9306	NA	3.1819143
9310	NA	4.859659
9311	NA	4.64478
9312	NA	4.8817496
9316	NA	3.3611865
9317	NA	3.018776
9318	NA	3.2374613
9320	NA	4.669832
9321	NA	4.8058414
9322	NA	4.905621
9324	NA	3.8095944
9325	NA	3.8052692
9331	NA	4.959831
9332	NA	4.944502
9333	NA	4.9610014
9334	NA	4.4797053
9339	NA	4.9091225
9340	NA	4.910219
9341	NA	4.8636804
9345	NA	4.1560187
9346	NA	4.0503573
9347	NA	4.1194105
9348	NA	4.801888
9352	NA	3.9286165
9353	NA	3.7354536
9355	NA	3.844025
9357	NA	4.867839
9358	NA	4.9301395
9360	NA	4.827892
9363	NA	4.2896533
9364	NA	4.438797
9365	NA	4.4768176
9366	NA	4.9425807
9372	NA	4.2834773
9376	NA	4.66915
9378	NA	4.925282
9379	NA	3.648613
9381	NA	3.7715738
9382	NA	3.8019967
9383	NA	3.6328855
9384	NA	3.9719646
9390	NA	3.0113013
9392	NA	2.821091
9396	NA	4.887328
9397	NA	4.492619
9398	NA	4.5395937
9399	NA	4.435589
9403	NA	4.477878
9404	NA	4.873697
9405	NA	4.9236884
9406	NA	3.2377024
9409	NA	3.599027
9410	NA	3.2703497
9411	NA	4.767917
9415	NA	3.994039
9416	NA	4.087925
9417	NA	4.2158766
9418	NA	4.065016
9419	NA	4.0811787
9420	NA	4.893426
9421	NA	4.9619923
9422	NA	4.770713
9428	NA	4.350882
9429	NA	4.751816
9432	NA	4.9518733
9440	NA	4.9821696
9441	NA	4.916649
9443	NA	4.0844884
9446	NA	4.316516
9450	NA	4.8678384
9454	NA	3.8994396
9458	NA	4.8607435
9459	NA	4.892282
9460	NA	4.9237256
9463	NA	3.9245272
9464	NA	3.934418
9466	NA	3.9740837
9468	NA	4.925041
9470	NA	4.6762166
9472	NA	3.7455285
9474	NA	3.4372804
9476	NA	4.920668
9477	NA	4.908337
9478	NA	3.350566
9479	NA	4.8474684
9480	NA	3.0274665
9481	NA	4.5895915
9483	NA	4.569228
9484	NA	4.581601
9485	NA	4.845197
9486	NA	4.2829604
9487	NA	4.742217
9491	NA	3.9365087
9494	NA	4.853912
9498	NA	3.6511142
9501	NA	3.4591062
9503	NA	4.8960605
9505	NA	4.553912
9507	NA	4.270116
9508	NA	3.9993205
9509	NA	4.1214457
9511	NA	4.0958743
9513	NA	4.8816905
9514	NA	4.84611
9518	NA	4.2684526
9519	NA	4.352493
9520	NA	4.4378996
9521	NA	4.5354247
9522	NA	4.675381
9523	NA	3.9915652
9527	NA	4.033782
9528	NA	4.1227217
9533	NA	4.727324
9534	NA	3.944267
9536	NA	3.9148054
9539	NA	4.9061956
9543	NA	3.9550006
9546	NA	3.9737837
9547	NA	3.9455075
9548	NA	4.370688
9550	NA	4.762766
9552	NA	4.7672606
9553	NA	4.430843
9559	NA	4.9313607
9560	NA	4.7609534
9564	NA	4.372097
9566	NA	4.6121926
9568	NA	4.9247904
9573	NA	4.245608
9575	NA	4.7360067
9582	NA	4.0986123
9585	NA	4.5509667
9586	NA	4.9160223
9587	NA	4.6116033
9588	NA	4.8107133
9589	NA	3.4867427
9590	NA	3.4109821
9595	NA	3.9423788
9596	NA	4.6707854
9597	NA	4.7032123
9598	NA	4.9154058
9601	NA	4.2147903
9603	NA	3.7671626
9606	NA	4.855334
9608	NA	4.154004
9611	NA	4.049625
9612	NA	4.095546
9613	NA	4.8940043
9614	NA	4.8754153
9618	NA	3.7766402
9619	NA	3.7618215
9620	NA	3.9701524
9621	NA	3.8389902
9622	NA	4.920216
9625	NA	4.91811
9626	NA	4.203178
9628	NA	4.2231793
9629	NA	4.168702
9630	NA	4.258585
9633	NA	4.895037
9634	NA	4.964453
9637	NA	4.6063147
9640	NA	4.6528234
9642	NA	4.748403
9647	NA	3.4625716
9648	NA	3.5926368
9649	NA	3.6449075
9652	NA	4.9040923
9654	NA	4.8944755
9655	NA	4.1050572
9658	NA	4.256549
9660	NA	4.8095603
9661	NA	4.897898
9663	NA	4.749442
9664	NA	4.7901187
9670	NA	4.9594
9671	NA	4.9091687
9672	NA	4.907084
9673	NA	4.093777
9674	NA	4.032843
9679	NA	4.947711
9681	NA	4.858606
9682	NA	4.2165446
9683	NA	3.989579
9685	NA	4.225649
9686	NA	4.202436
9688	NA	4.564973
9690	NA	4.6654773
9693	NA	4.1336155
9696	NA	4.791354
9705	NA	4.8828278
9707	NA	4.922467
9711	NA	4.4642262
9712	NA	4.289342
9714	NA	4.8619986
9716	NA	4.2878685
9724	NA	4.84482
9725	NA	4.9568954
9727	NA	3.9695656
9728	NA	3.826293
9729	NA	3.934914
9732	NA	4.796848
9734	NA	4.981964
9735	NA	4.9681273
9737	NA	4.2574887
9739	NA	4.2522244
9740	NA	4.246729
9741	NA	4.815504
9742	NA	4.9159513
9743	NA	4.981479
9750	NA	4.9303336
9751	NA	4.974964
9754	NA	4.160363
9755	NA	4.043294
9756	NA	4.1884565
9761	NA	3.8361702
9762	NA	3.3819728
9767	NA	3.9057384
9768	NA	3.6336336
9772	NA	2.7483177
9775	NA	4.1196275
9777	NA	3.734873
9779	NA	2.9339347
9781	NA	4.1688538
9782	NA	2.148241
9783	NA	3.0501425
9785	NA	3.2810009
9787	NA	2.8297853
9790	NA	3.4345853
9791	NA	3.1168413
9792	NA	3.8601031
9793	NA	3.0440028
9794	NA	3.591887
9796	NA	3.010136
9797	NA	3.7405481
9798	NA	4.03995
9802	NA	4.358348
9804	NA	3.319394
9807	NA	3.59433
9808	NA	3.1340234
9809	NA	3.6335049
9810	NA	3.241733
9812	NA	3.1704085
9813	NA	3.791355
9818	NA	3.1462958
9819	NA	3.2583752
9823	NA	2.900774
9824	NA	3.0892928
9826	NA	2.539407
9828	NA	3.6953673
9830	NA	3.8835375
9831	NA	2.5824125
9832	NA	3.3935113
9833	NA	3.457037
9834	NA	2.990955
9835	NA	2.7580662
9837	NA	3.8536303
9842	NA	3.6705356
9845	NA	2.045028
9848	NA	2.2386332
9849	NA	3.8526871
9850	NA	3.0185158
9852	NA	3.5650291
9854	NA	2.9856226
9855	NA	4.0917697
9857	NA	2.7795641
9858	NA	3.6463084
9861	NA	3.4764395
9862	NA	3.2917235
9865	NA	2.8006372
9866	NA	3.6065788
9867	NA	3.7843056
9871	NA	1.938211
9872	NA	2.811535
9873	NA	3.3588774
9881	NA	3.3691337
9883	NA	2.1540678
9887	NA	3.6430774
9888	NA	3.2072723
9890	NA	3.4378653
9891	NA	3.0868576
9892	NA	3.398488
9894	NA	3.026438
9896	NA	3.284506
9898	NA	2.5410113
9899	NA	2.3410401
9901	NA	3.9523282
9902	NA	3.334881
9906	NA	3.4251695
9908	NA	3.7872398
9909	NA	3.187913
9910	NA	3.2773314
9913	NA	2.6479192
9917	NA	4.104986
9918	NA	2.907172
9920	NA	2.5822916
9923	NA	4.2273626
9924	NA	3.5880616
9925	NA	3.3771634
9928	NA	2.989276
9929	NA	3.3618703
9930	NA	3.2156835
9932	NA	3.285557
9933	NA	3.110738
9937	NA	2.9769711
9941	NA	2.7553499
9944	NA	2.1704128
9945	NA	3.0793536
9946	NA	2.964906
9950	NA	3.4994452
9952	NA	3.4182036
9953	NA	3.6701913
9954	NA	3.6856525
9956	NA	2.6181543
9957	NA	2.606846
9958	NA	3.631307
9959	NA	3.1277893
9961	NA	3.497215
9962	NA	3.4667828
9964	NA	2.8657663
9965	NA	3.2371066
9966	NA	2.636377
9969	NA	3.3593948
9970	NA	3.752339
9971	NA	2.6368637
9972	NA	3.1021018
9977	NA	2.9876304
9978	NA	3.436698
9979	NA	3.2432623
9986	NA	3.0363586
9987	NA	3.7470431
9989	NA	3.0108542
9990	NA	3.6135185
9991	NA	3.8826413
9992	NA	2.4754488
9994	NA	2.3596203
9995	NA	3.3323607
9996	NA	3.2901976
