pair_ID	entailment_judgment	relatedness_score
6	NA	2.1362302
7	NA	2.6250398
8	NA	2.5068455
10	NA	2.988517
11	NA	2.9969275
13	NA	1.7900357
15	NA	1.6487793
16	NA	1.0
17	NA	1.0
19	NA	2.626158
20	NA	2.626158
21	NA	3.0
22	NA	2.9853866
23	NA	1.0
27	NA	1.609756
29	NA	2.0663972
31	NA	2.9300144
32	NA	2.9890409
33	NA	1.9077243
34	NA	2.9127028
36	NA	1.6438192
37	NA	1.751236
38	NA	1.7788073
39	NA	1.7894217
41	NA	2.9961321
43	NA	3.0
46	NA	1.525499
48	NA	1.5092818
50	NA	1.4859567
51	NA	1.4859567
52	NA	2.418113
53	NA	2.809091
54	NA	2.9897783
57	NA	1.0
59	NA	1.0
60	NA	1.0
61	NA	1.0
63	NA	2.8604891
64	NA	2.6214836
66	NA	2.991104
67	NA	2.0521104
68	NA	2.1776135
69	NA	2.2616298
71	NA	2.2375462
74	NA	2.5896406
75	NA	2.6861308
76	NA	2.667221
80	NA	2.1830626
86	NA	2.1990209
89	NA	2.9924252
92	NA	1.0
95	NA	1.0
96	NA	1.0
101	NA	2.99739
102	NA	1.0
103	NA	1.0
104	NA	1.0
106	NA	1.0
108	NA	2.954399
109	NA	1.5193478
110	NA	1.8103924
111	NA	2.7337232
114	NA	1.8173919
115	NA	1.0
118	NA	2.9680238
121	NA	2.7354438
123	NA	1.6740068
125	NA	1.662095
128	NA	1.6331471
132	NA	3.0
134	NA	2.4940467
135	NA	1.8827964
137	NA	1.6612083
138	NA	1.8875289
142	NA	2.9995286
143	NA	1.967309
144	NA	2.4438195
145	NA	1.0
147	NA	2.4283686
149	NA	2.6889617
151	NA	1.0
152	NA	2.6919403
153	NA	1.0
154	NA	2.6919403
155	NA	2.6889617
156	NA	3.0
157	NA	3.0
158	NA	3.0
160	NA	2.9942756
162	NA	2.9830544
165	NA	2.9950373
166	NA	2.9849858
167	NA	2.4382558
168	NA	2.9883397
169	NA	2.910813
171	NA	3.0
172	NA	2.1939635
174	NA	2.0862668
175	NA	2.0708342
177	NA	2.0862668
178	NA	2.8770158
179	NA	2.9519455
180	NA	3.0
181	NA	1.63353
182	NA	2.9991863
187	NA	2.7822094
189	NA	2.7552972
190	NA	2.7552972
191	NA	1.8597107
193	NA	2.995972
195	NA	2.6874967
196	NA	1.863074
198	NA	1.5149491
199	NA	2.689648
203	NA	2.2206876
204	NA	1.0
206	NA	1.0
207	NA	1.0
208	NA	1.0
209	NA	2.120051
210	NA	2.0906198
212	NA	1.0
213	NA	1.0
214	NA	1.0
220	NA	2.851371
221	NA	3.0
222	NA	3.0
229	NA	2.9999676
230	NA	2.6529436
231	NA	3.0
235	NA	1.9407606
239	NA	1.9407606
242	NA	1.6725035
243	NA	2.9858782
244	NA	2.0796127
245	NA	3.0
246	NA	2.0156512
247	NA	2.8348644
250	NA	1.7680157
251	NA	1.0
252	NA	2.020589
255	NA	2.9989367
261	NA	1.0
262	NA	2.5667975
263	NA	2.8912432
264	NA	2.21955
267	NA	1.7315642
268	NA	1.7669834
270	NA	1.6459513
271	NA	2.2655501
274	NA	2.8798468
275	NA	2.474162
278	NA	1.6187003
281	NA	1.0
282	NA	2.9972248
284	NA	1.0
288	NA	2.4282613
290	NA	2.4256902
292	NA	2.9286609
294	NA	2.8673139
295	NA	1.7871808
297	NA	1.0
298	NA	1.0
299	NA	1.0
300	NA	2.085567
306	NA	1.5464683
307	NA	2.0637102
308	NA	1.5293142
314	NA	3.0
316	NA	1.8448614
318	NA	2.1714785
319	NA	2.1774576
320	NA	1.881141
321	NA	1.8731922
322	NA	2.9993677
324	NA	2.7457733
325	NA	2.7457733
326	NA	2.124488
328	NA	2.113177
330	NA	2.1072466
334	NA	2.9791226
336	NA	1.9335938
337	NA	1.9118876
343	NA	2.4697464
345	NA	1.914202
348	NA	2.6569438
349	NA	2.652659
350	NA	2.6569438
352	NA	3.0
353	NA	2.9121733
355	NA	2.8595588
356	NA	1.782857
357	NA	2.1704545
359	NA	1.5707191
364	NA	1.9055078
365	NA	3.0
368	NA	1.9890648
369	NA	1.9832128
371	NA	2.9946609
376	NA	2.9562705
383	NA	2.893986
385	NA	2.3611937
386	NA	2.5986836
388	NA	2.7518766
389	NA	2.7668934
399	NA	2.700456
400	NA	2.6904268
401	NA	2.700456
405	NA	2.9944425
406	NA	1.5665703
407	NA	1.5833162
408	NA	1.5961046
411	NA	2.9730728
412	NA	2.92194
414	NA	2.9086852
416	NA	2.901858
418	NA	2.8782024
419	NA	2.9964914
420	NA	2.8637667
421	NA	2.9199271
424	NA	2.9917533
425	NA	2.6881652
426	NA	3.0
429	NA	2.5718794
430	NA	2.5931199
431	NA	2.5718794
432	NA	2.5718794
433	NA	2.8759418
437	NA	1.7864206
443	NA	2.6966107
444	NA	3.0
445	NA	1.0
448	NA	1.0
452	NA	1.5300473
453	NA	1.89436
455	NA	2.0754025
456	NA	2.723674
458	NA	1.0
459	NA	1.6590601
460	NA	2.1291912
463	NA	2.9156544
464	NA	2.9132419
466	NA	3.0
467	NA	2.5318344
468	NA	2.5312388
469	NA	2.7897134
471	NA	2.6694014
472	NA	2.5312388
474	NA	3.0
478	NA	1.5859632
479	NA	1.0
480	NA	1.5892935
481	NA	1.5892935
482	NA	2.8434138
483	NA	2.90271
487	NA	2.8822196
488	NA	2.6624327
490	NA	2.8731754
492	NA	2.9862444
493	NA	2.9929688
495	NA	2.9567466
498	NA	1.9190611
501	NA	1.918148
502	NA	2.0927541
503	NA	3.0
504	NA	2.8609662
509	NA	2.9875946
510	NA	2.5827396
511	NA	1.8070091
512	NA	2.5792274
517	NA	2.6581624
518	NA	2.9989061
519	NA	3.0
521	NA	2.4139276
523	NA	2.3026774
525	NA	2.3212223
532	NA	3.0
533	NA	2.996938
534	NA	2.3780181
536	NA	2.3747685
537	NA	2.408291
539	NA	2.4307969
540	NA	2.387798
543	NA	2.5736582
544	NA	2.7734368
546	NA	2.9940252
547	NA	1.817774
549	NA	1.9799567
553	NA	1.9361278
554	NA	2.840068
558	NA	2.8662636
559	NA	2.988231
562	NA	2.3921113
563	NA	2.2408051
566	NA	2.3728719
567	NA	2.5723562
569	NA	2.8892016
571	NA	2.9985795
572	NA	2.7963586
573	NA	2.9595306
574	NA	2.9595306
575	NA	2.762327
576	NA	2.4801393
577	NA	2.9565108
578	NA	2.8598979
579	NA	2.957864
580	NA	2.742705
582	NA	2.9710548
583	NA	2.9857137
584	NA	3.0
585	NA	2.5217693
589	NA	2.5338964
590	NA	2.548223
591	NA	2.9850178
593	NA	2.995457
594	NA	3.0
595	NA	1.9109201
596	NA	1.9333043
598	NA	2.0191364
600	NA	3.0
602	NA	2.99485
607	NA	2.4125772
608	NA	2.5452
610	NA	2.5116837
612	NA	2.4125772
613	NA	2.9999485
614	NA	2.958763
615	NA	2.9914355
616	NA	1.9798955
618	NA	2.5527668
620	NA	2.3502297
623	NA	2.548252
624	NA	2.5687501
627	NA	2.872556
633	NA	1.4632987
635	NA	1.5301801
636	NA	1.7626219
639	NA	3.0
640	NA	2.9884744
642	NA	2.9904132
644	NA	2.9888973
652	NA	3.0
654	NA	2.527578
656	NA	2.9943318
658	NA	2.616076
659	NA	2.589484
662	NA	2.5877726
664	NA	2.5877726
665	NA	3.0
666	NA	2.9584947
667	NA	2.9999852
669	NA	2.9966588
670	NA	1.0
673	NA	1.0
674	NA	1.0
675	NA	1.0
677	NA	2.9987416
681	NA	2.8067482
682	NA	1.0
683	NA	1.0
684	NA	1.0
686	NA	1.0
688	NA	1.0
694	NA	2.9451494
695	NA	1.4879353
700	NA	1.4770285
701	NA	1.6580335
705	NA	1.9046558
706	NA	1.0
707	NA	1.0
708	NA	1.0
710	NA	1.0
711	NA	1.0
712	NA	1.0
713	NA	3.0
714	NA	2.9440553
716	NA	2.9192557
719	NA	1.9515033
720	NA	1.9486182
721	NA	2.0324306
724	NA	2.0036292
726	NA	2.9841843
739	NA	3.0
740	NA	2.6183019
742	NA	1.7314667
743	NA	1.798733
744	NA	1.8095946
750	NA	2.9939272
751	NA	1.0
753	NA	3.0
755	NA	2.9648116
756	NA	2.963302
758	NA	2.9648116
763	NA	2.9259882
767	NA	1.0
770	NA	1.0
771	NA	1.0
773	NA	2.6271136
775	NA	2.7499902
776	NA	1.4977674
778	NA	1.5099646
779	NA	2.039833
781	NA	2.6752965
782	NA	3.0
786	NA	2.9808211
787	NA	2.5782254
788	NA	2.5778453
790	NA	2.2843876
794	NA	2.1377182
795	NA	2.998267
798	NA	2.9900227
800	NA	1.0
801	NA	2.9752462
803	NA	2.9673758
805	NA	2.7522323
806	NA	2.727126
807	NA	1.0
808	NA	1.0
809	NA	1.4371465
810	NA	1.0
814	NA	1.0
815	NA	1.7156564
817	NA	2.9997215
818	NA	3.0
819	NA	2.9950912
821	NA	1.9337875
823	NA	1.7255193
826	NA	1.9337875
828	NA	3.0
829	NA	2.999312
832	NA	2.554538
833	NA	2.4057043
834	NA	2.4058595
835	NA	2.3285022
837	NA	2.4058595
838	NA	2.4100027
840	NA	2.5813193
842	NA	2.6355298
843	NA	2.9999914
847	NA	1.6615076
849	NA	1.6456742
850	NA	2.2950394
853	NA	2.9999826
854	NA	1.7465869
856	NA	2.9999664
861	NA	1.7458018
863	NA	2.9999826
865	NA	2.9988258
871	NA	1.0
875	NA	2.9606826
877	NA	2.3241901
884	NA	1.0
885	NA	1.7997763
886	NA	1.0
890	NA	1.0
891	NA	1.0
894	NA	2.6737866
896	NA	1.0
897	NA	1.0
900	NA	2.9661918
901	NA	2.9632363
903	NA	2.9803383
905	NA	2.4371772
907	NA	2.6808367
911	NA	2.6735077
912	NA	2.8712287
914	NA	2.9999847
916	NA	2.974914
918	NA	1.920336
919	NA	1.8800869
921	NA	1.9155395
923	NA	2.4094577
924	NA	2.999654
925	NA	1.0
926	NA	1.4336665
928	NA	1.0
929	NA	1.0
930	NA	2.2712939
934	NA	2.9966052
937	NA	3.0
938	NA	2.986975
939	NA	2.375793
941	NA	1.7985344
942	NA	1.5793152
946	NA	1.7663327
951	NA	2.9587226
952	NA	2.2788067
954	NA	1.0
955	NA	1.0
958	NA	1.0
964	NA	2.9931571
965	NA	2.992378
966	NA	2.7791195
968	NA	2.7793822
969	NA	2.7857597
971	NA	2.9488778
972	NA	2.7935803
974	NA	2.91103
976	NA	2.999405
977	NA	2.9907365
981	NA	1.0
982	NA	1.0
983	NA	1.0
986	NA	2.9599228
990	NA	3.0
992	NA	1.8481206
993	NA	1.8481206
995	NA	1.9059408
997	NA	2.2059183
999	NA	2.92081
1001	NA	2.9813375
1003	NA	1.8444453
1005	NA	1.9123094
1006	NA	1.9837025
1011	NA	3.0
1012	NA	2.7826388
1013	NA	2.8380334
1014	NA	2.835988
1015	NA	2.6415765
1017	NA	2.680286
1020	NA	2.835988
1023	NA	2.8578186
1024	NA	2.988363
1025	NA	2.9605355
1027	NA	1.0
1030	NA	1.5616654
1032	NA	3.0
1034	NA	2.7377799
1035	NA	2.9999626
1036	NA	3.0
1040	NA	1.0
1041	NA	1.0
1042	NA	1.0
1051	NA	1.0
1056	NA	1.0
1058	NA	2.972014
1059	NA	3.0
1060	NA	2.979295
1062	NA	3.0
1063	NA	2.423271
1066	NA	2.751136
1067	NA	2.2789736
1070	NA	2.280752
1071	NA	2.9933078
1072	NA	1.4474331
1073	NA	2.9993296
1075	NA	2.9879563
1077	NA	1.6475252
1078	NA	1.6661423
1079	NA	1.6559917
1081	NA	1.6475252
1085	NA	3.0
1086	NA	2.9251165
1089	NA	2.8751945
1098	NA	2.8100693
1100	NA	2.2888277
1101	NA	2.1757898
1103	NA	2.13765
1106	NA	2.7443545
1107	NA	2.9460382
1110	NA	3.0
1113	NA	2.2134953
1114	NA	2.499669
1116	NA	2.467055
1121	NA	1.0
1123	NA	1.0
1124	NA	3.0
1126	NA	2.8228528
1127	NA	3.0
1130	NA	3.0
1131	NA	3.0
1132	NA	1.0
1134	NA	1.0
1136	NA	1.0
1138	NA	1.0
1139	NA	2.9850688
1140	NA	3.0
1141	NA	2.9912558
1142	NA	3.0
1143	NA	1.9929568
1144	NA	2.0011687
1146	NA	2.0011687
1148	NA	2.6184633
1150	NA	2.9836466
1151	NA	3.0
1152	NA	2.8980694
1156	NA	2.9127579
1158	NA	2.9631758
1159	NA	2.3364959
1160	NA	2.6809444
1163	NA	2.5684683
1164	NA	2.9554684
1166	NA	2.996924
1168	NA	2.9970858
1171	NA	2.9771419
1172	NA	2.9751987
1173	NA	2.9771419
1174	NA	2.9771419
1176	NA	3.0
1181	NA	2.8511453
1183	NA	2.768143
1185	NA	2.9939258
1186	NA	2.820501
1187	NA	2.1231189
1189	NA	2.2411263
1197	NA	3.0
1198	NA	3.0
1199	NA	2.6579418
1201	NA	2.9405155
1203	NA	2.9405155
1204	NA	2.9405155
1208	NA	2.9948978
1209	NA	3.0
1210	NA	1.0
1211	NA	1.0
1216	NA	3.0
1217	NA	2.0595853
1218	NA	2.544004
1220	NA	1.0
1223	NA	1.0
1224	NA	2.9874127
1225	NA	3.0
1226	NA	2.3726478
1229	NA	2.9986174
1231	NA	2.9986174
1233	NA	2.830459
1234	NA	3.0
1235	NA	2.8667123
1238	NA	2.92819
1243	NA	3.0
1245	NA	3.0
1247	NA	2.974628
1250	NA	2.974628
1252	NA	3.0
1253	NA	2.9823432
1254	NA	2.8843727
1256	NA	2.8735726
1257	NA	2.9209561
1258	NA	2.9116006
1260	NA	2.6254945
1261	NA	3.0
1262	NA	2.496012
1263	NA	2.9995832
1264	NA	2.9037013
1265	NA	2.4820023
1267	NA	2.486548
1269	NA	2.9725177
1272	NA	3.0
1277	NA	2.9943771
1278	NA	2.944267
1279	NA	2.9857302
1281	NA	3.0
1285	NA	2.8486664
1286	NA	2.8474464
1288	NA	3.0
1289	NA	3.0
1290	NA	2.0101433
1295	NA	2.5953674
1296	NA	2.1515114
1298	NA	2.4662938
1299	NA	2.4605415
1300	NA	3.0
1301	NA	2.9793751
1304	NA	2.9577813
1306	NA	2.9723957
1307	NA	2.535568
1309	NA	2.807798
1310	NA	3.0
1312	NA	2.112482
1313	NA	1.6313322
1314	NA	1.0
1315	NA	1.6746573
1316	NA	1.6126072
1320	NA	3.0
1322	NA	2.5283012
1323	NA	3.0
1324	NA	2.5298793
1325	NA	2.538078
1327	NA	2.975357
1330	NA	2.9923239
1331	NA	2.7480435
1332	NA	3.0
1334	NA	2.5331235
1337	NA	2.662486
1338	NA	2.8501828
1339	NA	2.8501828
1340	NA	2.8447657
1343	NA	2.6982799
1347	NA	2.8650448
1348	NA	2.8650448
1349	NA	1.0
1351	NA	2.9884417
1353	NA	1.9660167
1356	NA	1.9486392
1357	NA	1.9486392
1360	NA	1.5542566
1362	NA	2.9973462
1363	NA	2.9977686
1364	NA	1.0
1366	NA	1.5529513
1367	NA	2.7761374
1369	NA	2.2648678
1370	NA	3.0
1374	NA	2.3023064
1375	NA	2.3023064
1377	NA	3.0
1382	NA	1.6333661
1383	NA	1.5778049
1391	NA	1.868531
1392	NA	2.9494967
1393	NA	2.9494967
1394	NA	2.9980493
1395	NA	2.9985688
1397	NA	3.0
1398	NA	2.9988558
1401	NA	2.9988322
1402	NA	2.9989336
1406	NA	3.0
1411	NA	1.9834214
1413	NA	1.6468701
1416	NA	2.9995115
1418	NA	2.952208
1420	NA	2.9995115
1422	NA	1.5652097
1423	NA	1.714847
1424	NA	3.0
1425	NA	1.4728454
1426	NA	2.2549686
1428	NA	2.1671963
1430	NA	2.8845084
1433	NA	3.0
1436	NA	2.7084186
1437	NA	2.886871
1439	NA	2.9140384
1440	NA	3.0
1441	NA	2.4349709
1442	NA	2.9938328
1445	NA	2.9132416
1447	NA	2.9942553
1449	NA	2.9967773
1450	NA	2.959317
1451	NA	3.0
1452	NA	2.0328753
1454	NA	2.0601754
1456	NA	2.035104
1457	NA	2.5965672
1459	NA	2.7193863
1460	NA	2.9967055
1462	NA	1.6357552
1465	NA	1.6307795
1468	NA	2.999983
1471	NA	1.798432
1472	NA	2.6488094
1475	NA	1.0
1477	NA	1.0
1478	NA	3.0
1485	NA	3.0
1490	NA	2.7587297
1491	NA	2.7602642
1492	NA	2.7602642
1496	NA	3.0
1497	NA	2.6953874
1500	NA	3.0
1502	NA	2.2426515
1507	NA	1.0
1508	NA	1.0
1510	NA	1.0
1512	NA	1.50538
1515	NA	1.6668628
1516	NA	1.0
1518	NA	1.7019229
1520	NA	2.8613164
1522	NA	2.6731703
1526	NA	2.8564541
1528	NA	2.9685297
1529	NA	1.5442188
1530	NA	2.3589053
1533	NA	1.0
1537	NA	1.0
1539	NA	3.0
1540	NA	1.0
1542	NA	1.6028574
1543	NA	1.973996
1544	NA	2.0757356
1546	NA	1.973996
1548	NA	1.4620478
1554	NA	1.0
1555	NA	1.653043
1556	NA	2.8555152
1560	NA	2.989087
1561	NA	2.9893892
1562	NA	2.8306668
1564	NA	2.989299
1567	NA	2.9914103
1568	NA	2.8208966
1569	NA	2.9976807
1571	NA	2.2828488
1572	NA	2.2343812
1577	NA	2.227146
1578	NA	2.9928777
1579	NA	3.0
1581	NA	3.0
1583	NA	1.0
1589	NA	3.0
1590	NA	2.994588
1593	NA	1.0
1594	NA	1.0
1596	NA	3.0
1597	NA	2.9202943
1598	NA	2.9997883
1600	NA	2.6092534
1602	NA	2.4844623
1603	NA	2.788839
1605	NA	2.4431787
1611	NA	3.0
1613	NA	2.9947522
1616	NA	2.8893368
1617	NA	2.9947522
1619	NA	3.0
1620	NA	2.9999945
1622	NA	1.8127403
1623	NA	1.812779
1624	NA	1.812779
1630	NA	2.4180908
1633	NA	1.0
1634	NA	1.9136506
1636	NA	2.2164974
1637	NA	1.9386202
1638	NA	1.5942727
1642	NA	2.9997537
1644	NA	3.0
1645	NA	3.0
1654	NA	3.0
1656	NA	2.9995687
1658	NA	3.0
1662	NA	2.9500375
1664	NA	2.9981985
1665	NA	1.0
1666	NA	2.9384718
1667	NA	3.0
1672	NA	1.0
1674	NA	1.0
1678	NA	2.9992232
1679	NA	2.288545
1681	NA	3.0
1683	NA	2.9989696
1684	NA	3.0
1685	NA	2.9975407
1686	NA	2.3115108
1688	NA	2.288545
1689	NA	3.0
1692	NA	1.6308998
1693	NA	1.6445589
1695	NA	1.5347704
1696	NA	1.8365725
1698	NA	1.8091265
1699	NA	2.0135226
1701	NA	1.0
1704	NA	2.9984388
1709	NA	2.925566
1710	NA	2.9609234
1713	NA	3.0
1717	NA	2.9417446
1718	NA	2.9417446
1720	NA	2.9417446
1722	NA	2.9417446
1725	NA	2.975607
1726	NA	3.0
1727	NA	3.0
1728	NA	2.0869823
1730	NA	2.0355628
1731	NA	1.0
1732	NA	2.0355628
1734	NA	2.0473936
1735	NA	2.0473936
1737	NA	3.0
1738	NA	1.0
1739	NA	1.0
1740	NA	1.0
1742	NA	1.0
1743	NA	2.9946768
1744	NA	3.0
1745	NA	2.9946768
1746	NA	2.9619813
1748	NA	2.993424
1749	NA	2.9581742
1750	NA	2.9567149
1752	NA	2.9567149
1758	NA	3.0
1760	NA	2.5070806
1761	NA	2.3214445
1762	NA	1.4122547
1763	NA	2.43506
1764	NA	2.5070806
1767	NA	2.8064086
1768	NA	2.530786
1769	NA	3.0
1770	NA	2.2201948
1774	NA	1.5440588
1775	NA	1.5440588
1778	NA	3.0
1779	NA	1.0
1785	NA	1.0
1786	NA	1.0
1788	NA	1.0
1790	NA	3.0
1793	NA	2.4831674
1794	NA	1.429741
1795	NA	1.0
1796	NA	2.0728607
1797	NA	1.0
1799	NA	1.7552786
1800	NA	1.7591158
1801	NA	1.7552786
1802	NA	3.0
1803	NA	3.0
1804	NA	2.128486
1805	NA	3.0
1806	NA	2.8285286
1810	NA	2.8075807
1813	NA	2.999632
1816	NA	2.7642772
1817	NA	3.0
1819	NA	1.0
1821	NA	1.0
1824	NA	1.6877403
1826	NA	3.0
1827	NA	2.694904
1828	NA	2.0410507
1831	NA	2.980939
1833	NA	1.5108646
1834	NA	1.5474657
1835	NA	1.5108646
1836	NA	1.5299019
1837	NA	1.0
1838	NA	1.5108646
1843	NA	3.0
1845	NA	1.0
1848	NA	1.8245603
1850	NA	2.9990034
1855	NA	2.7958274
1856	NA	2.7944117
1857	NA	2.7916524
1858	NA	2.7942066
1859	NA	2.9481943
1860	NA	1.0
1862	NA	3.0
1863	NA	3.0
1864	NA	1.0
1865	NA	1.0
1867	NA	1.0
1868	NA	1.0
1870	NA	1.0
1871	NA	1.0
1872	NA	3.0
1875	NA	2.938395
1880	NA	1.0
1883	NA	1.0
1885	NA	3.0
1889	NA	2.657576
1890	NA	2.1790216
1891	NA	2.4221601
1893	NA	1.5911994
1895	NA	2.4221601
1896	NA	1.8364217
1899	NA	2.596272
1901	NA	1.0
1902	NA	2.804859
1903	NA	1.6528498
1905	NA	1.47892
1906	NA	1.6620473
1911	NA	2.1363277
1913	NA	3.0
1914	NA	2.9890275
1915	NA	2.2990003
1916	NA	2.3030255
1917	NA	2.309764
1920	NA	2.31128
1922	NA	3.0
1923	NA	2.7095392
1924	NA	1.0
1925	NA	2.9976554
1926	NA	3.0
1928	NA	1.0
1929	NA	1.0
1930	NA	1.0
1931	NA	1.0
1932	NA	1.0
1933	NA	1.7067639
1937	NA	2.9998174
1938	NA	2.663449
1941	NA	1.4447204
1945	NA	3.0
1947	NA	2.9940698
1950	NA	1.0
1951	NA	1.0
1953	NA	2.9996445
1956	NA	2.9804835
1957	NA	2.9727921
1958	NA	1.0
1959	NA	1.0
1960	NA	1.0
1962	NA	1.0
1965	NA	2.4931734
1966	NA	1.0
1968	NA	3.0
1971	NA	2.2807124
1973	NA	2.2807124
1976	NA	2.2807124
1977	NA	2.999585
1979	NA	1.0
1980	NA	3.0
1982	NA	1.5422779
1983	NA	1.5422779
1985	NA	1.5422779
1986	NA	1.7627107
1990	NA	1.0
1995	NA	2.2819657
1997	NA	2.5274587
1998	NA	2.2819657
2002	NA	2.848609
2003	NA	2.993976
2010	NA	2.9327672
2013	NA	2.9387538
2017	NA	3.0
2021	NA	2.8231406
2022	NA	1.8467356
2026	NA	2.8230133
2028	NA	1.9161576
2031	NA	3.0
2032	NA	2.534408
2033	NA	1.4784119
2034	NA	1.5135905
2036	NA	1.5155798
2039	NA	1.5135905
2042	NA	2.9929352
2043	NA	3.0
2044	NA	3.0
2046	NA	2.2067502
2048	NA	2.2000675
2050	NA	2.2067502
2053	NA	2.8708239
2054	NA	2.7237122
2057	NA	3.0
2060	NA	1.5646935
2062	NA	1.5294838
2063	NA	1.5066484
2065	NA	3.0
2069	NA	1.0
2071	NA	2.1394887
2074	NA	1.0
2077	NA	2.4420807
2083	NA	1.6062561
2085	NA	1.8915904
2093	NA	2.6085293
2095	NA	2.4946182
2099	NA	2.4850442
2101	NA	2.9834948
2106	NA	2.9915197
2108	NA	2.7887785
2110	NA	2.7763994
2111	NA	2.7900693
2114	NA	2.8528342
2116	NA	1.7981066
2120	NA	2.9461832
2126	NA	2.7256281
2127	NA	2.9997709
2128	NA	3.0
2129	NA	3.0
2131	NA	2.239901
2133	NA	2.239379
2134	NA	2.239901
2135	NA	2.239901
2137	NA	3.0
2138	NA	2.9255233
2140	NA	3.0
2142	NA	1.9795468
2143	NA	1.9795468
2147	NA	2.063229
2149	NA	2.9999955
2151	NA	2.8438272
2152	NA	2.8679192
2154	NA	2.6635776
2155	NA	2.6199799
2156	NA	2.5216012
2158	NA	2.7582982
2159	NA	2.6472573
2160	NA	2.6433027
2161	NA	2.75813
2168	NA	3.0
2169	NA	2.9996512
2173	NA	2.5389223
2174	NA	3.0
2177	NA	2.8749905
2178	NA	2.869659
2182	NA	2.9999483
2185	NA	3.0
2186	NA	2.1476624
2187	NA	2.1476624
2189	NA	2.0392249
2190	NA	2.1476624
2191	NA	3.0
2193	NA	2.8972654
2194	NA	1.7480488
2197	NA	2.9931552
2200	NA	2.8814275
2201	NA	2.9931552
2204	NA	2.5548792
2206	NA	2.7580633
2209	NA	1.0
2211	NA	1.0
2214	NA	1.0
2216	NA	2.8215542
2219	NA	3.0
2220	NA	1.712779
2223	NA	1.5133411
2224	NA	1.711808
2225	NA	1.711808
2227	NA	3.0
2230	NA	2.958409
2237	NA	2.999188
2241	NA	1.4998393
2244	NA	1.4811054
2245	NA	1.4998393
2246	NA	3.0
2248	NA	2.9896953
2249	NA	3.0
2254	NA	2.779184
2255	NA	2.6953874
2256	NA	2.657479
2257	NA	2.275555
2258	NA	3.0
2262	NA	2.5419915
2265	NA	3.0
2267	NA	3.0
2268	NA	2.907911
2269	NA	2.9317014
2270	NA	2.9317014
2271	NA	2.9317014
2273	NA	2.9806802
2276	NA	2.8794665
2278	NA	1.6640877
2279	NA	1.6945168
2280	NA	1.7382023
2283	NA	3.0
2285	NA	3.0
2290	NA	3.0
2292	NA	3.0
2293	NA	2.9762406
2294	NA	1.607382
2295	NA	2.5040288
2296	NA	1.0
2298	NA	2.4955933
2300	NA	3.0
2301	NA	2.9955103
2306	NA	2.1260345
2312	NA	2.9989123
2313	NA	3.0
2320	NA	1.0
2321	NA	1.0
2323	NA	2.9674687
2324	NA	2.4451947
2325	NA	3.0
2326	NA	3.0
2328	NA	3.0
2331	NA	2.9677029
2335	NA	2.996924
2336	NA	3.0
2337	NA	3.0
2342	NA	1.0
2343	NA	1.0
2345	NA	1.0
2346	NA	3.0
2347	NA	2.9236867
2349	NA	1.794877
2353	NA	1.6559252
2354	NA	1.7103547
2355	NA	1.6559252
2356	NA	1.6559252
2357	NA	2.9729643
2361	NA	3.0
2367	NA	2.9202049
2370	NA	3.0
2371	NA	3.0
2372	NA	2.9915419
2373	NA	2.9915419
2376	NA	2.9915419
2378	NA	2.888552
2379	NA	2.9984372
2380	NA	3.0
2382	NA	2.9715927
2384	NA	2.9143677
2387	NA	2.999601
2389	NA	1.7024026
2390	NA	3.0
2393	NA	1.7093933
2394	NA	2.999601
2395	NA	2.9917245
2396	NA	3.0
2398	NA	3.0
2399	NA	1.0
2403	NA	1.0
2406	NA	3.0
2408	NA	2.9971976
2411	NA	2.044338
2412	NA	2.044338
2416	NA	2.617666
2417	NA	1.0
2418	NA	3.0
2419	NA	3.0
2420	NA	1.0
2421	NA	1.0
2424	NA	2.2453866
2425	NA	1.0
2427	NA	2.918935
2428	NA	3.0
2432	NA	2.8132684
2433	NA	2.8353643
2434	NA	2.9465241
2435	NA	2.91232
2437	NA	3.0
2439	NA	3.0
2442	NA	2.8865492
2443	NA	2.6031158
2444	NA	2.9659503
2446	NA	2.9865615
2448	NA	2.4437294
2449	NA	2.971096
2451	NA	2.933226
2452	NA	1.0
2453	NA	1.4394153
2454	NA	1.5746015
2460	NA	2.9841063
2461	NA	2.9996407
2462	NA	3.0
2463	NA	2.813586
2464	NA	2.8136313
2468	NA	2.921799
2469	NA	2.9981875
2470	NA	2.0949214
2471	NA	2.9972765
2473	NA	2.917221
2475	NA	2.9213061
2477	NA	2.999547
2478	NA	2.5866785
2479	NA	2.9179263
2480	NA	3.0
2481	NA	2.843624
2482	NA	2.903505
2483	NA	2.9032896
2484	NA	2.503659
2487	NA	2.9894178
2489	NA	2.6885574
2490	NA	2.9859457
2492	NA	2.6914246
2493	NA	2.6882932
2498	NA	3.0
2501	NA	1.0
2502	NA	1.0
2503	NA	1.0
2504	NA	1.0
2507	NA	3.0
2511	NA	1.0
2512	NA	2.9894419
2513	NA	2.9879065
2516	NA	2.9894419
2517	NA	3.0
2519	NA	1.9984549
2520	NA	3.0
2522	NA	1.9728336
2523	NA	2.9895136
2524	NA	2.9636116
2526	NA	1.0
2528	NA	2.9923286
2531	NA	1.9130464
2532	NA	2.9970138
2533	NA	1.9089845
2534	NA	2.989654
2536	NA	2.9970138
2537	NA	1.0
2541	NA	1.0
2542	NA	1.0
2546	NA	2.813779
2547	NA	3.0
2548	NA	2.3140552
2550	NA	1.9643416
2552	NA	2.9083338
2556	NA	2.694818
2558	NA	1.473432
2559	NA	1.0
2560	NA	1.7320387
2562	NA	1.0
2563	NA	1.9843419
2564	NA	2.9999712
2565	NA	3.0
2567	NA	2.9480336
2568	NA	1.5928428
2570	NA	1.5927695
2571	NA	1.5928428
2573	NA	3.0
2575	NA	2.906738
2576	NA	3.0
2580	NA	2.9991357
2581	NA	2.9991357
2584	NA	2.968084
2585	NA	3.0
2586	NA	2.9384344
2587	NA	2.9782996
2595	NA	3.0
2598	NA	2.8032343
2600	NA	1.0
2603	NA	3.0
2605	NA	3.0
2607	NA	2.777001
2609	NA	2.7833252
2610	NA	2.7833252
2611	NA	2.7833252
2612	NA	2.7833252
2613	NA	2.9982283
2614	NA	3.0
2616	NA	2.6239243
2617	NA	1.0
2618	NA	2.6146352
2620	NA	2.94133
2621	NA	2.94133
2624	NA	2.9933102
2629	NA	2.9941435
2631	NA	2.9953384
2633	NA	2.9969866
2635	NA	2.695155
2639	NA	1.0
2641	NA	2.6922684
2642	NA	1.0
2644	NA	2.9515932
2645	NA	3.0
2646	NA	2.9992812
2647	NA	3.0
2648	NA	1.9672948
2649	NA	1.9680287
2652	NA	1.9680287
2653	NA	2.7618036
2658	NA	2.319943
2659	NA	2.3477864
2661	NA	2.2465413
2663	NA	2.3477864
2665	NA	3.0
2667	NA	3.0
2669	NA	1.5444648
2671	NA	1.5444648
2674	NA	3.0
2676	NA	2.9909556
2677	NA	3.0
2681	NA	2.8301067
2683	NA	2.998928
2685	NA	1.6507982
2686	NA	3.0
2690	NA	2.8999116
2693	NA	2.6892502
2694	NA	2.6577156
2695	NA	2.9999497
2697	NA	2.9934056
2698	NA	2.9934673
2699	NA	2.6906784
2700	NA	2.6611116
2706	NA	1.0
2717	NA	2.9585981
2719	NA	2.9585981
2723	NA	3.0
2725	NA	2.3907137
2727	NA	1.9739287
2729	NA	1.9715335
2732	NA	2.0709114
2733	NA	3.0
2736	NA	3.0
2737	NA	2.4272375
2740	NA	1.9167309
2742	NA	3.0
2743	NA	3.0
2745	NA	2.1338315
2746	NA	2.1186292
2747	NA	1.0
2749	NA	2.1208441
2750	NA	2.1208441
2753	NA	1.8831025
2759	NA	1.9523946
2760	NA	2.9997292
2762	NA	2.9156027
2767	NA	2.9918125
2769	NA	2.993528
2771	NA	3.0
2773	NA	2.9970002
2780	NA	3.0
2781	NA	2.6494205
2782	NA	2.9861438
2785	NA	2.6716638
2786	NA	2.6716638
2790	NA	3.0
2793	NA	2.6719885
2794	NA	1.0
2796	NA	1.0
2798	NA	2.9997458
2801	NA	3.0
2804	NA	1.9711919
2805	NA	2.0048554
2806	NA	1.971527
2808	NA	1.9652886
2810	NA	2.271663
2814	NA	1.0
2816	NA	2.964603
2819	NA	2.9871447
2820	NA	2.8212929
2823	NA	2.2765348
2824	NA	2.2867615
2825	NA	2.2913344
2826	NA	2.2867615
2830	NA	3.0
2831	NA	1.0
2832	NA	1.5380243
2833	NA	1.7139803
2834	NA	1.5380243
2835	NA	1.5380243
2836	NA	1.5119228
2840	NA	2.4625857
2841	NA	1.0
2843	NA	2.2875535
2846	NA	3.0
2847	NA	2.9995592
2848	NA	3.0
2849	NA	2.9586565
2852	NA	2.9590034
2855	NA	3.0
2858	NA	1.0
2859	NA	1.0
2866	NA	2.9992237
2869	NA	2.9988036
2871	NA	2.9993382
2872	NA	1.986958
2873	NA	3.0
2876	NA	3.0
2877	NA	3.0
2878	NA	1.986958
2880	NA	3.0
2882	NA	2.074763
2884	NA	3.0
2885	NA	2.8134308
2887	NA	2.9996107
2888	NA	2.074763
2889	NA	3.0
2892	NA	2.9968932
2893	NA	3.0
2895	NA	2.9853387
2897	NA	2.9817388
2901	NA	2.954131
2902	NA	2.9878397
2904	NA	2.9980133
2906	NA	2.043513
2912	NA	1.7513678
2914	NA	1.8569531
2921	NA	1.6206216
2922	NA	1.6384048
2923	NA	1.6384048
2925	NA	1.6384048
2928	NA	2.9490004
2929	NA	3.0
2931	NA	2.943191
2934	NA	2.943191
2940	NA	2.9832366
2942	NA	1.8049011
2944	NA	2.8593855
2946	NA	2.9671278
2947	NA	2.9664855
2948	NA	3.0
2949	NA	3.0
2950	NA	2.9773757
2953	NA	2.9737961
2954	NA	2.9773757
2962	NA	2.8755825
2963	NA	2.8755825
2973	NA	1.7847515
2975	NA	3.0
2978	NA	2.9992714
2979	NA	2.5798614
2982	NA	1.9495654
2985	NA	1.9495654
2986	NA	2.5262027
2987	NA	3.0
2990	NA	2.8388803
2991	NA	1.643246
2993	NA	2.3699598
2999	NA	2.3778126
3000	NA	2.3778126
3001	NA	2.3290763
3003	NA	2.3778126
3004	NA	3.0
3006	NA	2.999858
3008	NA	2.929314
3009	NA	2.8913965
3011	NA	2.9339995
3012	NA	2.8915763
3013	NA	2.8915763
3017	NA	2.081546
3020	NA	1.8069311
3021	NA	2.0161107
3023	NA	2.0770164
3025	NA	3.0
3026	NA	2.3600633
3028	NA	1.0
3029	NA	1.0
3030	NA	1.0
3032	NA	1.0
3034	NA	3.0
3035	NA	3.0
3037	NA	2.8405747
3040	NA	2.8405747
3044	NA	3.0
3045	NA	3.0
3048	NA	2.6651218
3051	NA	3.0
3052	NA	3.0
3053	NA	2.9989624
3055	NA	2.98973
3056	NA	2.942782
3057	NA	2.9902017
3058	NA	2.9902017
3060	NA	3.0
3063	NA	2.8984008
3064	NA	3.0
3066	NA	2.989927
3067	NA	2.989927
3070	NA	2.989927
3074	NA	2.9998693
3075	NA	2.9823925
3076	NA	2.9827042
3077	NA	2.982644
3078	NA	1.9119589
3080	NA	2.9974504
3082	NA	2.9988332
3083	NA	3.0
3084	NA	2.9921305
3086	NA	2.991848
3087	NA	2.98138
3088	NA	2.9935088
3089	NA	2.9999244
3090	NA	1.412581
3093	NA	1.6936905
3095	NA	1.6932102
3096	NA	1.8288375
3099	NA	3.0
3101	NA	3.0
3103	NA	2.705179
3104	NA	2.5182838
3106	NA	2.705179
3108	NA	2.705179
3109	NA	3.0
3112	NA	2.9870448
3113	NA	1.8140274
3115	NA	2.8201456
3116	NA	2.8201456
3117	NA	2.8201456
3118	NA	2.9763608
3119	NA	2.9651868
3120	NA	2.9128072
3124	NA	2.5908911
3125	NA	2.5876207
3127	NA	3.0
3128	NA	2.676645
3131	NA	2.9360743
3133	NA	2.93856
3135	NA	2.93856
3136	NA	1.0
3137	NA	3.0
3138	NA	3.0
3139	NA	2.9797542
3141	NA	1.0
3142	NA	1.0
3144	NA	1.0
3145	NA	1.0
3146	NA	1.0
3147	NA	2.999856
3148	NA	2.9931962
3149	NA	2.9661722
3151	NA	2.9800475
3152	NA	2.8598363
3154	NA	2.9724221
3155	NA	2.973787
3159	NA	3.0
3160	NA	2.9362636
3163	NA	2.9531534
3167	NA	1.4660004
3168	NA	1.0
3169	NA	2.3340504
3171	NA	2.9042215
3172	NA	2.3085263
3173	NA	1.0
3175	NA	2.3085263
3176	NA	2.9910116
3177	NA	2.9951544
3178	NA	2.9998999
3179	NA	3.0
3180	NA	2.9993026
3183	NA	2.9947276
3184	NA	2.9993968
3185	NA	3.0
3189	NA	1.9885415
3190	NA	2.030044
3191	NA	1.9811045
3193	NA	1.9811045
3194	NA	3.0
3195	NA	3.0
3196	NA	2.1579912
3197	NA	3.0
3198	NA	2.923851
3199	NA	2.1872518
3204	NA	2.9808817
3205	NA	3.0
3206	NA	3.0
3207	NA	2.974224
3209	NA	2.9730077
3210	NA	2.958068
3211	NA	2.974224
3212	NA	3.0
3215	NA	3.0
3216	NA	2.1300418
3219	NA	1.0
3220	NA	2.2047384
3225	NA	1.0
3226	NA	1.0
3229	NA	1.0
3231	NA	3.0
3233	NA	2.9316454
3234	NA	1.5550463
3235	NA	2.3501995
3236	NA	2.2941797
3237	NA	2.2941797
3239	NA	3.0
3240	NA	3.0
3241	NA	3.0
3244	NA	1.0
3245	NA	2.2731164
3246	NA	2.2731164
3247	NA	2.2731164
3249	NA	2.9026618
3251	NA	2.946389
3259	NA	2.9179263
3263	NA	3.0
3266	NA	2.5642033
3267	NA	3.0
3268	NA	1.6961714
3269	NA	3.0
3270	NA	2.0264518
3276	NA	2.8531926
3279	NA	2.885877
3282	NA	2.1529963
3284	NA	2.1942968
3289	NA	2.6258144
3290	NA	2.9701536
3293	NA	2.969647
3295	NA	3.0
3296	NA	2.9713042
3297	NA	3.0
3300	NA	2.9946504
3301	NA	2.9973097
3302	NA	2.9973097
3305	NA	2.9973097
3306	NA	2.9997878
3307	NA	1.0
3308	NA	2.8071156
3309	NA	3.0
3310	NA	1.0
3312	NA	1.0
3315	NA	3.0
3317	NA	3.0
3318	NA	3.0
3320	NA	2.9641483
3323	NA	2.9641483
3326	NA	2.9992933
3328	NA	3.0
3331	NA	1.9758189
3333	NA	2.0009246
3334	NA	1.9758189
3335	NA	1.8048235
3337	NA	3.0
3341	NA	2.6181393
3343	NA	1.7907459
3348	NA	2.9231937
3350	NA	1.0
3352	NA	1.0
3354	NA	1.0
3355	NA	3.0
3360	NA	2.645539
3365	NA	3.0
3377	NA	3.0
3379	NA	1.0
3380	NA	1.0
3381	NA	1.0
3383	NA	1.0
3387	NA	3.0
3388	NA	1.7123779
3390	NA	1.0
3391	NA	1.896907
3392	NA	1.896907
3393	NA	2.835765
3394	NA	3.0
3399	NA	1.0
3401	NA	1.0
3402	NA	2.9906645
3403	NA	2.9975307
3404	NA	2.990406
3406	NA	1.6799436
3408	NA	1.7019296
3409	NA	1.6609877
3410	NA	1.6724468
3415	NA	2.9973626
3417	NA	2.2180674
3419	NA	2.2101586
3421	NA	2.213487
3423	NA	3.0
3430	NA	2.9853
3431	NA	2.838922
3434	NA	3.0
3439	NA	2.9896674
3441	NA	2.9897277
3442	NA	2.9545445
3445	NA	2.9973059
3446	NA	2.5152826
3447	NA	2.555371
3449	NA	2.953162
3450	NA	2.5594847
3455	NA	2.74573
3456	NA	2.74573
3457	NA	2.74573
3458	NA	2.74573
3463	NA	2.6577156
3464	NA	2.6953874
3466	NA	2.9178586
3469	NA	1.7483977
3470	NA	1.7136517
3473	NA	2.8969119
3474	NA	2.9770741
3475	NA	2.9770741
3476	NA	2.8872972
3477	NA	1.7953113
3478	NA	1.7902411
3481	NA	3.0
3482	NA	2.9998903
3483	NA	2.9977405
3489	NA	1.5551751
3490	NA	1.5822694
3493	NA	3.0
3497	NA	3.0
3498	NA	2.6942317
3499	NA	2.2884479
3502	NA	3.0
3506	NA	2.9992983
3509	NA	2.9987879
3513	NA	3.0
3515	NA	2.9984047
3519	NA	2.0516405
3520	NA	2.0516405
3521	NA	2.0516405
3522	NA	3.0
3523	NA	3.0
3524	NA	2.7507098
3525	NA	3.0
3526	NA	2.9952538
3527	NA	2.743317
3531	NA	2.995286
3532	NA	2.995286
3535	NA	1.0
3540	NA	1.0
3545	NA	2.9374776
3550	NA	2.6914246
3551	NA	2.6591103
3553	NA	3.0
3555	NA	2.2731164
3557	NA	1.0
3558	NA	1.0
3559	NA	1.0
3560	NA	1.0
3562	NA	1.0
3563	NA	1.0
3564	NA	2.6162004
3570	NA	2.8938618
3573	NA	2.8938618
3575	NA	3.0
3578	NA	3.0
3581	NA	2.901106
3583	NA	2.901106
3585	NA	3.0
3587	NA	2.6428845
3588	NA	2.5948913
3590	NA	2.8693862
3591	NA	2.967662
3593	NA	1.907133
3594	NA	2.9695926
3595	NA	3.0
3596	NA	3.0
3597	NA	2.9825406
3599	NA	2.9825418
3600	NA	2.9999657
3601	NA	1.9231391
3604	NA	2.9932165
3605	NA	2.9917731
3606	NA	2.5643783
3608	NA	2.4291453
3609	NA	1.0
3610	NA	1.0
3612	NA	1.0
3613	NA	1.0
3615	NA	3.0
3616	NA	3.0
3617	NA	2.4795775
3619	NA	2.4795775
3621	NA	3.0
3622	NA	3.0
3628	NA	3.0
3631	NA	1.9439534
3632	NA	1.9442172
3634	NA	1.9439534
3636	NA	3.0
3637	NA	2.9734952
3641	NA	1.4408475
3642	NA	2.100529
3644	NA	3.0
3645	NA	2.934381
3648	NA	3.0
3652	NA	2.050456
3654	NA	2.0457845
3655	NA	2.050456
3656	NA	2.050456
3659	NA	3.0
3660	NA	2.9915814
3662	NA	2.328033
3663	NA	2.3517318
3664	NA	2.3230562
3665	NA	2.3230562
3667	NA	2.9959192
3671	NA	2.8870232
3674	NA	2.8906846
3675	NA	2.884474
3676	NA	2.8906982
3677	NA	3.0
3678	NA	2.7976048
3679	NA	3.0
3681	NA	2.1059113
3683	NA	2.0257068
3688	NA	2.9972537
3698	NA	2.9969711
3700	NA	2.739863
3704	NA	2.9662602
3706	NA	2.739863
3714	NA	2.960696
3715	NA	2.98758
3716	NA	2.9964778
3717	NA	3.0
3722	NA	3.0
3723	NA	2.9935966
3724	NA	2.9951773
3726	NA	2.9951773
3729	NA	3.0
3730	NA	2.9866138
3731	NA	3.0
3732	NA	2.8094728
3734	NA	1.0
3735	NA	1.0
3738	NA	1.0
3741	NA	2.9991436
3744	NA	3.0
3745	NA	2.4807992
3749	NA	2.5326023
3754	NA	2.977922
3757	NA	2.977922
3760	NA	3.0
3763	NA	2.9867058
3764	NA	2.8561642
3768	NA	2.9666574
3769	NA	2.959203
3771	NA	3.0
3772	NA	2.5872536
3773	NA	2.7193453
3775	NA	2.650184
3778	NA	2.733914
3782	NA	2.238031
3786	NA	2.3877978
3787	NA	2.465691
3791	NA	2.996398
3792	NA	2.9159708
3793	NA	3.0
3794	NA	2.8613534
3796	NA	1.0
3798	NA	1.0
3802	NA	3.0
3806	NA	2.9547684
3808	NA	2.8902688
3810	NA	2.8090467
3811	NA	2.8967268
3813	NA	3.0
3815	NA	2.99736
3816	NA	3.0
3817	NA	2.3742094
3818	NA	2.371076
3819	NA	2.371076
3822	NA	2.371076
3824	NA	2.0914862
3829	NA	2.9811916
3830	NA	2.0914862
3832	NA	2.9946892
3833	NA	3.0
3835	NA	3.0
3837	NA	2.9891393
3841	NA	2.9929314
3842	NA	2.9929314
3843	NA	3.0
3848	NA	2.91548
3849	NA	2.91548
3850	NA	2.91548
3851	NA	1.0
3854	NA	2.9999855
3858	NA	3.0
3859	NA	2.9219146
3863	NA	2.0367794
3865	NA	2.6265087
3867	NA	3.0
3875	NA	2.5393872
3876	NA	2.999489
3877	NA	2.9339285
3878	NA	3.0
3879	NA	3.0
3881	NA	2.951861
3888	NA	2.9716237
3889	NA	2.9837174
3890	NA	2.9746077
3891	NA	1.0
3894	NA	3.0
3896	NA	2.960533
3900	NA	1.8355702
3902	NA	1.8355702
3906	NA	2.5013607
3907	NA	2.9934447
3911	NA	2.9934673
3913	NA	3.0
3916	NA	1.6849406
3918	NA	1.5684181
3919	NA	1.682186
3923	NA	3.0
3925	NA	2.9952638
3926	NA	2.998477
3927	NA	2.934411
3928	NA	2.9322274
3931	NA	2.9340527
3932	NA	2.9340527
3933	NA	2.9340527
3937	NA	2.8709557
3944	NA	3.0
3945	NA	2.1408267
3946	NA	1.5032793
3950	NA	3.0
3952	NA	3.0
3953	NA	1.0
3954	NA	3.0
3959	NA	1.0
3960	NA	1.0
3962	NA	1.0
3963	NA	3.0
3964	NA	2.9975705
3965	NA	3.0
3966	NA	3.0
3967	NA	2.4474483
3968	NA	2.4474483
3969	NA	2.4474483
3971	NA	2.4474483
3974	NA	2.9105086
3975	NA	2.6810725
3977	NA	1.5395287
3978	NA	1.5818405
3979	NA	1.5593082
3981	NA	3.0
3983	NA	2.996932
3988	NA	2.9749887
3991	NA	3.0
3997	NA	1.0
4000	NA	1.5613028
4003	NA	2.9967017
4005	NA	3.0
4008	NA	2.999929
4009	NA	2.957738
4010	NA	2.9967017
4016	NA	2.9785972
4018	NA	1.0
4019	NA	2.9376218
4022	NA	2.9481416
4023	NA	1.447695
4024	NA	2.9481416
4025	NA	2.9852247
4026	NA	2.9888344
4027	NA	2.9800541
4029	NA	2.9122307
4030	NA	2.7752495
4032	NA	2.7053614
4035	NA	2.7786107
4039	NA	2.9568124
4042	NA	1.0
4044	NA	1.0
4048	NA	3.0
4051	NA	1.7781057
4052	NA	2.8817341
4053	NA	2.9216225
4055	NA	3.0
4057	NA	3.0
4059	NA	2.2910957
4064	NA	2.5807927
4070	NA	2.663421
4073	NA	2.663421
4075	NA	2.9934814
4077	NA	3.0
4078	NA	3.0
4080	NA	3.0
4081	NA	3.0
4082	NA	2.9946892
4089	NA	3.0
4091	NA	1.7906413
4092	NA	1.8344228
4093	NA	1.8344228
4095	NA	1.8344228
4096	NA	1.9280348
4097	NA	1.8344228
4098	NA	2.9990215
4099	NA	1.0
4101	NA	3.0
4103	NA	2.6534479
4104	NA	2.652439
4106	NA	2.6534479
4107	NA	2.9926932
4110	NA	3.0
4111	NA	2.802797
4116	NA	3.0
4121	NA	1.0
4122	NA	1.6971922
4124	NA	1.6971922
4128	NA	3.0
4129	NA	1.6439705
4130	NA	2.6557086
4131	NA	1.5330176
4138	NA	1.0
4139	NA	3.0
4143	NA	1.0
4144	NA	1.0
4150	NA	2.8994427
4151	NA	2.8393474
4153	NA	2.8994427
4158	NA	2.8890827
4159	NA	2.9759054
4160	NA	2.8916867
4161	NA	2.9759054
4166	NA	2.8786352
4167	NA	2.5211697
4169	NA	2.652264
4170	NA	2.0829434
4171	NA	2.652073
4172	NA	2.9503384
4175	NA	3.0
4177	NA	2.9287288
4180	NA	2.9287288
4182	NA	3.0
4184	NA	3.0
4186	NA	1.8467447
4188	NA	1.0
4189	NA	1.0
4190	NA	1.0
4192	NA	2.6973436
4198	NA	2.6527836
4200	NA	2.9889188
4201	NA	3.0
4203	NA	1.8308226
4204	NA	1.6136079
4206	NA	1.0
4208	NA	1.7965473
4210	NA	2.999747
4211	NA	3.0
4215	NA	1.0
4217	NA	1.0
4218	NA	1.0
4222	NA	2.970732
4224	NA	1.0
4225	NA	1.0
4226	NA	1.0
4227	NA	1.0
4229	NA	1.9400021
4230	NA	1.991425
4233	NA	1.5272409
4234	NA	2.544053
4237	NA	2.906738
4240	NA	3.0
4241	NA	2.7942305
4243	NA	2.7936485
4245	NA	2.8591104
4249	NA	3.0
4250	NA	3.0
4255	NA	1.0
4256	NA	1.0
4258	NA	2.1601353
4261	NA	1.0
4262	NA	1.0
4263	NA	1.0
4264	NA	1.0
4268	NA	2.979498
4270	NA	1.9274358
4271	NA	1.9398454
4273	NA	1.9398454
4276	NA	3.0
4278	NA	2.5645826
4281	NA	1.8400754
4285	NA	3.0
4286	NA	2.9498215
4292	NA	2.9391255
4293	NA	2.588839
4294	NA	1.9652886
4296	NA	3.0
4297	NA	1.9499547
4298	NA	2.588839
4300	NA	1.0
4302	NA	2.9292872
4303	NA	3.0
4309	NA	2.0395446
4310	NA	2.0395446
4311	NA	2.9877017
4313	NA	2.9491134
4314	NA	2.036582
4317	NA	1.9986575
4319	NA	2.0438094
4324	NA	3.0
4326	NA	2.9744363
4327	NA	3.0
4331	NA	2.9803753
4332	NA	3.0
4333	NA	2.7193816
4334	NA	1.9962896
4337	NA	2.940378
4343	NA	3.0
4345	NA	3.0
4352	NA	3.0
4353	NA	1.9824007
4355	NA	1.0
4356	NA	1.0
4358	NA	1.0
4362	NA	2.9788725
4366	NA	2.1617696
4367	NA	1.9834123
4368	NA	2.1617696
4372	NA	3.0
4373	NA	2.628837
4374	NA	3.0
4375	NA	1.9592432
4380	NA	2.9894543
4383	NA	3.0
4384	NA	3.0
4389	NA	2.940915
4391	NA	2.5505598
4397	NA	1.8105606
4399	NA	3.0
4400	NA	2.963344
4402	NA	2.963344
4403	NA	3.0
4404	NA	2.963344
4405	NA	3.0
4406	NA	3.0
4409	NA	2.184293
4413	NA	2.1176486
4415	NA	2.2158647
4416	NA	2.9999552
4419	NA	2.984291
4420	NA	1.836919
4421	NA	1.7250894
4422	NA	1.7194963
4423	NA	1.7200224
4424	NA	1.7200224
4425	NA	2.8708818
4427	NA	2.212662
4428	NA	3.0
4430	NA	1.6916916
4433	NA	1.6916916
4434	NA	2.9111543
4435	NA	3.0
4436	NA	2.8734784
4437	NA	3.0
4438	NA	1.7201549
4441	NA	1.7644557
4444	NA	3.0
4448	NA	2.8448634
4449	NA	2.9205608
4450	NA	2.8448634
4451	NA	2.8448634
4452	NA	2.766314
4453	NA	3.0
4455	NA	3.0
4456	NA	1.0
4459	NA	1.0
4460	NA	1.0
4461	NA	1.0
4462	NA	3.0
4463	NA	2.3376606
4465	NA	1.0
4466	NA	1.0
4467	NA	1.5989107
4470	NA	2.977129
4474	NA	2.4529746
4475	NA	1.5785414
4476	NA	2.48691
4478	NA	2.4551592
4479	NA	2.712481
4480	NA	3.0
4482	NA	3.0
4483	NA	1.0
4484	NA	1.0
4485	NA	1.0
4488	NA	2.9965508
4489	NA	3.0
4491	NA	1.0
4493	NA	1.0
4494	NA	2.9913576
4495	NA	2.9899225
4496	NA	2.9899225
4499	NA	2.762856
4500	NA	3.0
4502	NA	1.6496313
4504	NA	1.5620387
4506	NA	1.5620387
4508	NA	2.9999723
4510	NA	2.9998963
4512	NA	2.7626712
4518	NA	3.0
4521	NA	2.8443267
4527	NA	3.0
4528	NA	2.842816
4530	NA	2.685854
4531	NA	2.7478442
4532	NA	2.8863926
4533	NA	2.7478442
4535	NA	1.6724743
4536	NA	3.0
4537	NA	2.9779274
4538	NA	3.0
4539	NA	2.3230639
4542	NA	2.3302205
4543	NA	2.3302205
4547	NA	3.0
4548	NA	2.319744
4550	NA	2.2858038
4552	NA	2.3230278
4554	NA	2.9984388
4555	NA	2.9989066
4557	NA	2.981414
4560	NA	2.9801512
4561	NA	2.9812326
4563	NA	3.0
4566	NA	2.9671526
4568	NA	2.6129987
4571	NA	2.7672412
4572	NA	2.3158998
4575	NA	1.0
4576	NA	1.0
4577	NA	1.0
4578	NA	1.0
4582	NA	2.442569
4584	NA	2.442569
4586	NA	2.9838731
4587	NA	3.0
4589	NA	1.0
4591	NA	2.8642063
4592	NA	3.0
4593	NA	1.0
4594	NA	1.0
4598	NA	2.9179263
4599	NA	3.0
4600	NA	2.6906784
4602	NA	2.6892502
4603	NA	2.9934673
4604	NA	2.912305
4607	NA	2.9850688
4608	NA	3.0
4609	NA	2.8132656
4613	NA	2.9850688
4618	NA	2.9624438
4620	NA	2.9613678
4621	NA	2.9974017
4622	NA	1.0
4623	NA	2.9974017
4624	NA	2.9974017
4625	NA	2.9085891
4627	NA	2.9788892
4628	NA	3.0
4629	NA	1.5154581
4631	NA	1.5672235
4639	NA	2.967417
4640	NA	2.8845124
4641	NA	2.967417
4642	NA	2.967417
4645	NA	2.8322635
4647	NA	2.8322635
4649	NA	2.9852214
4654	NA	2.9374583
4655	NA	3.0
4657	NA	2.9643762
4658	NA	2.9575756
4667	NA	2.9747915
4670	NA	2.9989102
4672	NA	3.0
4675	NA	1.7648566
4676	NA	1.6670382
4677	NA	1.6689245
4678	NA	1.6965231
4682	NA	3.0
4684	NA	3.0
4690	NA	2.7018504
4691	NA	2.7328444
4692	NA	2.9841976
4693	NA	2.9834945
4694	NA	2.813135
4695	NA	2.8138833
4698	NA	2.8115492
4703	NA	2.6086178
4704	NA	2.5675187
4705	NA	2.6367254
4706	NA	2.6542685
4708	NA	2.982173
4709	NA	3.0
4714	NA	1.5642694
4715	NA	1.483982
4719	NA	3.0
4721	NA	3.0
4722	NA	1.0
4723	NA	1.0
4726	NA	1.0
4727	NA	1.0
4730	NA	2.9757824
4732	NA	2.9037166
4733	NA	2.9055557
4736	NA	2.9055557
4737	NA	2.94518
4738	NA	3.0
4739	NA	2.9941068
4741	NA	2.9017084
4744	NA	1.799377
4747	NA	1.7710757
4748	NA	2.872777
4749	NA	2.6081858
4750	NA	2.9805124
4751	NA	2.171058
4754	NA	1.7093457
4757	NA	1.9162649
4758	NA	2.9871936
4765	NA	2.9574728
4768	NA	2.7950978
4770	NA	2.2463396
4772	NA	2.4254022
4773	NA	2.439183
4775	NA	2.8390384
4778	NA	2.6770396
4779	NA	2.7149749
4781	NA	2.739769
4783	NA	2.7407594
4784	NA	2.7868083
4785	NA	2.2897394
4786	NA	2.975607
4787	NA	3.0
4789	NA	2.750655
4791	NA	2.0851433
4792	NA	2.750655
4801	NA	2.4955933
4804	NA	3.0
4809	NA	1.0
4818	NA	3.0
4827	NA	3.0
4828	NA	2.9695954
4829	NA	2.9608154
4830	NA	2.9682317
4833	NA	2.414987
4834	NA	3.0
4835	NA	2.9913576
4837	NA	2.3033621
4838	NA	2.3054988
4840	NA	2.3099313
4841	NA	2.3099313
4846	NA	2.4905994
4850	NA	2.4900124
4854	NA	3.0
4856	NA	2.1918004
4861	NA	3.0
4862	NA	1.0
4864	NA	1.6663406
4865	NA	1.9862152
4868	NA	1.9862152
4870	NA	3.0
4871	NA	2.9969056
4873	NA	2.9234915
4875	NA	2.9754887
4876	NA	2.9231975
4878	NA	2.9640393
4884	NA	1.8128828
4887	NA	2.9970531
4889	NA	2.9702575
4890	NA	3.0
4892	NA	2.9743977
4893	NA	2.9708183
4894	NA	2.9743977
4895	NA	2.9743977
4896	NA	2.984905
4897	NA	3.0
4899	NA	3.0
4902	NA	2.8524592
4904	NA	2.8677804
4906	NA	3.0
4907	NA	2.5996702
4908	NA	3.0
4909	NA	1.0
4910	NA	1.0
4914	NA	2.9179263
4917	NA	3.0
4923	NA	2.9774523
4924	NA	3.0
4925	NA	1.9309295
4927	NA	1.0
4930	NA	1.0
4931	NA	1.0
4935	NA	2.9995136
4936	NA	3.0
4939	NA	1.0
4943	NA	1.0
4945	NA	2.9896026
4952	NA	1.4694302
4955	NA	3.0
4956	NA	2.9381373
4958	NA	2.3052409
4962	NA	2.0358448
4969	NA	2.7236319
4972	NA	1.9927187
4973	NA	3.0
4976	NA	1.0
4979	NA	1.0
4980	NA	1.0
4984	NA	2.9602754
4986	NA	2.6925912
4987	NA	2.6518917
4988	NA	2.664066
4993	NA	3.0
4994	NA	1.7685366
4995	NA	1.768107
4999	NA	3.0
5001	NA	2.9272678
5004	NA	2.2589276
5006	NA	2.1282563
5008	NA	2.9875872
5009	NA	3.0
5013	NA	1.979384
5016	NA	1.979384
5019	NA	2.419053
5020	NA	2.9977312
5021	NA	3.0
5028	NA	2.7146885
5029	NA	3.0
5034	NA	2.8951826
5035	NA	2.8951826
5036	NA	2.6349154
5038	NA	2.8951826
5041	NA	2.7994454
5042	NA	3.0
5043	NA	2.1080964
5044	NA	2.0317285
5054	NA	2.8790877
5055	NA	2.8902214
5057	NA	2.943047
5059	NA	2.9997222
5061	NA	2.987839
5062	NA	2.9877017
5063	NA	2.9430404
5065	NA	2.9877017
5066	NA	2.9179263
5067	NA	3.0
5068	NA	2.9695544
5069	NA	3.0
5070	NA	1.7675351
5071	NA	1.7278335
5075	NA	2.9133565
5076	NA	3.0
5077	NA	2.8191087
5084	NA	2.4546025
5087	NA	2.948391
5088	NA	2.4416838
5090	NA	2.9497771
5093	NA	2.9707987
5094	NA	3.0
5095	NA	2.7408757
5098	NA	2.088015
5099	NA	2.0900464
5101	NA	2.103898
5103	NA	2.9824405
5104	NA	2.0145366
5106	NA	1.0
5108	NA	1.0
5111	NA	2.909818
5112	NA	3.0
5118	NA	1.0
5120	NA	2.8405483
5122	NA	2.9980402
5126	NA	2.1510336
5128	NA	2.2681928
5129	NA	2.9999018
5130	NA	3.0
5131	NA	2.9880862
5138	NA	2.8760455
5140	NA	2.8011103
5143	NA	2.387584
5144	NA	2.390505
5146	NA	2.387584
5150	NA	3.0
5151	NA	1.0
5152	NA	1.0
5156	NA	2.84242
5157	NA	2.84242
5158	NA	2.8392186
5159	NA	2.8392186
5162	NA	2.6597455
5164	NA	2.7406957
5165	NA	2.9965763
5168	NA	3.0
5170	NA	2.606805
5172	NA	2.606805
5173	NA	2.606805
5174	NA	2.991806
5179	NA	2.8845682
5180	NA	2.8728695
5181	NA	2.8845682
5182	NA	2.8845682
5183	NA	2.9999437
5184	NA	2.986863
5185	NA	2.9954157
5188	NA	2.0337684
5190	NA	1.9807978
5192	NA	1.8401362
5193	NA	3.0
5194	NA	1.5445827
5196	NA	1.0
5200	NA	1.0
5202	NA	2.986056
5205	NA	2.2999775
5207	NA	2.3195531
5209	NA	2.2988892
5210	NA	2.9929574
5211	NA	3.0
5213	NA	3.0
5214	NA	1.5987347
5217	NA	1.6021321
5218	NA	1.6021321
5221	NA	2.1945446
5222	NA	2.711869
5224	NA	1.5926001
5228	NA	1.0
5229	NA	3.0
5230	NA	2.6145155
5233	NA	1.0
5235	NA	1.0
5237	NA	2.5001721
5240	NA	2.7530618
5241	NA	1.952387
5243	NA	2.3310654
5245	NA	1.965217
5250	NA	1.676795
5252	NA	1.5494277
5255	NA	2.9946892
5257	NA	2.655355
5259	NA	1.8270719
5265	NA	3.0
5266	NA	2.9888897
5268	NA	2.4497354
5270	NA	1.5298918
5271	NA	2.378676
5272	NA	2.378676
5273	NA	2.9996688
5274	NA	3.0
5275	NA	3.0
5279	NA	2.895825
5280	NA	2.8965108
5281	NA	2.8965108
5283	NA	3.0
5284	NA	2.9895954
5285	NA	3.0
5286	NA	2.9608996
5287	NA	2.9336927
5289	NA	2.9336927
5290	NA	2.9336927
5292	NA	2.4167047
5293	NA	1.0
5295	NA	1.7825469
5297	NA	1.801871
5299	NA	1.9197861
5300	NA	2.999268
5301	NA	3.0
5302	NA	2.999275
5305	NA	2.9905822
5307	NA	2.9905822
5308	NA	2.9905822
5309	NA	2.6726973
5312	NA	2.5163705
5315	NA	2.528219
5316	NA	2.7848682
5320	NA	2.628837
5322	NA	2.1637568
5323	NA	2.258502
5326	NA	2.258502
5328	NA	2.1150112
5330	NA	2.9859629
5331	NA	2.4724183
5332	NA	2.9859629
5336	NA	2.8568842
5337	NA	3.0
5339	NA	3.0
5343	NA	2.3466341
5344	NA	2.3466341
5353	NA	2.3576362
5354	NA	2.9995687
5355	NA	3.0
5360	NA	1.0
5364	NA	3.0
5365	NA	2.999744
5366	NA	3.0
5367	NA	2.6047368
5368	NA	2.6048398
5371	NA	2.6048398
5375	NA	3.0
5381	NA	2.90836
5382	NA	3.0
5386	NA	2.9145908
5388	NA	2.9145908
5390	NA	2.930908
5392	NA	2.9093354
5394	NA	2.8527527
5396	NA	2.82365
5400	NA	2.8210745
5402	NA	3.0
5403	NA	2.2187827
5408	NA	2.7281933
5410	NA	2.6903412
5412	NA	2.5894656
5413	NA	2.4500682
5416	NA	2.4500682
5417	NA	2.462127
5418	NA	2.5831184
5421	NA	1.6284862
5422	NA	1.7248833
5424	NA	1.8791653
5425	NA	1.7248833
5428	NA	1.0
5430	NA	1.0
5431	NA	1.8914416
5433	NA	1.8914416
5438	NA	3.0
5441	NA	1.0
5442	NA	1.0
5444	NA	2.9774218
5445	NA	3.0
5448	NA	2.9661918
5450	NA	2.99059
5451	NA	2.9755642
5452	NA	2.9755642
5453	NA	2.964557
5465	NA	3.0
5469	NA	1.0
5470	NA	1.0
5472	NA	3.0
5473	NA	2.1584926
5475	NA	2.098307
5479	NA	2.8544283
5481	NA	2.6019995
5482	NA	2.0310538
5484	NA	1.9075443
5485	NA	2.0943556
5486	NA	1.0
5488	NA	1.5935507
5490	NA	3.0
5493	NA	2.1150439
5494	NA	2.0390832
5499	NA	2.0423224
5506	NA	2.8272882
5508	NA	3.0
5509	NA	2.9636502
5511	NA	2.9111543
5515	NA	2.9145908
5516	NA	2.8200405
5517	NA	3.0
5519	NA	2.986382
5524	NA	2.6661665
5527	NA	2.9486918
5528	NA	3.0
5529	NA	2.9446356
5536	NA	2.999597
5539	NA	2.994055
5541	NA	2.9972916
5542	NA	2.9972916
5543	NA	2.9988735
5544	NA	3.0
5547	NA	2.7574008
5550	NA	2.799299
5551	NA	2.799299
5557	NA	1.0
5559	NA	1.0
5562	NA	3.0
5564	NA	1.0
5566	NA	1.0
5567	NA	2.9940448
5570	NA	2.9662888
5571	NA	3.0
5572	NA	2.839748
5573	NA	2.9004996
5574	NA	2.8148668
5576	NA	2.9700065
5577	NA	2.9708624
5578	NA	2.9708624
5579	NA	2.4721987
5581	NA	2.865229
5583	NA	2.9720554
5585	NA	2.3694015
5589	NA	1.0
5590	NA	2.9960887
5592	NA	1.8927711
5594	NA	1.6624968
5596	NA	1.8720633
5597	NA	2.6921394
5598	NA	3.0
5599	NA	1.6637865
5600	NA	3.0
5601	NA	1.5811858
5605	NA	2.6877265
5606	NA	2.9649737
5611	NA	2.5826576
5616	NA	3.0
5622	NA	2.9803572
5625	NA	2.8695621
5626	NA	2.998555
5628	NA	1.0
5629	NA	1.0
5630	NA	1.0
5631	NA	1.0
5635	NA	2.3713605
5636	NA	3.0
5638	NA	2.3312156
5639	NA	2.2572918
5644	NA	1.0
5648	NA	1.0
5649	NA	1.0
5650	NA	1.0
5652	NA	3.0
5654	NA	3.0
5655	NA	1.8061088
5658	NA	2.4819932
5660	NA	2.8824065
5661	NA	2.038901
5662	NA	2.9932787
5665	NA	1.0
5666	NA	1.0
5667	NA	1.0
5669	NA	3.0
5670	NA	2.9246624
5672	NA	3.0
5673	NA	2.7971425
5674	NA	3.0
5681	NA	3.0
5682	NA	2.9821336
5684	NA	2.9333138
5685	NA	1.969888
5686	NA	2.98465
5688	NA	3.0
5689	NA	2.269385
5690	NA	3.0
5692	NA	2.8965063
5699	NA	3.0
5700	NA	1.0
5702	NA	2.9997609
5703	NA	2.995465
5704	NA	2.995465
5705	NA	2.9035573
5707	NA	2.974931
5708	NA	3.0
5709	NA	2.9643734
5711	NA	2.8852346
5713	NA	2.986715
5714	NA	2.2711673
5715	NA	3.0
5716	NA	1.8116864
5719	NA	1.0
5720	NA	1.0
5721	NA	1.0
5723	NA	1.9516481
5724	NA	3.0
5726	NA	3.0
5727	NA	2.0278702
5729	NA	2.054692
5730	NA	2.6197748
5731	NA	2.6197748
5734	NA	2.9995987
5735	NA	2.9486742
5738	NA	2.1028738
5743	NA	2.974246
5746	NA	2.408347
5748	NA	2.408347
5754	NA	1.0
5757	NA	1.0
5759	NA	2.8276927
5760	NA	2.5087485
5763	NA	2.0370805
5766	NA	2.341726
5767	NA	1.701777
5769	NA	2.4864502
5771	NA	3.0
5774	NA	1.565172
5775	NA	2.7772005
5778	NA	2.7772005
5780	NA	2.5512457
5782	NA	2.3137934
5783	NA	1.0
5784	NA	1.0
5785	NA	1.0
5786	NA	1.0
5789	NA	3.0
5790	NA	2.999388
5793	NA	2.209126
5795	NA	2.9896193
5796	NA	2.9896193
5798	NA	2.605242
5800	NA	3.0
5802	NA	2.6067166
5803	NA	2.5766592
5804	NA	2.9813848
5805	NA	2.6067166
5807	NA	2.126231
5808	NA	2.912014
5809	NA	2.9023483
5814	NA	2.878906
5817	NA	2.9998362
5818	NA	3.0
5827	NA	3.0
5830	NA	2.3280375
5831	NA	1.7757587
5832	NA	2.2849224
5833	NA	2.5527928
5837	NA	2.9810867
5838	NA	2.9749608
5840	NA	2.9749608
5843	NA	2.5326023
5844	NA	2.406665
5849	NA	2.5326023
5854	NA	3.0
5856	NA	2.741274
5858	NA	2.3127084
5862	NA	2.18745
5863	NA	1.8819207
5866	NA	1.0
5868	NA	2.9906936
5869	NA	1.0
5870	NA	2.9128878
5871	NA	1.7388068
5873	NA	1.0
5877	NA	1.0
5878	NA	2.1360626
5880	NA	2.9967213
5881	NA	2.952826
5884	NA	2.4366508
5888	NA	2.5888414
5889	NA	3.0
5891	NA	1.0
5892	NA	1.0
5893	NA	1.4192508
5896	NA	2.9151707
5897	NA	2.1677847
5903	NA	2.046859
5908	NA	3.0
5910	NA	1.9953597
5912	NA	1.9953597
5913	NA	1.9953597
5915	NA	2.8503954
5916	NA	2.9970105
5917	NA	3.0
5921	NA	1.0
5925	NA	2.958279
5926	NA	2.9662337
5927	NA	1.642581
5929	NA	1.7228082
5932	NA	2.9956365
5933	NA	2.9920895
5934	NA	1.8823622
5935	NA	3.0
5939	NA	1.0
5940	NA	1.0
5942	NA	3.0
5945	NA	2.3245192
5946	NA	2.069366
5949	NA	2.107453
5950	NA	2.100983
5951	NA	2.100983
5953	NA	3.0
5954	NA	2.9997807
5957	NA	2.877616
5958	NA	2.9912562
5959	NA	2.9912562
5961	NA	2.9996178
5962	NA	2.4076447
5963	NA	3.0
5967	NA	1.4923027
5969	NA	1.0
5971	NA	1.4923027
5972	NA	2.996364
5973	NA	2.8365455
5974	NA	1.866882
5980	NA	2.541651
5981	NA	1.7975255
5984	NA	2.9426916
5985	NA	3.0
5993	NA	2.5045228
5994	NA	2.9999166
5995	NA	3.0
5997	NA	3.0
5998	NA	2.6435168
5999	NA	2.7109497
6002	NA	2.7109497
6003	NA	2.572137
6004	NA	3.0
6008	NA	1.8881663
6009	NA	1.9098396
6010	NA	1.6231906
6011	NA	1.9098396
6012	NA	1.9098396
6013	NA	1.9098396
6016	NA	2.8947012
6018	NA	2.883857
6019	NA	2.1756477
6021	NA	2.1755564
6023	NA	1.8680296
6024	NA	2.1755564
6025	NA	2.8820076
6026	NA	3.0
6031	NA	1.0
6033	NA	1.0
6034	NA	2.998941
6036	NA	3.0
6039	NA	2.51403
6040	NA	2.51403
6043	NA	2.51403
6046	NA	2.9893312
6048	NA	2.7825243
6049	NA	2.8411162
6055	NA	2.995445
6057	NA	3.0
6058	NA	1.8213401
6059	NA	1.7863405
6062	NA	1.7863405
6063	NA	2.9763076
6064	NA	3.0
6066	NA	3.0
6067	NA	2.9972749
6069	NA	1.61152
6070	NA	1.6047351
6071	NA	1.670867
6073	NA	1.61152
6074	NA	3.0
6076	NA	2.9991612
6079	NA	1.9433773
6081	NA	1.7691885
6087	NA	1.9378712
6089	NA	1.9804839
6090	NA	2.0014272
6091	NA	1.9804839
6094	NA	3.0
6097	NA	2.2432625
6100	NA	2.2432625
6102	NA	2.9319935
6107	NA	1.9538633
6110	NA	1.9497747
6111	NA	1.6017189
6113	NA	1.9497747
6114	NA	2.9809659
6115	NA	2.9925075
6116	NA	2.8314216
6118	NA	2.6759045
6121	NA	2.7652106
6124	NA	3.0
6125	NA	2.7673469
6126	NA	3.0
6129	NA	2.4330392
6130	NA	2.7254248
6132	NA	2.9999456
6134	NA	2.9984505
6138	NA	2.8563445
6139	NA	2.856406
6140	NA	2.7812269
6141	NA	2.8593166
6142	NA	2.8563445
6143	NA	2.9989028
6148	NA	1.0
6149	NA	2.8718004
6151	NA	2.871098
6156	NA	1.0
6162	NA	2.8881261
6163	NA	2.9999123
6165	NA	2.592587
6166	NA	2.5927868
6167	NA	2.3423033
6168	NA	2.496152
6172	NA	2.9997778
6173	NA	2.8723571
6177	NA	1.0
6181	NA	1.0
6182	NA	1.0
6184	NA	2.9954815
6189	NA	2.8474371
6190	NA	2.8485003
6192	NA	3.0
6196	NA	1.0
6201	NA	2.9704056
6204	NA	2.9064775
6207	NA	1.0
6210	NA	1.0
6216	NA	2.672023
6217	NA	2.6987362
6220	NA	2.6987362
6221	NA	3.0
6222	NA	2.9831553
6223	NA	2.9586558
6226	NA	2.2774925
6227	NA	2.2774925
6229	NA	2.2774925
6230	NA	2.9996905
6235	NA	1.0
6237	NA	1.0
6238	NA	1.0
6240	NA	1.0
6244	NA	1.0
6245	NA	1.0
6247	NA	1.0
6251	NA	1.8862679
6252	NA	1.0
6254	NA	1.0
6255	NA	1.7195
6256	NA	1.0
6257	NA	1.0
6260	NA	3.0
6261	NA	3.0
6262	NA	2.9434755
6264	NA	2.9263036
6265	NA	2.9561794
6268	NA	3.0
6269	NA	2.5384662
6270	NA	2.999971
6271	NA	2.991369
6273	NA	1.552293
6274	NA	1.5580865
6275	NA	1.0
6276	NA	1.5580865
6277	NA	2.958049
6279	NA	3.0
6281	NA	2.8832235
6282	NA	1.7431349
6283	NA	2.8612182
6284	NA	2.945084
6285	NA	2.873906
6289	NA	3.0
6294	NA	1.0
6296	NA	1.0
6298	NA	2.8495715
6303	NA	2.0686717
6304	NA	2.0650709
6312	NA	2.223572
6314	NA	2.223572
6320	NA	1.0
6322	NA	1.6974078
6323	NA	1.8757365
6324	NA	2.9995692
6325	NA	3.0
6328	NA	2.5929606
6329	NA	2.4486537
6331	NA	2.4501538
6332	NA	2.4486537
6339	NA	3.0
6340	NA	2.6340764
6341	NA	2.6546016
6343	NA	2.6546016
6351	NA	1.990986
6352	NA	1.0
6354	NA	1.990986
6355	NA	2.9232316
6356	NA	2.6870754
6361	NA	2.8850148
6364	NA	3.0
6365	NA	2.9980094
6367	NA	3.0
6369	NA	1.8616986
6371	NA	2.0307622
6374	NA	2.049725
6376	NA	2.7299402
6378	NA	3.0
6379	NA	1.0
6380	NA	1.0
6383	NA	1.0
6384	NA	1.0
6388	NA	2.999973
6389	NA	3.0
6391	NA	1.0
6393	NA	1.0
6398	NA	2.824922
6399	NA	1.0
6400	NA	1.0
6401	NA	1.0
6403	NA	1.0
6406	NA	2.9282634
6408	NA	2.981731
6409	NA	1.5584843
6410	NA	1.4717139
6413	NA	1.0
6414	NA	1.5585939
6415	NA	2.9816258
6416	NA	3.0
6418	NA	2.9758232
6422	NA	1.0
6425	NA	1.0
6427	NA	3.0
6428	NA	2.8149698
6430	NA	2.6795273
6431	NA	2.304329
6433	NA	2.8935144
6435	NA	2.6874757
6436	NA	2.6874757
6437	NA	3.0
6438	NA	2.9670267
6439	NA	2.9598944
6440	NA	1.0
6441	NA	2.954823
6442	NA	1.0
6445	NA	2.9201727
6446	NA	2.9316802
6449	NA	2.8415344
6451	NA	2.1894462
6453	NA	1.9451332
6455	NA	2.1894462
6456	NA	2.1894462
6457	NA	2.918519
6459	NA	2.9631329
6461	NA	2.827615
6462	NA	1.0
6464	NA	1.5635967
6465	NA	1.0
6466	NA	1.0
6472	NA	2.2214477
6473	NA	2.2199116
6474	NA	2.2199116
6475	NA	2.164243
6476	NA	2.2199116
6479	NA	2.9996777
6481	NA	2.1044536
6483	NA	2.103271
6484	NA	2.103271
6485	NA	2.103271
6486	NA	3.0
6487	NA	2.9842017
6490	NA	1.0
6492	NA	1.0
6493	NA	1.0
6494	NA	1.0
6498	NA	2.985548
6501	NA	2.6579332
6502	NA	2.5011184
6503	NA	2.6519775
6504	NA	2.6712167
6505	NA	2.6712167
6507	NA	3.0
6509	NA	2.86751
6512	NA	1.8882467
6515	NA	2.9828138
6516	NA	3.0
6518	NA	2.9994674
6519	NA	3.0
6520	NA	1.9615426
6522	NA	1.9575328
6523	NA	1.9622709
6524	NA	1.9498123
6525	NA	1.9622709
6526	NA	2.9998615
6528	NA	2.7968175
6530	NA	2.9973407
6533	NA	1.5902523
6534	NA	1.6125808
6537	NA	2.9996011
6538	NA	3.0
6541	NA	1.9667286
6542	NA	1.9667286
6547	NA	3.0
6551	NA	1.0
6553	NA	1.0
6556	NA	2.9973297
6560	NA	2.1604142
6561	NA	2.1157608
6562	NA	2.1201067
6564	NA	2.9992373
6570	NA	1.0
6571	NA	1.0
6573	NA	1.0
6574	NA	1.0
6581	NA	1.616932
6583	NA	2.4161332
6585	NA	2.8565948
6586	NA	3.0
6587	NA	2.9582744
6594	NA	1.9853445
6596	NA	3.0
6601	NA	1.0
6602	NA	3.0
6608	NA	2.9769218
6609	NA	1.0
6611	NA	2.9776313
6612	NA	3.0
6613	NA	3.0
6616	NA	1.7653894
6621	NA	1.8173368
6622	NA	2.941386
6623	NA	3.0
6624	NA	1.5407275
6627	NA	1.5653161
6628	NA	1.9656202
6629	NA	2.6485531
6630	NA	3.0
6633	NA	2.860907
6636	NA	2.499816
6637	NA	2.9082685
6639	NA	2.9082685
6641	NA	3.0
6642	NA	2.999687
6643	NA	2.9994845
6645	NA	2.775035
6650	NA	1.5236872
6651	NA	2.9967117
6652	NA	3.0
6653	NA	2.9939227
6654	NA	1.6272056
6655	NA	1.6222404
6660	NA	2.9984534
6661	NA	2.5329108
6662	NA	2.833175
6663	NA	2.9557447
6666	NA	2.4927268
6667	NA	1.6609435
6668	NA	2.489844
6672	NA	3.0
6676	NA	2.1408412
6677	NA	2.144672
6679	NA	2.8675268
6680	NA	3.0
6681	NA	1.9705161
6682	NA	1.0
6685	NA	1.0
6686	NA	1.0
6689	NA	2.7785192
6690	NA	1.0
6691	NA	1.0
6693	NA	1.0
6699	NA	3.0
6702	NA	2.924062
6703	NA	2.9159899
6704	NA	2.9179282
6706	NA	2.9913769
6707	NA	2.0429454
6708	NA	3.0
6710	NA	2.4168503
6712	NA	2.390452
6713	NA	2.4168503
6716	NA	2.206059
6718	NA	2.6533322
6719	NA	1.6308041
6722	NA	2.842444
6724	NA	2.840637
6726	NA	3.0
6727	NA	2.6891887
6730	NA	1.0
6732	NA	1.0
6734	NA	3.0
6737	NA	3.0
6739	NA	2.9941914
6741	NA	2.991345
6743	NA	2.9890306
6744	NA	2.994193
6749	NA	2.9541066
6751	NA	2.9541194
6753	NA	2.9541194
6755	NA	3.0
6759	NA	2.3497665
6763	NA	2.9928308
6767	NA	3.0
6774	NA	3.0
6776	NA	2.9959705
6779	NA	1.8371172
6780	NA	1.8168786
6782	NA	1.8168786
6783	NA	2.999976
6785	NA	2.7471766
6786	NA	3.0
6787	NA	1.9700042
6788	NA	1.9994471
6790	NA	1.9994471
6792	NA	2.9998875
6793	NA	2.997648
6794	NA	3.0
6795	NA	2.996782
6796	NA	2.6746335
6797	NA	2.6783726
6798	NA	2.6744163
6801	NA	3.0
6803	NA	2.9365895
6806	NA	2.2580187
6807	NA	2.0310023
6808	NA	2.260644
6809	NA	2.260644
6811	NA	2.260644
6815	NA	2.9924016
6817	NA	1.0
6818	NA	1.0
6820	NA	1.0
6821	NA	1.0
6823	NA	2.907997
6826	NA	1.0
6827	NA	1.0
6828	NA	2.0277808
6829	NA	1.0
6831	NA	1.0
6832	NA	1.0
6835	NA	3.0
6836	NA	1.0
6837	NA	1.0
6838	NA	1.0
6839	NA	1.0
6841	NA	2.2922604
6842	NA	2.7964244
6844	NA	2.9234762
6846	NA	1.8527163
6848	NA	1.8409761
6850	NA	1.9359838
6852	NA	2.8434405
6853	NA	2.9955761
6854	NA	2.98667
6856	NA	2.7451568
6858	NA	2.6863291
6859	NA	2.7536874
6860	NA	2.7527125
6861	NA	3.0
6864	NA	3.0
6867	NA	1.9328681
6871	NA	1.0
6872	NA	2.985871
6873	NA	3.0
6874	NA	1.0
6876	NA	1.0
6878	NA	1.0
6881	NA	3.0
6882	NA	2.631576
6883	NA	1.9111861
6886	NA	1.9111861
6888	NA	3.0
6889	NA	3.0
6891	NA	2.9042802
6892	NA	1.0
6893	NA	1.0
6895	NA	1.0
6898	NA	3.0
6900	NA	3.0
6904	NA	2.8108718
6906	NA	3.0
6908	NA	2.9415526
6909	NA	2.9946187
6910	NA	2.6165204
6911	NA	2.7214093
6915	NA	3.0
6916	NA	3.0
6917	NA	3.0
6925	NA	2.8553312
6926	NA	3.0
6928	NA	2.9975557
6929	NA	2.9990282
6930	NA	1.0
6933	NA	1.0
6935	NA	1.0
6936	NA	2.9068263
6937	NA	2.4351642
6938	NA	2.9999993
6939	NA	2.9974258
6941	NA	1.8227142
6943	NA	2.0623443
6944	NA	2.3273785
6949	NA	2.9114583
6951	NA	1.4835469
6952	NA	1.0
6953	NA	1.0
6954	NA	1.0
6956	NA	1.0
6959	NA	3.0
6960	NA	2.8013322
6962	NA	1.9047325
6963	NA	1.8799077
6965	NA	1.921989
6967	NA	1.9047325
6972	NA	2.949266
6973	NA	2.54257
6976	NA	2.542747
6977	NA	2.5430667
6984	NA	2.8217106
6985	NA	1.0
6986	NA	2.819389
6988	NA	2.0736763
6989	NA	1.0
6990	NA	2.9985616
6999	NA	1.0
7003	NA	1.6907511
7010	NA	2.9220722
7011	NA	2.9220722
7012	NA	1.6244534
7014	NA	2.9220722
7015	NA	2.9997592
7017	NA	2.9978604
7023	NA	1.0
7024	NA	1.0
7029	NA	3.0
7030	NA	2.3867393
7031	NA	1.6724906
7032	NA	1.6724906
7033	NA	1.6527402
7034	NA	1.6724906
7036	NA	1.0
7037	NA	2.9976623
7038	NA	2.999084
7039	NA	2.998963
7041	NA	1.9997067
7042	NA	1.991954
7046	NA	2.596002
7047	NA	3.0
7048	NA	3.0
7049	NA	3.0
7050	NA	1.5597713
7051	NA	1.5597713
7052	NA	1.0
7053	NA	1.5597713
7055	NA	1.9880649
7057	NA	2.997395
7059	NA	1.8740808
7062	NA	1.8924599
7065	NA	3.0
7067	NA	2.9869783
7068	NA	1.0
7069	NA	1.0
7071	NA	1.0
7072	NA	1.0
7073	NA	2.9586282
7075	NA	3.0
7076	NA	3.0
7078	NA	2.7396743
7079	NA	2.7161272
7080	NA	2.7396474
7089	NA	2.2128997
7091	NA	2.213271
7095	NA	2.9976804
7096	NA	2.9862225
7097	NA	1.8890265
7098	NA	1.9215939
7102	NA	2.9968157
7106	NA	3.0
7107	NA	1.5284094
7109	NA	1.5284094
7111	NA	1.5284094
7112	NA	1.5284094
7113	NA	2.999374
7114	NA	3.0
7115	NA	2.9999292
7117	NA	1.7864954
7122	NA	3.0
7128	NA	3.0
7129	NA	2.7549913
7130	NA	3.0
7131	NA	3.0
7132	NA	2.9990454
7134	NA	2.9773872
7135	NA	2.910744
7136	NA	2.908211
7137	NA	2.8538682
7140	NA	2.9287694
7141	NA	2.9287694
7142	NA	2.9735076
7146	NA	2.843728
7147	NA	1.777765
7148	NA	1.9070226
7149	NA	1.7252179
7151	NA	2.1407084
7152	NA	1.7724802
7154	NA	3.0
7157	NA	2.9658985
7158	NA	2.8968935
7159	NA	2.8968935
7160	NA	2.8968935
7162	NA	2.9940944
7163	NA	3.0
7167	NA	1.9335463
7168	NA	1.9335463
7169	NA	1.9341098
7170	NA	1.9335463
7171	NA	1.0
7172	NA	1.9335463
7173	NA	2.937533
7174	NA	2.962613
7175	NA	2.2704406
7176	NA	3.0
7177	NA	1.9145174
7178	NA	2.1176252
7179	NA	2.0723102
7180	NA	2.033491
7181	NA	2.1176252
7182	NA	2.8742917
7183	NA	3.0
7184	NA	2.4214354
7187	NA	1.0
7188	NA	1.5940741
7190	NA	1.4768577
7191	NA	1.5497581
7192	NA	1.5497581
7193	NA	3.0
7194	NA	3.0
7195	NA	3.0
7197	NA	2.939977
7198	NA	2.8818548
7199	NA	2.939977
7201	NA	2.939977
7202	NA	2.9994798
7203	NA	3.0
7206	NA	3.0
7207	NA	1.6375811
7212	NA	2.963432
7215	NA	2.9166493
7216	NA	2.8676093
7220	NA	2.6877785
7223	NA	1.9189974
7225	NA	2.6031773
7227	NA	1.0
7231	NA	1.0
7232	NA	1.0
7233	NA	2.998704
7236	NA	2.998948
7238	NA	2.4193423
7243	NA	2.423315
7244	NA	2.999854
7245	NA	2.9731617
7247	NA	2.5363202
7248	NA	2.752441
7249	NA	1.895353
7250	NA	2.1945488
7251	NA	1.808771
7253	NA	1.9329327
7254	NA	1.8953694
7255	NA	3.0
7256	NA	3.0
7257	NA	1.8705493
7258	NA	3.0
7259	NA	3.0
7260	NA	1.850813
7261	NA	2.8832762
7263	NA	2.8832762
7264	NA	2.8832762
7265	NA	2.8832762
7266	NA	2.99963
7272	NA	2.2841558
7273	NA	2.284579
7275	NA	2.844049
7278	NA	3.0
7279	NA	1.4482881
7282	NA	1.4482881
7283	NA	1.4482881
7284	NA	2.794596
7285	NA	2.9599168
7286	NA	2.9986863
7288	NA	1.9935796
7289	NA	1.6106654
7290	NA	1.6087954
7295	NA	3.0
7296	NA	2.9504442
7297	NA	3.0
7299	NA	2.741256
7301	NA	2.741256
7303	NA	2.741256
7305	NA	3.0
7307	NA	1.9350684
7308	NA	3.0
7310	NA	2.9921556
7312	NA	2.9921556
7317	NA	2.999871
7318	NA	3.0
7321	NA	2.5707455
7323	NA	2.571077
7324	NA	3.0
7325	NA	3.0
7326	NA	2.9014592
7327	NA	2.9986062
7328	NA	2.9233046
7329	NA	2.7502327
7330	NA	2.6786928
7331	NA	2.7493293
7333	NA	2.8611908
7336	NA	3.0
7337	NA	3.0
7338	NA	2.9943814
7339	NA	2.927751
7341	NA	1.7468306
7342	NA	1.7094128
7345	NA	1.7694184
7348	NA	2.536732
7351	NA	1.0
7354	NA	2.2222803
7355	NA	2.2222803
7357	NA	2.8361182
7360	NA	2.9955287
7361	NA	1.5040537
7366	NA	2.1198382
7369	NA	1.8608379
7373	NA	1.9893712
7376	NA	1.9893712
7377	NA	3.0
7378	NA	2.7942266
7379	NA	2.3560252
7380	NA	3.0
7382	NA	1.9393321
7384	NA	1.8203655
7385	NA	1.9393321
7387	NA	2.7016122
7393	NA	2.628935
7395	NA	3.0
7396	NA	3.0
7400	NA	2.59123
7401	NA	2.5939307
7403	NA	2.5939307
7405	NA	3.0
7406	NA	2.5299337
7407	NA	2.984561
7408	NA	1.0
7409	NA	1.5354542
7412	NA	1.5099819
7413	NA	2.7246606
7415	NA	2.9964108
7421	NA	3.0
7424	NA	2.999994
7425	NA	2.9924114
7426	NA	2.7839987
7429	NA	1.997385
7430	NA	1.9973763
7431	NA	1.9810045
7433	NA	3.0
7435	NA	2.9990327
7436	NA	3.0
7439	NA	2.7219863
7440	NA	2.7159233
7442	NA	2.997976
7443	NA	2.999798
7447	NA	3.0
7449	NA	1.9928018
7450	NA	1.9928018
7453	NA	1.9741886
7456	NA	2.9797523
7458	NA	3.0
7460	NA	1.0
7463	NA	1.0
7465	NA	1.0
7467	NA	3.0
7469	NA	2.9692495
7473	NA	2.0246797
7478	NA	1.888627
7480	NA	2.4815173
7482	NA	1.0
7484	NA	1.8587326
7488	NA	2.9877033
7489	NA	3.0
7490	NA	2.3494086
7494	NA	2.345406
7495	NA	2.996713
7498	NA	3.0
7500	NA	2.483232
7502	NA	2.483232
7510	NA	1.0
7512	NA	1.0
7513	NA	1.0
7514	NA	1.0
7515	NA	2.998496
7517	NA	2.9982002
7518	NA	3.0
7519	NA	1.563595
7520	NA	1.5563197
7521	NA	1.5564626
7523	NA	1.5563197
7524	NA	3.0
7528	NA	2.903751
7529	NA	1.8924466
7530	NA	1.7800499
7531	NA	1.4701763
7535	NA	2.8062422
7536	NA	2.9807394
7538	NA	3.0
7540	NA	2.6447632
7552	NA	2.9979498
7555	NA	2.261483
7560	NA	2.9088376
7562	NA	2.3669465
7565	NA	2.3687763
7566	NA	3.0
7568	NA	2.9998999
7570	NA	2.873487
7571	NA	2.8746235
7574	NA	2.8746235
7575	NA	2.9986007
7578	NA	2.9276896
7579	NA	2.6242473
7584	NA	2.7498827
7585	NA	2.750557
7586	NA	1.9545056
7589	NA	2.9622066
7591	NA	1.6228738
7592	NA	2.8877077
7593	NA	1.8212615
7595	NA	1.0
7596	NA	3.0
7597	NA	2.912784
7598	NA	3.0
7600	NA	2.2731848
7601	NA	1.0
7602	NA	1.0
7604	NA	2.0833247
7605	NA	2.2731848
7607	NA	2.9310663
7610	NA	2.0752873
7614	NA	2.0681787
7615	NA	3.0
7617	NA	2.2880094
7620	NA	1.7865983
7621	NA	1.8246129
7623	NA	1.7479489
7624	NA	1.5807891
7626	NA	3.0
7627	NA	3.0
7628	NA	2.9961295
7631	NA	2.236068
7632	NA	2.604836
7633	NA	2.604836
7635	NA	2.966669
7637	NA	2.9939945
7640	NA	1.7594601
7644	NA	1.73684
7645	NA	1.73684
7646	NA	3.0
7650	NA	2.1351247
7655	NA	3.0
7656	NA	2.9429588
7661	NA	1.4424758
7663	NA	1.4684209
7664	NA	1.0
7671	NA	2.458112
7673	NA	2.44412
7674	NA	2.44412
7676	NA	3.0
7679	NA	2.9492207
7683	NA	1.8396404
7684	NA	1.8396404
7685	NA	1.8396404
7686	NA	3.0
7690	NA	2.2723103
7691	NA	2.1433194
7693	NA	2.1433194
7694	NA	2.1433194
7695	NA	1.0
7696	NA	2.6764336
7698	NA	3.0
7704	NA	1.0
7705	NA	1.0
7706	NA	3.0
7708	NA	2.9996939
7709	NA	3.0
7710	NA	1.0
7713	NA	1.0
7715	NA	2.9999886
7717	NA	3.0
7721	NA	2.368879
7725	NA	2.6729
7727	NA	3.0
7730	NA	1.9901996
7735	NA	3.0
7736	NA	3.0
7737	NA	2.9056504
7738	NA	1.862203
7745	NA	3.0
7748	NA	2.9904816
7749	NA	1.5640002
7750	NA	1.5986966
7756	NA	2.999729
7758	NA	3.0
7759	NA	2.999298
7761	NA	2.0008504
7762	NA	2.0008473
7765	NA	2.0008504
7766	NA	2.9973614
7767	NA	3.0
7770	NA	2.701981
7773	NA	1.6724619
7774	NA	1.8998965
7775	NA	1.913838
7783	NA	2.6615474
7786	NA	2.9940417
7788	NA	2.4451458
7789	NA	2.7298841
7791	NA	1.0
7796	NA	3.0
7797	NA	3.0
7799	NA	2.1536677
7800	NA	2.1621041
7801	NA	2.1582277
7802	NA	2.1536677
7803	NA	2.1536677
7806	NA	2.9898782
7809	NA	2.9117253
7812	NA	2.9117253
7814	NA	3.0
7815	NA	2.951157
7816	NA	2.9854496
7818	NA	1.0
7824	NA	1.0
7825	NA	1.0
7826	NA	2.1962073
7827	NA	2.1439743
7828	NA	1.0
7829	NA	1.0
7830	NA	1.0
7831	NA	2.9279609
7832	NA	1.0
7833	NA	2.908481
7835	NA	2.908481
7837	NA	2.9279609
7840	NA	2.9995959
7842	NA	3.0
7843	NA	3.0
7845	NA	1.9597374
7846	NA	1.9612339
7848	NA	1.9597374
7850	NA	3.0
7852	NA	3.0
7853	NA	1.4255053
7854	NA	1.4182068
7855	NA	1.0
7856	NA	1.4182068
7857	NA	1.4182068
7858	NA	2.2061553
7860	NA	2.9961703
7862	NA	2.8156018
7863	NA	2.8150811
7865	NA	2.8150811
7870	NA	2.9983432
7871	NA	2.7452164
7873	NA	2.7398071
7874	NA	2.660948
7879	NA	3.0
7880	NA	2.9974597
7882	NA	2.9323885
7883	NA	2.979735
7885	NA	2.9360452
7886	NA	2.9360452
7894	NA	2.7863352
7895	NA	2.7863352
7897	NA	3.0
7901	NA	1.648709
7904	NA	2.029234
7905	NA	2.921244
7907	NA	2.8556652
7908	NA	2.8678787
7910	NA	2.1271803
7911	NA	2.0999696
7913	NA	2.1326082
7914	NA	2.094712
7915	NA	2.1326082
7916	NA	2.150773
7918	NA	2.738848
7919	NA	3.0
7920	NA	1.7404584
7922	NA	1.868209
7924	NA	2.4355547
7928	NA	3.0
7929	NA	1.8108737
7930	NA	1.8224076
7931	NA	2.3835013
7941	NA	2.3442805
7942	NA	2.3442805
7943	NA	1.9831648
7944	NA	2.646499
7945	NA	2.7462742
7948	NA	2.5184956
7952	NA	2.9918067
7955	NA	3.0
7956	NA	2.6092672
7958	NA	2.620862
7960	NA	2.609591
7961	NA	2.9997816
7962	NA	3.0
7965	NA	2.90274
7968	NA	2.859431
7969	NA	2.8601692
7970	NA	2.8601692
7974	NA	2.9921713
7975	NA	2.766183
7978	NA	1.0
7979	NA	1.0
7982	NA	2.331539
7983	NA	2.9771721
7984	NA	3.0
7988	NA	1.7379185
7991	NA	2.977311
7992	NA	2.5461006
7994	NA	2.946488
8000	NA	2.0542507
8001	NA	1.0
8003	NA	2.9430587
8004	NA	1.9755547
8007	NA	1.0
8008	NA	1.0
8009	NA	1.6557014
8011	NA	2.9967885
8013	NA	3.0
8015	NA	1.7863991
8016	NA	2.226683
8017	NA	1.7661661
8019	NA	2.4653475
8020	NA	2.1166341
8022	NA	2.96882
8023	NA	2.2610266
8026	NA	1.7596569
8027	NA	2.2736342
8030	NA	2.3938816
8033	NA	1.0
8034	NA	1.0
8035	NA	1.0
8036	NA	1.0
8042	NA	1.8464731
8043	NA	2.1330185
8045	NA	2.1330185
8046	NA	2.4432168
8048	NA	2.999898
8051	NA	2.9407852
8052	NA	2.2056704
8053	NA	2.9406967
8054	NA	2.9420664
8056	NA	2.6041677
8061	NA	1.7114418
8062	NA	1.7838573
8063	NA	1.7470145
8066	NA	2.9400883
8070	NA	2.5726416
8074	NA	2.998734
8075	NA	2.9507759
8078	NA	1.0
8080	NA	1.0
8081	NA	1.0
8082	NA	2.9997902
8083	NA	2.999835
8085	NA	1.0
8086	NA	2.7754266
8087	NA	1.0
8088	NA	2.8047943
8097	NA	2.2988737
8098	NA	2.2063363
8099	NA	2.3239346
8100	NA	2.9063838
8101	NA	3.0
8102	NA	2.999886
8103	NA	2.9897637
8106	NA	2.6027062
8107	NA	2.5707767
8111	NA	2.8810773
8113	NA	1.0
8114	NA	1.0
8115	NA	1.0
8116	NA	1.0
8117	NA	1.0
8118	NA	2.5976489
8123	NA	1.0
8125	NA	1.0
8128	NA	2.9874017
8131	NA	2.9173372
8132	NA	2.8141952
8133	NA	2.927339
8135	NA	2.91665
8139	NA	3.0
8140	NA	2.9299269
8142	NA	2.9643526
8144	NA	2.960875
8146	NA	2.6488996
8148	NA	2.8996131
8149	NA	1.7186731
8150	NA	1.8557676
8151	NA	1.7046063
8153	NA	1.6921824
8154	NA	2.892282
8160	NA	2.4821665
8164	NA	2.9976757
8166	NA	2.9885392
8167	NA	2.9618623
8169	NA	2.9710581
8170	NA	2.9680176
8171	NA	2.9676933
8172	NA	2.9983387
8174	NA	2.9982958
8176	NA	1.6366553
8178	NA	1.6208326
8181	NA	2.9910998
8182	NA	2.991404
8183	NA	2.981257
8185	NA	2.9759903
8188	NA	2.9947758
8197	NA	2.5174742
8198	NA	2.520299
8202	NA	1.0
8203	NA	1.0
8204	NA	1.0
8205	NA	1.0
8207	NA	1.0
8208	NA	2.9270136
8209	NA	2.5302153
8214	NA	2.314522
8218	NA	2.668931
8221	NA	1.0
8222	NA	1.0
8224	NA	1.0
8226	NA	2.0482378
8229	NA	2.9388463
8231	NA	2.820483
8232	NA	1.5336387
8234	NA	2.8830864
8235	NA	1.0
8236	NA	2.9791873
8237	NA	2.938744
8238	NA	2.902057
8239	NA	1.0
8240	NA	1.0
8241	NA	2.610699
8242	NA	1.0
8243	NA	1.0
8244	NA	2.9951003
8245	NA	3.0
8250	NA	2.6448503
8252	NA	2.6261802
8253	NA	2.967798
8254	NA	2.998326
8255	NA	2.65422
8256	NA	2.893512
8257	NA	2.6269765
8259	NA	2.372327
8260	NA	2.2945783
8261	NA	2.2949448
8262	NA	2.9970262
8265	NA	2.915865
8268	NA	1.7862326
8270	NA	1.779457
8271	NA	2.965355
8273	NA	2.7868748
8275	NA	1.0
8278	NA	1.0
8279	NA	1.0
8280	NA	2.9963174
8284	NA	1.9626004
8286	NA	1.9390799
8287	NA	1.0
8290	NA	3.0
8291	NA	2.2995148
8292	NA	2.8772137
8293	NA	1.8355255
8295	NA	1.7510214
8297	NA	2.7248845
8298	NA	2.9703324
8299	NA	1.0
8301	NA	3.0
8302	NA	2.5633838
8303	NA	2.9525023
8308	NA	3.0
8309	NA	2.9036307
8310	NA	2.8232837
8311	NA	1.0
8315	NA	1.0
8318	NA	1.9694816
8319	NA	3.0
8320	NA	1.6516191
8322	NA	1.0
8324	NA	1.8999116
8332	NA	2.4776137
8337	NA	2.5773933
8341	NA	2.7142453
8342	NA	2.7086015
8344	NA	2.995539
8346	NA	2.0675373
8348	NA	1.9511338
8350	NA	2.6822155
8353	NA	2.9739852
8354	NA	2.9400473
8357	NA	2.856398
8359	NA	2.8706877
8361	NA	2.7400897
8364	NA	3.0
8365	NA	2.7877927
8369	NA	2.7877927
8370	NA	2.8331137
8371	NA	2.2661867
8372	NA	2.9524236
8373	NA	2.9589512
8378	NA	1.0
8380	NA	2.4926372
8382	NA	2.991744
8385	NA	2.1963298
8386	NA	1.7461832
8387	NA	2.0729403
8390	NA	2.94961
8391	NA	2.9580607
8392	NA	2.0725825
8393	NA	2.0559318
8394	NA	2.1617742
8395	NA	2.166923
8397	NA	2.9581273
8399	NA	2.9220238
8401	NA	2.7709045
8402	NA	2.8087752
8403	NA	2.735741
8405	NA	2.8087752
8408	NA	2.9279227
8410	NA	2.3587134
8411	NA	1.7535639
8413	NA	2.448372
8414	NA	2.448372
8415	NA	2.9710634
8416	NA	2.9088883
8418	NA	2.843381
8420	NA	1.8424071
8422	NA	1.4709452
8423	NA	1.7535793
8427	NA	3.0
8428	NA	1.0
8429	NA	1.0
8432	NA	1.0
8433	NA	2.1885014
8436	NA	3.0
8438	NA	2.01031
8439	NA	1.0
8440	NA	2.01031
8442	NA	2.9393716
8443	NA	1.9174794
8445	NA	2.9996796
8447	NA	2.9592352
8448	NA	2.8678029
8450	NA	2.9595273
8454	NA	2.4003603
8463	NA	2.7875814
8464	NA	2.0123756
8465	NA	2.2589087
8466	NA	1.7263725
8467	NA	2.371237
8468	NA	2.3721237
8472	NA	2.685284
8473	NA	1.8228537
8477	NA	1.817815
8478	NA	2.9992666
8480	NA	1.0
8485	NA	1.0
8487	NA	2.8385758
8488	NA	2.999245
8491	NA	2.6253939
8495	NA	2.8414617
8496	NA	2.5204864
8497	NA	3.0
8498	NA	1.9833641
8499	NA	3.0
8503	NA	2.6427135
8508	NA	2.6831965
8509	NA	1.5300908
8510	NA	1.7900493
8513	NA	1.538963
8515	NA	3.0
8518	NA	2.951811
8519	NA	2.9073193
8522	NA	2.9135332
8523	NA	2.2010365
8526	NA	2.4223511
8527	NA	1.7370151
8531	NA	1.7569474
8533	NA	2.6744323
8534	NA	2.72288
8535	NA	2.6502912
8539	NA	1.6784939
8540	NA	2.4343653
8542	NA	2.4709468
8544	NA	2.819157
8545	NA	1.9529505
8546	NA	2.1167421
8547	NA	1.5502534
8549	NA	2.1629608
8550	NA	2.9769387
8552	NA	2.7205052
8553	NA	2.7597282
8554	NA	2.2899299
8556	NA	2.3574944
8557	NA	2.2686343
8559	NA	2.9306374
8560	NA	3.0
8565	NA	2.5476086
8568	NA	1.0
8570	NA	2.99965
8573	NA	1.6200141
8575	NA	1.5714898
8577	NA	1.626863
8579	NA	3.0
8580	NA	2.6792042
8583	NA	1.0
8585	NA	1.0
8587	NA	3.0
8591	NA	2.4381948
8592	NA	2.454396
8595	NA	2.9975672
8599	NA	1.867917
8602	NA	2.4116292
8603	NA	2.4135518
8604	NA	2.2630055
8605	NA	2.9882755
8612	NA	1.0
8615	NA	3.0
8616	NA	3.0
8617	NA	2.3506784
8619	NA	2.3391275
8621	NA	2.3506784
8623	NA	1.6585855
8625	NA	2.9948287
8628	NA	1.0
8634	NA	2.5654697
8638	NA	2.1607404
8640	NA	2.9937963
8641	NA	2.7113883
8642	NA	1.8821125
8643	NA	2.9917612
8644	NA	3.0
8648	NA	1.6022798
8650	NA	1.5978051
8652	NA	3.0
8653	NA	2.999195
8654	NA	2.9921494
8655	NA	2.9137812
8659	NA	2.9142287
8661	NA	2.998003
8662	NA	2.4770463
8666	NA	1.5577925
8667	NA	1.5355991
8670	NA	2.8572273
8671	NA	2.9861932
8672	NA	2.4223623
8673	NA	2.0876791
8677	NA	2.0560546
8681	NA	2.7390308
8682	NA	1.0
8687	NA	2.154942
8688	NA	3.0
8693	NA	1.8429666
8694	NA	2.948533
8695	NA	2.948533
8698	NA	3.0
8701	NA	1.9913443
8703	NA	2.7804956
8704	NA	2.7804956
8706	NA	2.5918696
8707	NA	2.898598
8710	NA	2.6186135
8711	NA	1.8991013
8713	NA	2.6186135
8715	NA	3.0
8717	NA	2.4581482
8718	NA	2.226822
8720	NA	2.4657629
8721	NA	2.4351027
8722	NA	2.4351027
8723	NA	2.989395
8725	NA	2.935937
8726	NA	3.0
8729	NA	2.9902513
8730	NA	2.9843261
8731	NA	2.9843261
8732	NA	2.9656363
8733	NA	3.0
8734	NA	1.797509
8735	NA	2.9813397
8736	NA	1.797509
8737	NA	2.9813397
8740	NA	3.0
8744	NA	3.0
8745	NA	2.9269173
8747	NA	2.039383
8752	NA	2.99906
8754	NA	2.8831334
8755	NA	2.8836422
8758	NA	2.8836422
8761	NA	2.285345
8762	NA	3.0
8763	NA	1.5516208
8764	NA	1.0
8765	NA	1.0
8769	NA	3.0
8770	NA	1.0
8771	NA	3.0
8772	NA	1.0
8773	NA	1.0
8774	NA	1.0
8776	NA	1.0
8778	NA	2.904548
8780	NA	2.6141186
8782	NA	1.0
8785	NA	1.0
8788	NA	2.587017
8789	NA	2.0798905
8793	NA	1.0
8795	NA	2.9995604
8797	NA	2.9992592
8798	NA	3.0
8799	NA	2.9995108
8802	NA	2.9809058
8803	NA	2.999486
8804	NA	2.047738
8807	NA	3.0
8808	NA	1.6049953
8809	NA	1.7388171
8810	NA	2.6253612
8811	NA	1.4771097
8812	NA	1.7388171
8817	NA	2.9326668
8818	NA	2.7563
8819	NA	2.7652452
8820	NA	1.9386877
8821	NA	2.9326668
8824	NA	2.960143
8825	NA	2.6121123
8826	NA	1.5799831
8827	NA	1.0
8828	NA	1.0
8829	NA	1.0
8831	NA	2.995676
8833	NA	2.6715806
8835	NA	2.8445883
8837	NA	2.4924703
8839	NA	2.4867206
8840	NA	3.0
8843	NA	2.9887795
8845	NA	2.4038982
8847	NA	2.6084526
8849	NA	2.7830772
8850	NA	3.0
8851	NA	2.4605126
8853	NA	3.0
8857	NA	2.4605126
8860	NA	2.9439468
8861	NA	3.0
8863	NA	2.5208194
8864	NA	2.4080467
8865	NA	2.5204551
8866	NA	2.5208194
8868	NA	1.0
8870	NA	1.0
8871	NA	1.0
8872	NA	1.0
8874	NA	1.0
8877	NA	1.7746757
8880	NA	1.0
8881	NA	1.0
8882	NA	1.0
8883	NA	1.0
8884	NA	1.0
8885	NA	2.9881976
8886	NA	2.939823
8887	NA	1.7529837
8889	NA	2.1741197
8890	NA	1.8199993
8891	NA	1.7011223
8893	NA	1.7011429
8895	NA	3.0
8896	NA	2.8751462
8897	NA	3.0
8898	NA	1.0
8899	NA	1.0
8900	NA	1.0
8904	NA	2.9516623
8905	NA	3.0
8906	NA	2.97356
8909	NA	2.0956917
8910	NA	2.738628
8911	NA	2.7889068
8912	NA	1.524304
8919	NA	1.864159
8920	NA	1.864159
8921	NA	2.8498974
8922	NA	2.649372
8923	NA	2.9355342
8925	NA	2.5110564
8927	NA	2.5069237
8928	NA	2.3271527
8929	NA	2.5090954
8930	NA	2.9985397
8931	NA	2.7525103
8933	NA	3.0
8935	NA	2.2154083
8939	NA	2.9910257
8940	NA	2.9902723
8946	NA	1.7516776
8947	NA	1.7250392
8950	NA	2.7077875
8951	NA	2.8620205
8953	NA	2.8414903
8954	NA	2.7478254
8960	NA	2.319534
8962	NA	2.0406592
8968	NA	3.0
8969	NA	3.0
8970	NA	2.539658
8971	NA	2.539658
8974	NA	2.539658
8975	NA	2.3370245
8979	NA	1.0
8981	NA	1.0
8984	NA	2.9667735
8985	NA	3.0
8989	NA	1.0
8990	NA	1.0
8991	NA	1.0
8993	NA	1.0
8995	NA	3.0
8997	NA	2.922137
9002	NA	1.5555667
9003	NA	1.5555667
9004	NA	2.999041
9007	NA	3.0
9008	NA	2.670411
9009	NA	2.9836175
9010	NA	2.9836812
9012	NA	2.9836175
9013	NA	2.621412
9016	NA	2.5291994
9018	NA	1.6804036
9020	NA	1.9400713
9022	NA	3.0
9023	NA	2.801603
9025	NA	2.5337431
9026	NA	1.0
9027	NA	1.0
9032	NA	2.9455862
9034	NA	2.298321
9042	NA	2.9409223
9043	NA	2.6571765
9047	NA	2.1147962
9048	NA	2.2909188
9049	NA	2.8884485
9052	NA	3.0
9055	NA	1.0
9057	NA	1.0
9059	NA	3.0
9060	NA	2.867757
9061	NA	1.9491068
9062	NA	1.823704
9063	NA	1.5711917
9064	NA	1.5629948
9065	NA	1.5629948
9072	NA	1.0
9076	NA	2.9858522
9079	NA	2.9958029
9081	NA	2.981661
9082	NA	2.9868376
9084	NA	2.9817674
9087	NA	2.998899
9088	NA	2.970125
9089	NA	1.4816806
9091	NA	1.4625483
9092	NA	1.5159765
9100	NA	1.7146757
9104	NA	2.8706422
9105	NA	2.452515
9107	NA	1.0
9111	NA	1.0
9112	NA	2.8769689
9114	NA	2.6074307
9115	NA	3.0
9116	NA	2.574362
9118	NA	2.1837866
9119	NA	1.9358263
9120	NA	1.9358263
9121	NA	3.0
9122	NA	2.2669845
9123	NA	2.6630285
9124	NA	2.689265
9128	NA	1.6966825
9130	NA	2.2457817
9135	NA	1.6852777
9138	NA	2.0415714
9143	NA	1.0
9144	NA	1.787917
9145	NA	1.787917
9149	NA	2.8463671
9151	NA	2.91037
9152	NA	2.04922
9154	NA	2.0400782
9157	NA	3.0
9158	NA	3.0
9162	NA	1.0
9163	NA	2.6918852
9164	NA	2.6918852
9165	NA	2.6918852
9166	NA	2.8703573
9168	NA	2.7165198
9170	NA	2.567971
9173	NA	2.7050414
9174	NA	2.7551835
9175	NA	2.9876401
9176	NA	3.0
9178	NA	2.997813
9179	NA	1.6190269
9180	NA	1.6112881
9182	NA	1.6189892
9190	NA	2.632594
9191	NA	2.5233462
9195	NA	1.9832984
9197	NA	1.9248798
9199	NA	2.0924006
9201	NA	2.1084578
9202	NA	2.8950567
9203	NA	1.0
9204	NA	2.9918067
9205	NA	2.9971948
9207	NA	2.111397
9209	NA	1.0
9210	NA	2.1163068
9214	NA	2.1816642
9216	NA	1.0
9217	NA	1.0
9218	NA	1.0
9219	NA	1.0
9220	NA	2.9162436
9221	NA	2.795919
9225	NA	1.4643309
9226	NA	1.0
9227	NA	1.0
9228	NA	1.4643309
9229	NA	2.9638143
9231	NA	2.9984708
9232	NA	3.0
9234	NA	2.9875057
9237	NA	2.9875057
9243	NA	1.4979719
9244	NA	1.0
9245	NA	1.0
9246	NA	1.5959781
9248	NA	2.994527
9251	NA	1.9214897
9252	NA	1.876921
9253	NA	1.9941107
9256	NA	2.962122
9257	NA	3.0
9258	NA	2.9963403
9260	NA	2.773121
9261	NA	2.1619864
9263	NA	2.7707138
9265	NA	1.5392637
9266	NA	2.5936296
9267	NA	1.4933798
9268	NA	3.0
9270	NA	1.0
9271	NA	1.0
9276	NA	1.8053471
9277	NA	1.9694234
9278	NA	1.8323995
9279	NA	2.1024501
9282	NA	1.595082
9283	NA	1.8201464
9286	NA	2.6993425
9289	NA	1.5677428
9290	NA	1.8775501
9291	NA	2.4235146
9294	NA	2.6879401
9296	NA	2.0734928
9298	NA	1.9005542
9301	NA	3.0
9302	NA	2.999985
9304	NA	3.0
9306	NA	1.0
9310	NA	2.9931293
9311	NA	3.0
9312	NA	2.987528
9316	NA	1.0
9317	NA	1.0
9318	NA	1.0
9320	NA	2.824433
9321	NA	3.0
9322	NA	2.921821
9324	NA	2.2541535
9325	NA	1.8181692
9331	NA	3.0
9332	NA	2.9867997
9333	NA	3.0
9334	NA	2.6677
9339	NA	2.34071
9340	NA	2.9256084
9341	NA	2.9043553
9345	NA	2.883377
9346	NA	1.9093102
9347	NA	2.040162
9348	NA	3.0
9352	NA	2.7617698
9353	NA	2.7834873
9355	NA	1.7411953
9357	NA	2.4649708
9358	NA	1.7732441
9360	NA	1.6578705
9363	NA	1.0
9364	NA	1.0
9365	NA	1.0
9366	NA	2.9900122
9372	NA	1.6419799
9376	NA	2.9584465
9378	NA	2.9967859
9379	NA	1.4331229
9381	NA	1.4095501
9382	NA	1.4156082
9383	NA	1.428006
9384	NA	1.0
9390	NA	1.0
9392	NA	1.0
9396	NA	2.329134
9397	NA	2.5756319
9398	NA	2.104628
9399	NA	1.6458119
9403	NA	2.8572986
9404	NA	2.9797904
9405	NA	2.9633467
9406	NA	1.0
9409	NA	1.0
9410	NA	1.0
9411	NA	2.966143
9415	NA	2.0750864
9416	NA	2.8403623
9417	NA	2.8340523
9418	NA	2.840162
9419	NA	2.8403509
9420	NA	2.9993563
9421	NA	2.9902956
9422	NA	1.0
9428	NA	1.0
9429	NA	2.7798615
9432	NA	2.999664
9440	NA	3.0
9441	NA	2.8431566
9443	NA	1.6896845
9446	NA	2.3433213
9450	NA	2.6587918
9454	NA	1.0
9458	NA	3.0
9459	NA	2.8730493
9460	NA	2.9362867
9463	NA	1.5950214
9464	NA	1.5950214
9466	NA	1.5950214
9468	NA	2.925665
9470	NA	1.7711917
9472	NA	2.0127573
9474	NA	1.0
9476	NA	2.9700212
9477	NA	2.9674792
9478	NA	1.0
9479	NA	2.9633212
9480	NA	1.0
9481	NA	2.709337
9483	NA	2.7015052
9484	NA	2.7049472
9485	NA	2.7311084
9486	NA	2.9246573
9487	NA	2.9876611
9491	NA	1.8641089
9494	NA	2.8912218
9498	NA	1.7550162
9501	NA	1.0
9503	NA	2.9456768
9505	NA	2.7707636
9507	NA	2.0098574
9508	NA	1.0
9509	NA	1.961214
9511	NA	1.8996685
9513	NA	2.7003944
9514	NA	2.9808218
9518	NA	2.220096
9519	NA	2.1590483
9520	NA	2.2646828
9521	NA	2.3326662
9522	NA	2.5866876
9523	NA	2.3283124
9527	NA	2.3314579
9528	NA	2.556077
9533	NA	2.9482625
9534	NA	1.5632589
9536	NA	1.9117597
9539	NA	2.9585469
9543	NA	1.0
9546	NA	1.0
9547	NA	1.0
9548	NA	2.9581199
9550	NA	2.4293137
9552	NA	2.9997284
9553	NA	2.4318833
9559	NA	3.0
9560	NA	2.1584234
9564	NA	2.7109873
9566	NA	1.5444148
9568	NA	2.9986184
9573	NA	1.8916179
9575	NA	2.9278505
9582	NA	1.0
9585	NA	3.0
9586	NA	3.0
9587	NA	2.0424895
9588	NA	3.0
9589	NA	1.0
9590	NA	1.0
9595	NA	1.902486
9596	NA	3.0
9597	NA	2.8923144
9598	NA	3.0
9601	NA	2.6516032
9603	NA	1.7754031
9606	NA	2.9366043
9608	NA	1.6193807
9611	NA	1.6190997
9612	NA	1.6190997
9613	NA	1.9990906
9614	NA	2.9701798
9618	NA	2.994737
9619	NA	1.9963027
9620	NA	2.9691281
9621	NA	2.994737
9622	NA	2.7895973
9625	NA	2.9863448
9626	NA	2.888679
9628	NA	2.6865416
9629	NA	2.7221
9630	NA	2.9092624
9633	NA	2.9900994
9634	NA	3.0
9637	NA	2.4713194
9640	NA	2.7684684
9642	NA	2.470723
9647	NA	1.0
9648	NA	1.0
9649	NA	1.0
9652	NA	2.9777334
9654	NA	2.968898
9655	NA	2.0660794
9658	NA	2.084685
9660	NA	2.9977574
9661	NA	2.5898583
9663	NA	2.8886096
9664	NA	2.9129114
9670	NA	3.0
9671	NA	2.1661112
9672	NA	2.956591
9673	NA	2.1359308
9674	NA	1.7295494
9679	NA	2.9247274
9681	NA	1.0
9682	NA	1.777201
9683	NA	1.0
9685	NA	1.7451403
9686	NA	1.777201
9688	NA	3.0
9690	NA	2.4181406
9693	NA	1.0
9696	NA	2.3196163
9705	NA	2.9070432
9707	NA	2.9405944
9711	NA	2.5045848
9712	NA	2.388945
9714	NA	2.1182837
9716	NA	2.9056222
9724	NA	2.1694562
9725	NA	3.0
9727	NA	1.0
9728	NA	1.0
9729	NA	1.0
9732	NA	2.979664
9734	NA	3.0
9735	NA	2.9973128
9737	NA	2.3031876
9739	NA	1.8971907
9740	NA	2.3014872
9741	NA	1.8080443
9742	NA	2.8894908
9743	NA	3.0
9750	NA	2.9895694
9751	NA	2.5656323
9754	NA	1.0
9755	NA	1.0
9756	NA	1.0
9761	NA	2.0790513
9762	NA	2.8730042
9767	NA	1.0
9768	NA	1.5648708
9772	NA	1.0
9775	NA	2.0113325
9777	NA	1.9707774
9779	NA	1.0
9781	NA	1.9828384
9782	NA	1.0
9783	NA	1.0
9785	NA	1.0
9787	NA	1.0
9790	NA	1.0
9791	NA	1.5886986
9792	NA	1.0
9793	NA	1.7246159
9794	NA	1.0
9796	NA	1.0
9797	NA	1.8966151
9798	NA	2.4301598
9802	NA	1.9994066
9804	NA	1.8004271
9807	NA	1.0
9808	NA	2.6239986
9809	NA	1.5408163
9810	NA	1.877117
9812	NA	1.6337384
9813	NA	1.4947675
9818	NA	1.4668475
9819	NA	1.0
9823	NA	1.0
9824	NA	1.0
9826	NA	1.4436393
9828	NA	1.0
9830	NA	2.1180735
9831	NA	1.0
9832	NA	1.0
9833	NA	1.0
9834	NA	1.0
9835	NA	1.0
9837	NA	1.5063962
9842	NA	1.0
9845	NA	1.8108238
9848	NA	1.0
9849	NA	2.3955321
9850	NA	2.0231628
9852	NA	1.0
9854	NA	1.0
9855	NA	1.6993102
9857	NA	2.5964913
9858	NA	1.0
9861	NA	1.914457
9862	NA	1.0
9865	NA	1.7824637
9866	NA	1.4900209
9867	NA	1.0
9871	NA	1.4017918
9872	NA	1.0
9873	NA	2.8866966
9881	NA	1.0
9883	NA	1.0
9887	NA	1.8446096
9888	NA	1.9572265
9890	NA	1.0
9891	NA	1.4747589
9892	NA	1.5679474
9894	NA	1.0
9896	NA	1.0
9898	NA	1.0
9899	NA	1.0
9901	NA	2.7586854
9902	NA	1.0
9906	NA	1.0
9908	NA	2.4404495
9909	NA	2.089503
9910	NA	1.5850002
9913	NA	1.0
9917	NA	1.0
9918	NA	1.0
9920	NA	1.0
9923	NA	1.9862221
9924	NA	1.6861469
9925	NA	1.0
9928	NA	1.6360284
9929	NA	1.0
9930	NA	1.4648912
9932	NA	1.9574045
9933	NA	1.0
9937	NA	1.0
9941	NA	1.0
9944	NA	1.0
9945	NA	1.0
9946	NA	1.772215
9950	NA	1.0
9952	NA	1.7697697
9953	NA	2.036934
9954	NA	1.0
9956	NA	1.0
9957	NA	1.5234184
9958	NA	1.0
9959	NA	1.0
9961	NA	1.0
9962	NA	1.0
9964	NA	1.0
9965	NA	1.0
9966	NA	1.0
9969	NA	2.5506876
9970	NA	1.9535005
9971	NA	1.8142885
9972	NA	1.0
9977	NA	1.8964436
9978	NA	1.0
9979	NA	1.0
9986	NA	1.0
9987	NA	2.9038174
9989	NA	1.6303792
9990	NA	1.0
9991	NA	1.8187834
9992	NA	1.4675022
9994	NA	1.0
9995	NA	1.0
9996	NA	1.0
