pair_ID	entailment_judgment	relatedness_score
6	NA	4.7364407
7	NA	4.4631624
8	NA	4.659154
10	NA	5.0
11	NA	5.0
13	NA	4.065192
15	NA	4.786015
16	NA	4.077135
17	NA	4.0770373
19	NA	4.9999924
20	NA	4.9696
21	NA	4.916874
22	NA	4.7510705
23	NA	4.9873238
27	NA	4.3570175
29	NA	4.4818397
31	NA	4.9903216
32	NA	4.3523827
33	NA	4.98844
34	NA	4.9886928
36	NA	4.9432654
37	NA	4.966842
38	NA	4.9837112
39	NA	4.458043
41	NA	4.999996
43	NA	4.9981437
46	NA	4.909646
48	NA	4.910426
50	NA	4.919447
51	NA	4.9100857
52	NA	4.9999957
53	NA	4.9999986
54	NA	4.1448193
57	NA	4.9294252
59	NA	4.929231
60	NA	4.9294543
61	NA	3.719239
63	NA	4.9999967
64	NA	4.8994813
66	NA	4.7300334
67	NA	4.9236536
68	NA	4.8725967
69	NA	4.881066
71	NA	4.8811717
74	NA	4.999989
75	NA	4.74388
76	NA	4.952972
80	NA	4.8193436
86	NA	4.8765664
89	NA	4.9999995
92	NA	4.765676
95	NA	4.7650776
96	NA	4.7390037
101	NA	5.0
102	NA	4.974247
103	NA	4.259744
104	NA	4.259073
106	NA	4.2597847
108	NA	4.9942446
109	NA	4.3641887
110	NA	4.999868
111	NA	4.793967
114	NA	3.0433717
115	NA	4.2229905
118	NA	4.9636607
121	NA	4.9999995
123	NA	3.839967
125	NA	3.5009847
128	NA	3.8399782
132	NA	4.993643
134	NA	4.9905095
135	NA	4.721064
137	NA	4.558905
138	NA	4.766549
142	NA	4.956551
143	NA	4.8132987
144	NA	4.5073414
145	NA	4.6184707
147	NA	3.4042218
149	NA	4.7790313
151	NA	4.9999967
152	NA	3.9640403
153	NA	4.998978
154	NA	4.006283
155	NA	4.786929
156	NA	4.6731462
157	NA	4.998895
158	NA	4.5722923
160	NA	4.9919534
162	NA	4.3538966
165	NA	4.2846045
166	NA	4.287178
167	NA	4.999989
168	NA	4.9999995
169	NA	4.9999933
171	NA	4.9932327
172	NA	4.9888725
174	NA	4.970034
175	NA	4.988625
177	NA	4.9887166
178	NA	4.999089
179	NA	4.9779186
180	NA	4.9859695
181	NA	4.99495
182	NA	4.995231
187	NA	4.8706603
189	NA	4.9014583
190	NA	4.874543
191	NA	4.9452276
193	NA	4.9945536
195	NA	4.947275
196	NA	4.9259796
198	NA	4.935243
199	NA	4.964358
203	NA	4.9994183
204	NA	4.8986487
206	NA	4.8979144
207	NA	4.8426065
208	NA	4.897922
209	NA	4.9942203
210	NA	4.9724946
212	NA	4.9999847
213	NA	4.1203017
214	NA	4.117798
220	NA	5.0
221	NA	4.6322446
222	NA	5.0
229	NA	5.0
230	NA	4.75416
231	NA	4.999997
235	NA	4.476202
239	NA	4.726291
242	NA	4.9999547
243	NA	4.9825478
244	NA	4.9723887
245	NA	4.92558
246	NA	4.7144947
247	NA	4.7079883
250	NA	4.7641535
251	NA	4.764326
252	NA	4.7629457
255	NA	4.9866495
261	NA	4.92016
262	NA	4.9813695
263	NA	5.0
264	NA	4.894955
267	NA	4.6742697
268	NA	4.702687
270	NA	4.6710386
271	NA	4.920698
274	NA	4.9130087
275	NA	4.999999
278	NA	4.865753
281	NA	4.868671
282	NA	5.0
284	NA	4.9859495
288	NA	4.871745
290	NA	4.8717227
292	NA	4.5963116
294	NA	5.0
295	NA	3.9474878
297	NA	3.9688723
298	NA	3.8456314
299	NA	3.9434981
300	NA	4.980442
306	NA	4.931643
307	NA	4.7416763
308	NA	4.740631
314	NA	4.9997673
316	NA	4.876117
318	NA	4.8839436
319	NA	4.8329744
320	NA	4.842943
321	NA	4.832757
322	NA	5.0
324	NA	4.99999
325	NA	4.919534
326	NA	4.832254
328	NA	4.830723
330	NA	4.830749
334	NA	5.0
336	NA	3.906996
337	NA	4.6542115
343	NA	4.8533816
345	NA	4.5891705
348	NA	4.9394093
349	NA	4.8801
350	NA	4.880092
352	NA	4.9807177
353	NA	4.9903092
355	NA	4.661921
356	NA	4.6817603
357	NA	4.8464546
359	NA	4.585599
364	NA	4.999802
365	NA	4.6485906
368	NA	4.81047
369	NA	4.777287
371	NA	5.0
376	NA	4.992938
383	NA	4.947687
385	NA	4.999996
386	NA	4.7921925
388	NA	4.9778595
389	NA	4.9868813
399	NA	4.6774063
400	NA	4.735998
401	NA	4.810311
405	NA	4.999925
406	NA	4.338945
407	NA	4.5827785
408	NA	4.5784264
411	NA	4.990005
412	NA	4.7688503
414	NA	4.8954763
416	NA	4.277539
418	NA	4.7290387
419	NA	4.384619
420	NA	4.618378
421	NA	4.650358
424	NA	4.992088
425	NA	4.859517
426	NA	3.6864598
429	NA	4.988555
430	NA	4.155637
431	NA	3.5879784
432	NA	3.472323
433	NA	4.9944444
437	NA	4.7652497
443	NA	4.996438
444	NA	4.596723
445	NA	4.938929
448	NA	4.619523
452	NA	4.620728
453	NA	4.918673
455	NA	4.9539137
456	NA	4.0556383
458	NA	4.554853
459	NA	4.5994987
460	NA	4.7295313
463	NA	4.883334
464	NA	4.999996
466	NA	4.9760537
467	NA	4.878978
468	NA	4.8771176
469	NA	4.9999933
471	NA	4.788296
472	NA	4.7891083
474	NA	4.931197
478	NA	4.8016357
479	NA	4.8243823
480	NA	4.9061074
481	NA	4.824588
482	NA	4.999995
483	NA	4.615428
487	NA	4.5291023
488	NA	4.529037
490	NA	4.528652
492	NA	4.989862
493	NA	4.911101
495	NA	4.4422917
498	NA	4.6044226
501	NA	4.4944925
502	NA	4.768899
503	NA	4.643125
504	NA	4.948618
509	NA	4.8487196
510	NA	4.8477006
511	NA	4.9742074
512	NA	4.9172063
517	NA	4.8772182
518	NA	5.0
519	NA	4.987625
521	NA	4.8450866
523	NA	4.4847083
525	NA	4.7582235
532	NA	4.3201632
533	NA	4.9640613
534	NA	4.8806906
536	NA	4.145967
537	NA	4.17784
539	NA	3.9737234
540	NA	4.1470613
543	NA	4.769439
544	NA	4.6218047
546	NA	4.997895
547	NA	4.6228375
549	NA	4.898298
553	NA	4.8701315
554	NA	4.9999995
558	NA	4.999999
559	NA	4.956609
562	NA	4.7228827
563	NA	4.8162127
566	NA	4.8162947
567	NA	4.999989
569	NA	4.9868937
571	NA	4.99239
572	NA	4.836972
573	NA	4.765834
574	NA	4.7793894
575	NA	4.9246445
576	NA	4.7655272
577	NA	4.5807266
578	NA	4.8351603
579	NA	4.7659426
580	NA	4.9999948
582	NA	4.9990964
583	NA	4.9947524
584	NA	4.999381
585	NA	4.5927877
589	NA	4.5521173
590	NA	4.55047
591	NA	4.9988847
593	NA	4.983238
594	NA	4.945706
595	NA	4.989824
596	NA	4.939524
598	NA	4.9849486
600	NA	4.5532575
602	NA	4.5369725
607	NA	4.908903
608	NA	4.940748
610	NA	4.9459896
612	NA	4.9454465
613	NA	5.0
614	NA	4.805724
615	NA	4.541159
616	NA	4.999458
618	NA	4.547184
620	NA	4.4746275
623	NA	4.902389
624	NA	4.774665
627	NA	4.8777523
633	NA	4.929014
635	NA	4.7431993
636	NA	4.7076855
639	NA	4.7518115
640	NA	5.0
642	NA	4.9912434
644	NA	4.5902843
652	NA	3.8841426
654	NA	4.833542
656	NA	4.999593
658	NA	4.689198
659	NA	4.6949387
662	NA	4.338898
664	NA	4.6893024
665	NA	4.9566383
666	NA	4.150514
667	NA	4.972866
669	NA	4.9789176
670	NA	3.784612
673	NA	3.9793515
674	NA	4.2890105
675	NA	3.6064546
677	NA	4.9992633
681	NA	4.926118
682	NA	4.1582756
683	NA	3.9247046
684	NA	3.6980813
686	NA	4.115097
688	NA	4.158273
694	NA	4.8280325
695	NA	4.734142
700	NA	4.812748
701	NA	4.733559
705	NA	4.8087196
706	NA	4.9704
707	NA	3.9399197
708	NA	3.8499663
710	NA	4.246167
711	NA	3.9920964
712	NA	3.9756517
713	NA	4.4872704
714	NA	4.8419785
716	NA	4.9999776
719	NA	4.5348644
720	NA	4.5348573
721	NA	4.820133
724	NA	4.468092
726	NA	4.9943376
739	NA	4.995375
740	NA	4.989102
742	NA	4.9903784
743	NA	4.9825563
744	NA	4.9782495
750	NA	2.7938435
751	NA	3.9449942
753	NA	4.9934106
755	NA	4.4284854
756	NA	4.2964025
758	NA	4.502348
763	NA	4.999987
767	NA	4.52299
770	NA	4.4856606
771	NA	4.4939814
773	NA	4.9890747
775	NA	4.9901867
776	NA	4.9312654
778	NA	4.893219
779	NA	4.877481
781	NA	4.7452345
782	NA	4.9907355
786	NA	4.763037
787	NA	4.775579
788	NA	4.77271
790	NA	4.8291483
794	NA	4.9999623
795	NA	5.0
798	NA	4.998373
800	NA	4.6085
801	NA	4.925008
803	NA	4.924889
805	NA	4.9608006
806	NA	4.999999
807	NA	4.78413
808	NA	4.9999795
809	NA	4.952558
810	NA	4.4314995
814	NA	4.850144
815	NA	4.429013
817	NA	5.0
818	NA	4.363089
819	NA	4.7970824
821	NA	4.3514543
823	NA	4.226038
826	NA	4.9610324
828	NA	4.9963255
829	NA	4.948211
832	NA	4.9477286
833	NA	4.943786
834	NA	4.988195
835	NA	4.953871
837	NA	4.926537
838	NA	4.999348
840	NA	4.961723
842	NA	4.77344
843	NA	4.5302277
847	NA	4.783975
849	NA	4.8868732
850	NA	4.720183
853	NA	4.9967794
854	NA	4.975542
856	NA	5.0
861	NA	3.7054963
863	NA	3.7445824
865	NA	3.734328
871	NA	4.393385
875	NA	4.6549015
877	NA	4.9999976
884	NA	4.460594
885	NA	4.4137554
886	NA	4.55062
890	NA	4.9999785
891	NA	4.3025985
894	NA	4.9278364
896	NA	4.9928107
897	NA	4.3289113
900	NA	4.968745
901	NA	4.9908876
903	NA	4.989195
905	NA	4.9213424
907	NA	4.854259
911	NA	4.8537064
912	NA	4.9999876
914	NA	5.0
916	NA	4.249719
918	NA	3.8916929
919	NA	3.7270496
921	NA	3.7988222
923	NA	4.919193
924	NA	4.9866014
925	NA	4.9334617
926	NA	4.9865785
928	NA	4.9250154
929	NA	4.96669
930	NA	4.9593687
934	NA	4.967134
937	NA	4.9646535
938	NA	4.5866084
939	NA	4.8583565
941	NA	4.7238026
942	NA	4.3345766
946	NA	3.714366
951	NA	4.999999
952	NA	4.569137
954	NA	4.1133823
955	NA	4.7501764
958	NA	3.4856548
964	NA	4.589637
965	NA	4.6744833
966	NA	4.980983
968	NA	4.819381
969	NA	4.9084125
971	NA	4.971276
972	NA	4.909085
974	NA	4.908659
976	NA	4.9721365
977	NA	4.9850388
981	NA	4.6563544
982	NA	4.9879403
983	NA	4.971695
986	NA	5.0
990	NA	4.9999995
992	NA	4.962174
993	NA	4.8240724
995	NA	4.8236914
997	NA	4.940681
999	NA	4.953633
1001	NA	4.9999995
1003	NA	4.9496474
1005	NA	4.9648833
1006	NA	4.8998423
1011	NA	4.978278
1012	NA	4.9741616
1013	NA	4.961309
1014	NA	4.995375
1015	NA	4.9968743
1017	NA	4.976748
1020	NA	4.976765
1023	NA	4.176991
1024	NA	4.9595327
1025	NA	4.9232593
1027	NA	4.4755287
1030	NA	4.581763
1032	NA	4.499308
1034	NA	4.995316
1035	NA	5.0
1036	NA	4.963951
1040	NA	4.9533124
1041	NA	4.509988
1042	NA	4.9883795
1051	NA	4.9682584
1056	NA	4.9473104
1058	NA	4.992574
1059	NA	4.983842
1060	NA	4.844272
1062	NA	4.9939075
1063	NA	4.8825974
1066	NA	4.6948957
1067	NA	4.8541613
1070	NA	4.8859053
1071	NA	4.9967165
1072	NA	4.9634027
1073	NA	5.0
1075	NA	4.9936
1077	NA	4.672374
1078	NA	4.755205
1079	NA	4.782011
1081	NA	4.750811
1085	NA	5.0
1086	NA	4.9992466
1089	NA	4.955693
1098	NA	4.9999957
1100	NA	4.974389
1101	NA	4.968203
1103	NA	4.9745255
1106	NA	4.999867
1107	NA	4.999992
1110	NA	4.9928164
1113	NA	4.8008947
1114	NA	4.8003173
1116	NA	4.80006
1121	NA	4.965226
1123	NA	4.871361
1124	NA	4.931316
1126	NA	4.999987
1127	NA	4.9928837
1130	NA	4.990006
1131	NA	5.0
1132	NA	4.2517424
1134	NA	4.248522
1136	NA	4.2004614
1138	NA	4.248522
1139	NA	4.8206167
1140	NA	4.7398434
1141	NA	5.0
1142	NA	4.9274836
1143	NA	4.7447953
1144	NA	4.4343715
1146	NA	4.426237
1148	NA	4.99152
1150	NA	4.9949727
1151	NA	4.9313893
1152	NA	4.994969
1156	NA	4.9999976
1158	NA	4.9140844
1159	NA	4.9999957
1160	NA	4.99877
1163	NA	4.8557196
1164	NA	4.9890246
1166	NA	4.9684234
1168	NA	4.968437
1171	NA	4.9310555
1172	NA	4.9684787
1173	NA	4.9311676
1174	NA	5.0
1176	NA	4.98902
1181	NA	4.9995255
1183	NA	4.99951
1185	NA	4.9999976
1186	NA	4.8253746
1187	NA	4.9997945
1189	NA	4.8812046
1197	NA	4.9173355
1198	NA	4.708991
1199	NA	4.4464226
1201	NA	4.7104926
1203	NA	4.9186583
1204	NA	4.9747705
1208	NA	5.0
1209	NA	4.9985094
1210	NA	4.5013475
1211	NA	4.5353646
1216	NA	4.929214
1217	NA	4.7631
1218	NA	4.687047
1220	NA	4.9025908
1223	NA	4.936043
1224	NA	4.9999995
1225	NA	4.931312
1226	NA	4.9999228
1229	NA	4.9313054
1231	NA	4.9313197
1233	NA	4.980103
1234	NA	4.991435
1235	NA	4.8881507
1238	NA	4.792887
1243	NA	4.9311132
1245	NA	4.931113
1247	NA	4.9311633
1250	NA	5.0
1252	NA	4.370363
1253	NA	5.0
1254	NA	5.0
1256	NA	4.572511
1257	NA	4.5724196
1258	NA	3.3418055
1260	NA	4.9999924
1261	NA	4.9963217
1262	NA	4.999976
1263	NA	4.381279
1264	NA	4.9746966
1265	NA	4.216523
1267	NA	4.9740887
1269	NA	4.9413443
1272	NA	4.995379
1277	NA	4.94106
1278	NA	4.9999924
1279	NA	4.999999
1281	NA	4.403993
1285	NA	4.9998655
1286	NA	4.9998636
1288	NA	4.916408
1289	NA	4.933994
1290	NA	4.9999914
1295	NA	4.9999957
1296	NA	4.977973
1298	NA	4.97776
1299	NA	4.9365926
1300	NA	4.3974905
1301	NA	4.999996
1304	NA	4.999996
1306	NA	4.39704
1307	NA	4.9778
1309	NA	4.9409766
1310	NA	4.931317
1312	NA	4.945207
1313	NA	4.978598
1314	NA	4.944201
1315	NA	4.941936
1316	NA	4.9325333
1320	NA	5.0
1322	NA	4.0298433
1323	NA	5.0
1324	NA	4.9854584
1325	NA	4.0300965
1327	NA	4.9999995
1330	NA	5.0
1331	NA	4.999999
1332	NA	4.9950185
1334	NA	4.9847417
1337	NA	4.769684
1338	NA	4.8081555
1339	NA	4.7702694
1340	NA	4.8107414
1343	NA	4.783478
1347	NA	4.9262843
1348	NA	4.9921303
1349	NA	4.94645
1351	NA	5.0
1353	NA	4.9938626
1356	NA	4.841394
1357	NA	4.9938617
1360	NA	4.893518
1362	NA	4.8192782
1363	NA	4.801018
1364	NA	4.7105737
1366	NA	4.726689
1367	NA	4.876025
1369	NA	4.999972
1370	NA	4.998756
1374	NA	4.5808325
1375	NA	4.781559
1377	NA	4.995498
1382	NA	4.3086267
1383	NA	4.9807787
1391	NA	4.9999285
1392	NA	4.9462996
1393	NA	4.964545
1394	NA	5.0
1395	NA	5.0
1397	NA	4.3894577
1398	NA	5.0
1401	NA	5.0
1402	NA	5.0
1406	NA	4.989026
1411	NA	4.957202
1413	NA	4.9978247
1416	NA	4.9999986
1418	NA	4.91468
1420	NA	4.9075136
1422	NA	4.9997015
1423	NA	4.9666142
1424	NA	4.991005
1425	NA	4.9461894
1426	NA	4.9858184
1428	NA	4.993952
1430	NA	4.964294
1433	NA	4.931292
1436	NA	4.964179
1437	NA	4.995402
1439	NA	4.687267
1440	NA	4.3894086
1441	NA	4.6863527
1442	NA	4.999999
1445	NA	4.687096
1447	NA	4.999999
1449	NA	4.9999995
1450	NA	4.999999
1451	NA	4.9198813
1452	NA	4.977403
1454	NA	4.910799
1456	NA	4.9773335
1457	NA	4.9999986
1459	NA	4.999924
1460	NA	5.0
1462	NA	4.9997296
1465	NA	4.9997334
1468	NA	5.0
1471	NA	4.2457633
1472	NA	4.7715793
1475	NA	4.999987
1477	NA	4.9999976
1478	NA	4.9994726
1485	NA	4.998159
1490	NA	4.96429
1491	NA	4.9849653
1492	NA	4.990656
1496	NA	4.9313536
1497	NA	4.9399548
1500	NA	4.0071144
1502	NA	4.999996
1507	NA	4.7975135
1508	NA	4.7958856
1510	NA	4.796579
1512	NA	4.830009
1515	NA	2.8097012
1516	NA	2.840228
1518	NA	2.5923235
1520	NA	4.9999976
1522	NA	4.9999933
1526	NA	4.9979396
1528	NA	4.9979234
1529	NA	4.999884
1530	NA	4.999994
1533	NA	4.943632
1537	NA	4.994711
1539	NA	4.931241
1540	NA	4.9998136
1542	NA	4.059689
1543	NA	3.1242905
1544	NA	4.0726266
1546	NA	4.072568
1548	NA	4.3274374
1554	NA	3.5681121
1555	NA	4.6185565
1556	NA	4.9999957
1560	NA	4.966095
1561	NA	4.999999
1562	NA	4.999486
1564	NA	4.99951
1567	NA	4.9999995
1568	NA	4.968486
1569	NA	5.0
1571	NA	4.688594
1572	NA	4.7800913
1577	NA	4.7801075
1578	NA	4.9913807
1579	NA	4.9747925
1581	NA	4.9931216
1583	NA	4.992813
1589	NA	4.971207
1590	NA	4.978351
1593	NA	4.7011905
1594	NA	4.55948
1596	NA	4.7426977
1597	NA	4.896662
1598	NA	5.0
1600	NA	4.9720507
1602	NA	4.372862
1603	NA	4.668399
1605	NA	4.779152
1611	NA	4.9933453
1613	NA	4.723937
1616	NA	4.4254494
1617	NA	4.773858
1619	NA	4.996709
1620	NA	5.0
1622	NA	4.7160935
1623	NA	4.4628954
1624	NA	4.995119
1630	NA	4.9999986
1633	NA	4.741555
1634	NA	4.895012
1636	NA	4.7054973
1637	NA	4.741801
1638	NA	4.141582
1642	NA	4.7720175
1644	NA	4.506945
1645	NA	4.326457
1654	NA	3.4911878
1656	NA	4.991399
1658	NA	3.3291106
1662	NA	4.819202
1664	NA	5.0
1665	NA	4.6365485
1666	NA	4.99376
1667	NA	4.9786787
1672	NA	4.9998612
1674	NA	4.529481
1678	NA	4.9766865
1679	NA	3.7990358
1681	NA	4.9770923
1683	NA	4.9880977
1684	NA	4.992775
1685	NA	4.9913816
1686	NA	3.1930153
1688	NA	3.60506
1689	NA	4.979317
1692	NA	4.818904
1693	NA	4.999938
1695	NA	4.9999943
1696	NA	4.690816
1698	NA	4.6930766
1699	NA	4.579422
1701	NA	4.946305
1704	NA	5.0
1709	NA	4.0687323
1710	NA	4.0682106
1713	NA	4.6086674
1717	NA	4.5607266
1718	NA	4.924781
1720	NA	4.747025
1722	NA	4.9491596
1725	NA	4.9963093
1726	NA	4.990734
1727	NA	4.988059
1728	NA	4.646756
1730	NA	4.790325
1731	NA	4.682748
1732	NA	4.4738684
1734	NA	4.745824
1735	NA	4.7466307
1737	NA	4.9688334
1738	NA	3.2569485
1739	NA	3.1233473
1740	NA	3.9020913
1742	NA	3.4929857
1743	NA	4.996704
1744	NA	4.9795313
1745	NA	4.9999866
1746	NA	4.993997
1748	NA	4.2983384
1749	NA	4.3037634
1750	NA	4.3813834
1752	NA	4.3819475
1758	NA	3.4957407
1760	NA	4.966732
1761	NA	3.7181304
1762	NA	3.5050044
1763	NA	3.472937
1764	NA	3.5054896
1767	NA	4.992804
1768	NA	4.9999747
1769	NA	4.918521
1770	NA	4.6992435
1774	NA	3.505745
1775	NA	4.4272285
1778	NA	5.0
1779	NA	4.973182
1785	NA	4.7882004
1786	NA	4.9510856
1788	NA	4.9510856
1790	NA	4.9273043
1793	NA	4.364321
1794	NA	4.7394695
1795	NA	4.866106
1796	NA	4.432046
1797	NA	4.859785
1799	NA	4.6403294
1800	NA	4.688476
1801	NA	4.848297
1802	NA	4.3309245
1803	NA	4.9184246
1804	NA	4.98323
1805	NA	4.993139
1806	NA	4.982258
1810	NA	4.496091
1813	NA	4.6660404
1816	NA	4.9999967
1817	NA	4.5045714
1819	NA	4.8033743
1821	NA	4.8525033
1824	NA	4.647746
1826	NA	4.429427
1827	NA	4.205505
1828	NA	4.909074
1831	NA	4.998343
1833	NA	4.0827074
1834	NA	4.159019
1835	NA	4.4115047
1836	NA	4.274379
1837	NA	4.454007
1838	NA	4.157984
1843	NA	4.5339665
1845	NA	4.986153
1848	NA	4.384483
1850	NA	4.7271957
1855	NA	4.990543
1856	NA	4.994283
1857	NA	3.4853802
1858	NA	4.7197356
1859	NA	5.0
1860	NA	4.6429133
1862	NA	4.573829
1863	NA	4.3668075
1864	NA	4.3355656
1865	NA	4.9930553
1867	NA	4.987807
1868	NA	4.479188
1870	NA	4.6701956
1871	NA	4.479175
1872	NA	4.3730164
1875	NA	4.992238
1880	NA	4.1642056
1883	NA	4.985717
1885	NA	4.7941513
1889	NA	4.9999576
1890	NA	4.5619054
1891	NA	4.5231485
1893	NA	4.8650107
1895	NA	4.786621
1896	NA	4.69152
1899	NA	4.7946978
1901	NA	2.4600499
1902	NA	4.451018
1903	NA	2.7688608
1905	NA	4.119607
1906	NA	2.8052588
1911	NA	4.419946
1913	NA	4.975145
1914	NA	4.9924784
1915	NA	4.9924254
1916	NA	4.9824085
1917	NA	4.986409
1920	NA	4.4204865
1922	NA	4.281182
1923	NA	4.780815
1924	NA	4.962288
1925	NA	4.991666
1926	NA	4.975577
1928	NA	4.825191
1929	NA	4.6788473
1930	NA	4.8654075
1931	NA	4.4861927
1932	NA	4.9995475
1933	NA	4.672869
1937	NA	5.0
1938	NA	4.750804
1941	NA	4.8133936
1945	NA	4.990716
1947	NA	4.9995093
1950	NA	4.4919424
1951	NA	4.451636
1953	NA	5.0
1956	NA	4.998254
1957	NA	4.932822
1958	NA	4.4409547
1959	NA	4.5811954
1960	NA	4.3934584
1962	NA	4.2586694
1965	NA	4.777829
1966	NA	4.669716
1968	NA	4.8738794
1971	NA	4.525154
1973	NA	4.6093187
1976	NA	4.870583
1977	NA	5.0
1979	NA	4.837454
1980	NA	4.2846155
1982	NA	4.128341
1983	NA	4.843013
1985	NA	4.8163557
1986	NA	4.9998393
1990	NA	4.4810286
1995	NA	4.957669
1997	NA	4.983857
1998	NA	4.977276
2002	NA	4.99146
2003	NA	4.9717183
2010	NA	4.782113
2013	NA	4.820878
2017	NA	4.7690883
2021	NA	4.7237773
2022	NA	4.816483
2026	NA	4.733804
2028	NA	4.9999933
2031	NA	4.9899693
2032	NA	4.99071
2033	NA	4.962693
2034	NA	4.9214597
2036	NA	4.9625115
2039	NA	4.962575
2042	NA	4.956099
2043	NA	4.763782
2044	NA	4.9198895
2046	NA	4.978122
2048	NA	4.7177453
2050	NA	4.617843
2053	NA	4.954229
2054	NA	4.99832
2057	NA	4.544623
2060	NA	4.9972486
2062	NA	4.627821
2063	NA	4.934327
2065	NA	4.9888473
2069	NA	4.0397043
2071	NA	4.2868
2074	NA	4.257946
2077	NA	4.435065
2083	NA	4.6756177
2085	NA	4.3655953
2093	NA	4.686677
2095	NA	4.9826884
2099	NA	4.9951596
2101	NA	5.0
2106	NA	4.842899
2108	NA	4.9735484
2110	NA	4.771989
2111	NA	4.5078807
2114	NA	4.621044
2116	NA	4.4841046
2120	NA	4.5519366
2126	NA	4.9887385
2127	NA	5.0
2128	NA	4.9199605
2129	NA	4.612874
2131	NA	4.613325
2133	NA	4.9998465
2134	NA	4.9221354
2135	NA	4.9998465
2137	NA	4.9311132
2138	NA	4.99886
2140	NA	4.998153
2142	NA	4.7191896
2143	NA	4.7446384
2147	NA	4.7094812
2149	NA	5.0
2151	NA	4.640564
2152	NA	4.954247
2154	NA	4.9247756
2155	NA	4.0695987
2156	NA	3.671868
2158	NA	3.66764
2159	NA	4.6637454
2160	NA	4.661725
2161	NA	3.6676388
2168	NA	4.9807696
2169	NA	4.980774
2173	NA	4.9970016
2174	NA	4.6284575
2177	NA	4.701961
2178	NA	4.6222167
2182	NA	5.0
2185	NA	4.7880044
2186	NA	4.4133315
2187	NA	4.208874
2189	NA	4.1243925
2190	NA	4.1302075
2191	NA	4.357538
2193	NA	4.6729007
2194	NA	4.9999943
2197	NA	4.0945463
2200	NA	3.665502
2201	NA	4.397225
2204	NA	4.950199
2206	NA	4.6126385
2209	NA	4.5917764
2211	NA	4.904836
2214	NA	4.959288
2216	NA	4.9410276
2219	NA	4.9994683
2220	NA	4.702724
2223	NA	4.8206205
2224	NA	4.8207726
2225	NA	4.704493
2227	NA	4.421611
2230	NA	4.9752827
2237	NA	4.997034
2241	NA	4.6814585
2244	NA	3.8704393
2245	NA	4.740034
2246	NA	5.0
2248	NA	4.9878716
2249	NA	3.3737838
2254	NA	3.6392446
2255	NA	4.999997
2256	NA	4.999992
2257	NA	4.9999976
2258	NA	4.9743357
2262	NA	4.9835696
2265	NA	4.7817616
2267	NA	4.999554
2268	NA	4.204758
2269	NA	4.2264986
2270	NA	4.2044764
2271	NA	3.3680444
2273	NA	4.9700513
2276	NA	4.9999995
2278	NA	4.0745287
2279	NA	4.341589
2280	NA	4.0745673
2283	NA	4.9199395
2285	NA	4.9775934
2290	NA	4.7641354
2292	NA	4.9312134
2293	NA	4.780856
2294	NA	4.781323
2295	NA	4.780066
2296	NA	4.7805343
2298	NA	4.930283
2300	NA	4.327367
2301	NA	4.6991596
2306	NA	4.494684
2312	NA	4.982564
2313	NA	4.999174
2320	NA	4.554219
2321	NA	4.8422356
2323	NA	4.9991064
2324	NA	4.7836995
2325	NA	2.9163067
2326	NA	4.6025496
2328	NA	2.9163067
2331	NA	4.999999
2335	NA	4.9684234
2336	NA	4.931112
2337	NA	4.988556
2342	NA	4.9407
2343	NA	4.705854
2345	NA	4.789128
2346	NA	4.9972873
2347	NA	4.9806705
2349	NA	4.9999986
2353	NA	3.5757117
2354	NA	3.275178
2355	NA	4.084588
2356	NA	3.5570703
2357	NA	4.969235
2361	NA	4.9528027
2367	NA	4.7131495
2370	NA	4.9734387
2371	NA	4.966006
2372	NA	4.975864
2373	NA	4.9643507
2376	NA	4.994856
2378	NA	4.9971304
2379	NA	4.9714947
2380	NA	4.926672
2382	NA	4.984542
2384	NA	4.97351
2387	NA	5.0
2389	NA	4.9999976
2390	NA	4.9994698
2393	NA	4.9837594
2394	NA	4.9838357
2395	NA	4.306995
2396	NA	4.9838376
2398	NA	3.5307221
2399	NA	4.999996
2403	NA	4.623249
2406	NA	4.947639
2408	NA	4.992802
2411	NA	4.7406874
2412	NA	4.821613
2416	NA	4.554696
2417	NA	4.9999943
2418	NA	5.0
2419	NA	4.9985905
2420	NA	3.996971
2421	NA	4.032336
2424	NA	3.9972167
2425	NA	3.996971
2427	NA	4.9996476
2428	NA	4.4885564
2432	NA	4.628363
2433	NA	4.61853
2434	NA	4.627173
2435	NA	4.992763
2437	NA	4.9970603
2439	NA	4.9792795
2442	NA	4.957672
2443	NA	4.518756
2444	NA	4.969315
2446	NA	4.9273577
2448	NA	4.9020514
2449	NA	4.996233
2451	NA	4.860543
2452	NA	4.9935746
2453	NA	4.7633815
2454	NA	4.794925
2460	NA	4.783641
2461	NA	4.8577576
2462	NA	4.9963355
2463	NA	4.9919157
2464	NA	4.802683
2468	NA	3.361587
2469	NA	5.0
2470	NA	4.9817286
2471	NA	4.999983
2473	NA	4.1208057
2475	NA	4.1201086
2477	NA	5.0
2478	NA	4.999957
2479	NA	4.991292
2480	NA	4.99876
2481	NA	4.821968
2482	NA	4.802229
2483	NA	4.781899
2484	NA	4.781021
2487	NA	4.999999
2489	NA	4.999983
2490	NA	4.9999986
2492	NA	2.8020144
2493	NA	4.9999795
2498	NA	2.7725592
2501	NA	3.9796994
2502	NA	4.945817
2503	NA	4.945669
2504	NA	4.955185
2507	NA	4.9275284
2511	NA	4.3888264
2512	NA	4.427795
2513	NA	4.3908243
2516	NA	4.3908386
2517	NA	4.497448
2519	NA	4.998864
2520	NA	4.994421
2522	NA	4.585532
2523	NA	4.5781083
2524	NA	4.4476285
2526	NA	4.9058084
2528	NA	5.0
2531	NA	4.962511
2532	NA	4.9867635
2533	NA	4.608437
2534	NA	4.7196712
2536	NA	4.719649
2537	NA	4.9999986
2541	NA	4.628448
2542	NA	4.4398804
2546	NA	4.9577746
2547	NA	4.917831
2548	NA	4.978931
2550	NA	4.804326
2552	NA	4.511943
2556	NA	4.9999876
2558	NA	4.9999876
2559	NA	4.7133384
2560	NA	4.714895
2562	NA	4.7148767
2563	NA	4.714334
2564	NA	5.0
2565	NA	4.998154
2567	NA	4.998263
2568	NA	4.7408013
2570	NA	2.693496
2571	NA	2.7043705
2573	NA	4.0704813
2575	NA	4.991281
2576	NA	4.9987593
2580	NA	4.581295
2581	NA	4.7815247
2584	NA	4.999999
2585	NA	4.5135994
2586	NA	4.9815617
2587	NA	4.370116
2595	NA	5.0
2598	NA	4.939653
2600	NA	4.9354973
2603	NA	4.9931226
2605	NA	4.9987464
2607	NA	4.991319
2609	NA	5.0
2610	NA	4.9839478
2611	NA	4.993146
2612	NA	5.0
2613	NA	5.0
2614	NA	4.598932
2616	NA	4.999984
2617	NA	4.602204
2618	NA	4.606163
2620	NA	3.7478244
2621	NA	4.6038723
2624	NA	4.954252
2629	NA	4.848705
2631	NA	4.9999995
2633	NA	3.3388302
2635	NA	4.4561043
2639	NA	4.8744855
2641	NA	3.7094543
2642	NA	4.5698185
2644	NA	4.9999995
2645	NA	4.931112
2646	NA	4.601672
2647	NA	4.9981537
2648	NA	4.9132605
2649	NA	4.7446685
2652	NA	4.716512
2653	NA	5.0
2658	NA	4.9966865
2659	NA	4.9774213
2661	NA	4.9966474
2663	NA	4.996675
2665	NA	4.9239206
2667	NA	4.350103
2669	NA	4.5815115
2671	NA	4.327265
2674	NA	4.767704
2676	NA	4.9996037
2677	NA	4.6903954
2681	NA	4.923382
2683	NA	4.889381
2685	NA	4.939706
2686	NA	4.205455
2690	NA	4.7506785
2693	NA	4.8125186
2694	NA	4.781988
2695	NA	5.0
2697	NA	4.7148085
2698	NA	4.786184
2699	NA	4.986901
2700	NA	4.983331
2706	NA	4.5553956
2717	NA	4.353499
2719	NA	4.2045393
2723	NA	4.99581
2725	NA	4.9638433
2727	NA	4.8379927
2729	NA	4.876471
2732	NA	4.8376155
2733	NA	4.977766
2736	NA	4.9982896
2737	NA	4.7883506
2740	NA	4.620221
2742	NA	4.9885545
2743	NA	4.9755325
2745	NA	4.98106
2746	NA	4.9926744
2747	NA	4.9812593
2749	NA	4.9752817
2750	NA	4.999997
2753	NA	4.9988756
2759	NA	4.706901
2760	NA	5.0
2762	NA	4.8714137
2767	NA	4.945264
2769	NA	4.9958277
2771	NA	4.999402
2773	NA	4.1290717
2780	NA	4.99575
2781	NA	4.9921675
2782	NA	4.9963074
2785	NA	4.9979286
2786	NA	4.999035
2790	NA	4.9317355
2793	NA	4.6029
2794	NA	4.5137057
2796	NA	4.6866865
2798	NA	5.0
2801	NA	4.998278
2804	NA	4.7358713
2805	NA	4.731866
2806	NA	4.735879
2808	NA	4.9997683
2810	NA	4.999549
2814	NA	4.628556
2816	NA	5.0
2819	NA	5.0
2820	NA	4.648297
2823	NA	4.912028
2824	NA	4.731729
2825	NA	4.7714486
2826	NA	4.9119744
2830	NA	4.998334
2831	NA	4.9991126
2832	NA	4.9987903
2833	NA	4.989609
2834	NA	4.996386
2835	NA	4.999137
2836	NA	4.999997
2840	NA	4.518436
2841	NA	4.9999576
2843	NA	4.6671853
2846	NA	4.371019
2847	NA	5.0
2848	NA	4.9981446
2849	NA	4.5738406
2852	NA	3.3447084
2855	NA	4.998168
2858	NA	2.6564496
2859	NA	2.4127321
2866	NA	4.958515
2869	NA	4.6448884
2871	NA	5.0
2872	NA	4.9999666
2873	NA	4.931377
2876	NA	4.857168
2877	NA	4.8020554
2878	NA	4.7799015
2880	NA	4.7816978
2882	NA	4.99993
2884	NA	4.999469
2885	NA	4.6867886
2887	NA	4.6481266
2888	NA	4.6446114
2889	NA	4.6481543
2892	NA	4.9891233
2893	NA	4.963221
2895	NA	4.9632397
2897	NA	5.0
2901	NA	4.979588
2902	NA	4.9847364
2904	NA	4.9832597
2906	NA	4.984369
2912	NA	4.9103003
2914	NA	4.6859455
2921	NA	4.9999986
2922	NA	4.999401
2923	NA	4.7111645
2925	NA	4.9999995
2928	NA	5.0
2929	NA	4.998748
2931	NA	4.685247
2934	NA	4.659365
2940	NA	4.9869113
2942	NA	4.9359927
2944	NA	4.7197747
2946	NA	4.9074764
2947	NA	4.993035
2948	NA	4.5137067
2949	NA	3.4365616
2950	NA	4.999605
2953	NA	4.560667
2954	NA	4.5238504
2962	NA	4.671614
2963	NA	4.8488693
2973	NA	4.99971
2975	NA	4.6279087
2978	NA	5.0
2979	NA	2.4764218
2982	NA	2.4242966
2985	NA	2.6512737
2986	NA	4.7798486
2987	NA	4.931152
2990	NA	4.816073
2991	NA	4.8226933
2993	NA	4.823658
2999	NA	4.937931
3000	NA	4.3657346
3001	NA	4.979567
3003	NA	4.966111
3004	NA	4.8600745
3006	NA	5.0
3008	NA	4.901978
3009	NA	4.390873
3011	NA	4.752769
3012	NA	4.825039
3013	NA	4.188815
3017	NA	4.999995
3020	NA	4.8260903
3021	NA	4.949842
3023	NA	4.8260746
3025	NA	4.8917403
3026	NA	4.078967
3028	NA	4.999908
3029	NA	4.86898
3030	NA	4.011016
3032	NA	4.0803585
3034	NA	4.998854
3035	NA	4.5851254
3037	NA	4.5859604
3040	NA	4.9988294
3044	NA	4.9376254
3045	NA	4.999948
3048	NA	4.999964
3051	NA	4.777016
3052	NA	4.9274683
3053	NA	4.9717784
3055	NA	4.971937
3056	NA	4.804763
3057	NA	4.777066
3058	NA	4.9272857
3060	NA	5.0
3063	NA	4.999999
3064	NA	4.9995685
3066	NA	4.805067
3067	NA	4.793815
3070	NA	4.793815
3074	NA	5.0
3075	NA	4.680317
3076	NA	4.702993
3077	NA	4.641064
3078	NA	4.7616253
3080	NA	4.941942
3082	NA	5.0
3083	NA	4.998138
3084	NA	4.5723634
3086	NA	4.3910956
3087	NA	4.5725117
3088	NA	4.5723767
3089	NA	5.0
3090	NA	4.1630974
3093	NA	4.3980207
3095	NA	2.9459376
3096	NA	2.84673
3099	NA	4.993678
3101	NA	4.972275
3103	NA	4.9791107
3104	NA	4.9108624
3106	NA	4.9814687
3108	NA	4.985101
3109	NA	2.8916361
3112	NA	5.0
3113	NA	4.613513
3115	NA	2.687254
3116	NA	3.6506505
3117	NA	4.613696
3118	NA	5.0
3119	NA	4.883142
3120	NA	4.9848704
3124	NA	4.973443
3125	NA	4.833996
3127	NA	4.5730724
3128	NA	4.9999986
3131	NA	4.8403974
3133	NA	4.334996
3135	NA	4.8404045
3136	NA	4.7730894
3137	NA	4.9913177
3138	NA	5.0
3139	NA	4.877628
3141	NA	4.883879
3142	NA	4.3963475
3144	NA	4.5126686
3145	NA	4.60906
3146	NA	4.60906
3147	NA	5.0
3148	NA	4.780901
3149	NA	4.9994264
3151	NA	4.979039
3152	NA	4.807466
3154	NA	4.71128
3155	NA	4.9785028
3159	NA	4.999762
3160	NA	4.6432576
3163	NA	4.9999943
3167	NA	4.964244
3168	NA	4.9999065
3169	NA	4.940461
3171	NA	4.9934726
3172	NA	4.982576
3173	NA	4.8828073
3175	NA	4.967201
3176	NA	5.0
3177	NA	5.0
3178	NA	5.0
3179	NA	4.9995766
3180	NA	4.9665456
3183	NA	4.9664817
3184	NA	4.9665446
3185	NA	4.78147
3189	NA	4.999939
3190	NA	4.9999313
3191	NA	4.7820535
3193	NA	4.9999323
3194	NA	4.6500583
3195	NA	4.9697843
3196	NA	4.9999976
3197	NA	4.99914
3198	NA	4.8382154
3199	NA	4.852271
3204	NA	4.9999046
3205	NA	4.71372
3206	NA	4.9509025
3207	NA	4.595236
3209	NA	4.332952
3210	NA	4.0709405
3211	NA	4.056688
3212	NA	4.2685146
3215	NA	4.9988523
3216	NA	4.7650757
3219	NA	4.684173
3220	NA	4.7630467
3225	NA	4.0709314
3226	NA	4.9651136
3229	NA	4.999885
3231	NA	4.9834785
3233	NA	4.99524
3234	NA	3.952887
3235	NA	3.8111863
3236	NA	3.9105384
3237	NA	3.7040398
3239	NA	4.529825
3240	NA	4.5504904
3241	NA	5.0
3244	NA	4.710923
3245	NA	4.0266695
3246	NA	4.0492887
3247	NA	4.8659115
3249	NA	4.999999
3251	NA	4.922227
3259	NA	4.689506
3263	NA	4.983748
3266	NA	4.992172
3267	NA	4.920352
3268	NA	4.990252
3269	NA	4.9994764
3270	NA	4.7237945
3276	NA	4.3829274
3279	NA	4.9561987
3282	NA	4.482713
3284	NA	4.975872
3289	NA	4.9998746
3290	NA	4.9153595
3293	NA	4.9855757
3295	NA	4.957456
3296	NA	4.950192
3297	NA	4.983704
3300	NA	4.9771385
3301	NA	4.980025
3302	NA	4.964973
3305	NA	4.9771366
3306	NA	5.0
3307	NA	4.990671
3308	NA	4.9867735
3309	NA	4.999155
3310	NA	4.8621426
3312	NA	4.918108
3315	NA	4.9348187
3317	NA	4.536045
3318	NA	4.998748
3320	NA	4.5954285
3323	NA	4.608291
3326	NA	4.9878674
3328	NA	4.5724816
3331	NA	4.998276
3333	NA	4.9917903
3334	NA	4.999975
3335	NA	4.999974
3337	NA	4.914883
3341	NA	4.9274406
3343	NA	4.97772
3348	NA	4.5138426
3350	NA	3.4165893
3352	NA	4.4890337
3354	NA	4.475602
3355	NA	5.0
3360	NA	4.999948
3365	NA	4.9311166
3377	NA	4.9987464
3379	NA	4.80086
3380	NA	4.6906686
3381	NA	4.5807424
3383	NA	4.7802935
3387	NA	4.9981337
3388	NA	3.4802098
3390	NA	4.436066
3391	NA	3.6113284
3392	NA	4.6113753
3393	NA	4.999974
3394	NA	4.9999714
3399	NA	4.110272
3401	NA	4.112186
3402	NA	4.9999995
3403	NA	5.0
3404	NA	4.968799
3406	NA	4.9693613
3408	NA	4.9999657
3409	NA	4.9999666
3410	NA	4.999966
3415	NA	5.0
3417	NA	4.9999323
3419	NA	4.999932
3421	NA	4.9999313
3423	NA	4.9313335
3430	NA	4.931254
3431	NA	4.9599366
3434	NA	4.930644
3439	NA	4.9952803
3441	NA	4.966602
3442	NA	4.999998
3445	NA	4.324763
3446	NA	4.8411155
3447	NA	4.403796
3449	NA	3.2810364
3450	NA	3.1289396
3455	NA	4.7774935
3456	NA	4.8021884
3457	NA	3.5511713
3458	NA	4.5822186
3463	NA	4.999957
3464	NA	4.999987
3466	NA	4.9688406
3469	NA	4.999911
3470	NA	4.999903
3473	NA	4.3488774
3474	NA	4.57477
3475	NA	4.392959
3476	NA	4.349152
3477	NA	4.9999046
3478	NA	4.9998965
3481	NA	4.9959693
3482	NA	4.9548893
3483	NA	5.0
3489	NA	4.9289985
3490	NA	4.958457
3493	NA	4.64863
3497	NA	5.0
3498	NA	4.9999986
3499	NA	4.9786906
3502	NA	4.9312177
3506	NA	4.98774
3509	NA	4.5943747
3513	NA	4.572539
3515	NA	5.0
3519	NA	4.9999776
3520	NA	3.3489766
3521	NA	4.5760508
3522	NA	4.5719786
3523	NA	4.3895483
3524	NA	4.7635527
3525	NA	4.998861
3526	NA	4.9957495
3527	NA	4.9775586
3531	NA	3.5064251
3532	NA	4.6800857
3535	NA	4.9945135
3540	NA	4.9999967
3545	NA	4.999635
3550	NA	4.5742364
3551	NA	4.999644
3553	NA	5.0
3555	NA	4.8686485
3557	NA	4.3849335
3558	NA	4.868561
3559	NA	4.6265397
3560	NA	4.3850474
3562	NA	4.81609
3563	NA	4.9999976
3564	NA	4.9910707
3570	NA	4.401507
3573	NA	4.787212
3575	NA	4.6488423
3578	NA	4.987256
3581	NA	4.9836836
3583	NA	4.7818336
3585	NA	4.993137
3587	NA	4.9999967
3588	NA	4.9999976
3590	NA	4.9925756
3591	NA	4.9931417
3593	NA	4.999911
3594	NA	4.999992
3595	NA	2.588035
3596	NA	4.9981585
3597	NA	4.5683107
3599	NA	4.610421
3600	NA	4.99969
3601	NA	4.5714025
3604	NA	4.969177
3605	NA	4.7814393
3606	NA	5.0
3608	NA	4.9982166
3609	NA	4.9998517
3610	NA	4.93544
3612	NA	4.9658065
3613	NA	4.783429
3615	NA	2.7758465
3616	NA	4.9889545
3617	NA	4.999676
3619	NA	4.4980693
3621	NA	2.6557312
3622	NA	4.477359
3628	NA	4.9999104
3631	NA	4.448051
3632	NA	4.453904
3634	NA	4.453907
3636	NA	4.931211
3637	NA	4.9913945
3641	NA	4.7777004
3642	NA	4.5773416
3644	NA	4.8580623
3645	NA	4.999899
3648	NA	4.999709
3652	NA	4.354317
3654	NA	4.644816
3655	NA	4.643637
3656	NA	4.643637
3659	NA	4.7491646
3660	NA	4.5136695
3662	NA	4.7821717
3663	NA	4.9198966
3664	NA	4.9134226
3665	NA	4.848676
3667	NA	5.0
3671	NA	4.872684
3674	NA	4.87274
3675	NA	4.8726926
3676	NA	4.872747
3677	NA	4.997579
3678	NA	4.3933115
3679	NA	4.997539
3681	NA	4.999971
3683	NA	4.976655
3688	NA	4.983732
3698	NA	5.0
3700	NA	4.9420896
3704	NA	4.390102
3706	NA	4.9420896
3714	NA	4.9999995
3715	NA	4.950886
3716	NA	5.0
3717	NA	4.9311814
3722	NA	4.9981465
3723	NA	4.5518665
3724	NA	4.6370726
3726	NA	3.7476614
3729	NA	4.3559456
3730	NA	4.8737173
3731	NA	4.91569
3732	NA	4.599169
3734	NA	4.3759947
3735	NA	3.0102181
3738	NA	4.777879
3741	NA	4.781564
3744	NA	4.9311485
3745	NA	4.9702506
3749	NA	4.9999337
3754	NA	4.7320633
3757	NA	4.8497167
3760	NA	4.9961267
3763	NA	4.9947534
3764	NA	4.999546
3768	NA	4.986938
3769	NA	4.753764
3771	NA	4.999132
3772	NA	4.566546
3773	NA	4.5833845
3775	NA	4.829053
3778	NA	4.685617
3782	NA	4.965551
3786	NA	4.752957
3787	NA	4.8396516
3791	NA	5.0
3792	NA	4.9843
3793	NA	4.977283
3794	NA	4.7056217
3796	NA	4.9732933
3798	NA	4.7855124
3802	NA	4.969908
3806	NA	4.9134936
3808	NA	4.8768935
3810	NA	4.974916
3811	NA	4.876924
3813	NA	4.9311137
3815	NA	4.994285
3816	NA	4.9842234
3817	NA	4.86788
3818	NA	4.7331142
3819	NA	4.688316
3822	NA	4.8444247
3824	NA	4.340745
3829	NA	4.9409394
3830	NA	4.0526342
3832	NA	4.9693193
3833	NA	4.9311614
3835	NA	4.999188
3837	NA	4.8483377
3841	NA	4.669828
3842	NA	4.84828
3843	NA	5.0
3848	NA	4.714646
3849	NA	3.9744253
3850	NA	4.9417057
3851	NA	4.9742246
3854	NA	5.0
3858	NA	4.9561296
3859	NA	4.694741
3863	NA	4.4010854
3865	NA	4.999997
3867	NA	4.7681785
3875	NA	4.7276187
3876	NA	5.0
3877	NA	4.6942563
3878	NA	4.9796042
3879	NA	4.992552
3881	NA	4.725155
3888	NA	4.999999
3889	NA	4.9999995
3890	NA	4.999999
3891	NA	4.9996467
3894	NA	4.572938
3896	NA	4.999992
3900	NA	4.5694747
3902	NA	4.9997635
3906	NA	4.968198
3907	NA	4.9832077
3911	NA	4.983208
3913	NA	4.9173274
3916	NA	2.891487
3918	NA	4.701223
3919	NA	2.2336292
3923	NA	5.0
3925	NA	4.950471
3926	NA	4.986025
3927	NA	4.8457837
3928	NA	4.6467357
3931	NA	4.8606324
3932	NA	4.8506074
3933	NA	4.8506074
3937	NA	4.9857135
3944	NA	4.999027
3945	NA	4.9998207
3946	NA	4.5194993
3950	NA	4.086748
3952	NA	4.9471555
3953	NA	4.80118
3954	NA	4.9129915
3959	NA	4.819204
3960	NA	4.9983654
3962	NA	4.9510303
3963	NA	4.935408
3964	NA	5.0
3965	NA	4.7071576
3966	NA	4.9495797
3967	NA	4.5993686
3968	NA	3.623942
3969	NA	4.3768783
3971	NA	4.054004
3974	NA	4.9988837
3975	NA	4.9989185
3977	NA	4.9988565
3978	NA	4.9999847
3979	NA	4.4203525
3981	NA	4.7805634
3983	NA	4.9684243
3988	NA	5.0
3991	NA	4.931251
3997	NA	4.7958264
4000	NA	4.882009
4003	NA	4.9266443
4005	NA	4.8012295
4008	NA	4.999491
4009	NA	4.9997883
4010	NA	4.933559
4016	NA	4.999975
4018	NA	4.983192
4019	NA	4.9826255
4022	NA	4.9761276
4023	NA	4.9836655
4024	NA	4.9833636
4025	NA	4.9379954
4026	NA	4.9999986
4027	NA	4.291476
4029	NA	4.8013496
4030	NA	4.2795215
4032	NA	4.807184
4035	NA	4.999895
4039	NA	5.0
4042	NA	4.758536
4044	NA	4.85536
4048	NA	4.992546
4051	NA	4.682932
4052	NA	4.6779175
4053	NA	4.686912
4055	NA	4.992548
4057	NA	4.992546
4059	NA	4.9921627
4064	NA	4.7674174
4070	NA	4.379331
4073	NA	4.494965
4075	NA	5.0
4077	NA	4.9987583
4078	NA	4.7722926
4080	NA	4.801731
4081	NA	4.998931
4082	NA	4.691817
4089	NA	4.9981484
4091	NA	4.7170243
4092	NA	4.74529
4093	NA	4.941466
4095	NA	4.526645
4096	NA	3.9712346
4097	NA	4.717019
4098	NA	4.573711
4099	NA	4.9999704
4101	NA	4.497642
4103	NA	4.2146087
4104	NA	4.9999995
4106	NA	4.5741277
4107	NA	4.9493613
4110	NA	4.9313636
4111	NA	4.973696
4116	NA	4.879222
4121	NA	4.509772
4122	NA	4.529909
4124	NA	4.101349
4128	NA	4.916379
4129	NA	4.9999833
4130	NA	4.9999995
4131	NA	4.9999824
4138	NA	4.999994
4139	NA	4.983228
4143	NA	4.8691635
4144	NA	4.963245
4150	NA	4.9845996
4151	NA	4.994503
4153	NA	4.9945602
4158	NA	4.8217273
4159	NA	4.739996
4160	NA	4.6894746
4161	NA	4.5811853
4166	NA	4.9999948
4167	NA	4.999856
4169	NA	4.999858
4170	NA	4.9998546
4171	NA	4.999858
4172	NA	4.9999995
4175	NA	4.597992
4177	NA	4.349512
4180	NA	4.9650025
4182	NA	4.9313407
4184	NA	4.9200015
4186	NA	4.976929
4188	NA	4.9771085
4189	NA	4.9771476
4190	NA	4.9690056
4192	NA	4.9416413
4198	NA	4.9417005
4200	NA	4.9999995
4201	NA	4.998008
4203	NA	4.999993
4204	NA	4.9423547
4206	NA	3.9530265
4208	NA	4.614001
4210	NA	4.96843
4211	NA	4.9311085
4215	NA	4.4756236
4217	NA	4.5714474
4218	NA	4.475848
4222	NA	5.0
4224	NA	4.6464996
4225	NA	4.644398
4226	NA	3.5088258
4227	NA	4.6465573
4229	NA	4.9998546
4230	NA	4.998643
4233	NA	4.999847
4234	NA	4.6767097
4237	NA	4.9687448
4240	NA	4.6160293
4241	NA	4.861466
4243	NA	4.9801416
4245	NA	4.9644065
4249	NA	4.857683
4250	NA	5.0
4255	NA	4.580059
4256	NA	4.8327518
4258	NA	4.999988
4261	NA	4.999999
4262	NA	4.9974337
4263	NA	4.9995265
4264	NA	4.997767
4268	NA	4.9999995
4270	NA	4.999314
4271	NA	4.994603
4273	NA	4.9320583
4276	NA	4.997038
4278	NA	4.9528327
4281	NA	2.60677
4285	NA	4.624368
4286	NA	5.0
4292	NA	4.591962
4293	NA	4.626248
4294	NA	4.9997683
4296	NA	4.923848
4297	NA	4.628235
4298	NA	4.387528
4300	NA	4.614251
4302	NA	4.9415956
4303	NA	4.3937063
4309	NA	3.9924512
4310	NA	4.9391356
4311	NA	4.9999995
4313	NA	4.9999995
4314	NA	4.999933
4317	NA	4.999937
4319	NA	4.9999304
4324	NA	4.998155
4326	NA	4.5748334
4327	NA	4.609509
4331	NA	4.7162952
4332	NA	4.5748196
4333	NA	4.999994
4334	NA	4.999936
4337	NA	4.993565
4343	NA	4.931355
4345	NA	3.530155
4352	NA	4.3639717
4353	NA	4.9999804
4355	NA	4.999978
4356	NA	4.9889917
4358	NA	4.3634605
4362	NA	4.0368586
4366	NA	4.921759
4367	NA	4.942061
4368	NA	4.986208
4372	NA	4.9954176
4373	NA	4.9412937
4374	NA	3.5357969
4375	NA	4.8219666
4380	NA	4.968961
4383	NA	4.9312916
4384	NA	4.781448
4389	NA	4.968452
4391	NA	4.8428183
4397	NA	4.855146
4399	NA	4.9312468
4400	NA	4.9913616
4402	NA	4.8212643
4403	NA	4.8019233
4404	NA	4.690918
4405	NA	4.5810757
4406	NA	4.781567
4409	NA	4.999989
4413	NA	4.625356
4415	NA	4.6260366
4416	NA	4.992994
4419	NA	4.9982486
4420	NA	4.9911904
4421	NA	4.99646
4422	NA	4.9907045
4423	NA	4.9843655
4424	NA	4.997473
4425	NA	4.990379
4427	NA	4.994569
4428	NA	4.823423
4430	NA	3.8654113
4433	NA	4.0351086
4434	NA	4.659124
4435	NA	4.993139
4436	NA	4.999998
4437	NA	4.5399833
4438	NA	4.428841
4441	NA	4.425077
4444	NA	4.920582
4448	NA	4.5840254
4449	NA	4.5570636
4450	NA	4.1932306
4451	NA	4.556187
4452	NA	4.999998
4453	NA	4.9281764
4455	NA	4.9994946
4456	NA	4.355134
4459	NA	3.9578905
4460	NA	4.348623
4461	NA	4.9999943
4462	NA	4.9931016
4463	NA	4.9499755
4465	NA	4.3529186
4466	NA	4.5368304
4467	NA	4.5367846
4470	NA	4.9999995
4474	NA	4.6888943
4475	NA	4.711305
4476	NA	4.7107043
4478	NA	4.710875
4479	NA	4.983637
4480	NA	4.9994683
4482	NA	4.999475
4483	NA	4.994715
4484	NA	4.999008
4485	NA	4.985297
4488	NA	5.0
4489	NA	4.4188776
4491	NA	4.9923186
4493	NA	4.9923153
4494	NA	5.0
4495	NA	4.4189343
4496	NA	5.0
4499	NA	4.9962516
4500	NA	4.999468
4502	NA	4.9817553
4504	NA	4.9874396
4506	NA	4.9841714
4508	NA	4.969334
4510	NA	4.999167
4512	NA	4.2208624
4518	NA	4.931351
4521	NA	4.9684806
4527	NA	4.931136
4528	NA	4.965108
4530	NA	4.9654465
4531	NA	4.931631
4532	NA	4.9999976
4533	NA	4.9306493
4535	NA	4.962992
4536	NA	4.9988685
4537	NA	5.0
4538	NA	4.9283605
4539	NA	4.1000576
4542	NA	4.1210656
4543	NA	4.1002216
4547	NA	4.9309564
4548	NA	4.9707236
4550	NA	4.967189
4552	NA	4.9999332
4554	NA	5.0
4555	NA	4.9968615
4557	NA	4.884715
4560	NA	4.8826656
4561	NA	4.8826504
4563	NA	4.6375656
4566	NA	2.603095
4568	NA	2.4415262
4571	NA	5.0
4572	NA	4.608864
4575	NA	2.4258661
4576	NA	2.5930378
4577	NA	2.42564
4578	NA	2.5472546
4582	NA	4.862569
4584	NA	4.862569
4586	NA	4.968699
4587	NA	4.9953322
4589	NA	4.999552
4591	NA	4.907071
4592	NA	4.9902353
4593	NA	4.8958025
4594	NA	4.990114
4598	NA	4.968845
4599	NA	4.9313536
4600	NA	4.953906
4602	NA	4.978902
4603	NA	4.693352
4604	NA	4.9612575
4607	NA	4.9693723
4608	NA	4.931136
4609	NA	4.9999924
4613	NA	4.9693723
4618	NA	5.0
4620	NA	4.33407
4621	NA	4.3494644
4622	NA	4.336543
4623	NA	3.1242828
4624	NA	4.334188
4625	NA	4.968748
4627	NA	5.0
4628	NA	4.9987707
4629	NA	4.769615
4631	NA	4.75729
4639	NA	4.9310665
4640	NA	4.968927
4641	NA	4.9315567
4642	NA	4.999999
4645	NA	4.9999924
4647	NA	4.999992
4649	NA	5.0
4654	NA	4.9999995
4655	NA	4.981328
4657	NA	4.9701543
4658	NA	4.580029
4667	NA	4.96485
4670	NA	5.0
4672	NA	4.9844055
4675	NA	4.9994082
4676	NA	4.999432
4677	NA	4.999437
4678	NA	4.9994373
4682	NA	4.9910045
4684	NA	4.98901
4690	NA	4.9635468
4691	NA	4.999959
4692	NA	4.999895
4693	NA	4.9998975
4694	NA	4.0134163
4695	NA	4.013476
4698	NA	4.020061
4703	NA	4.9943266
4704	NA	4.994299
4705	NA	4.999997
4706	NA	4.99946
4708	NA	4.9911375
4709	NA	4.9516025
4714	NA	4.7885714
4715	NA	4.6559906
4719	NA	5.0
4721	NA	4.3745346
4722	NA	4.945145
4723	NA	3.9927592
4726	NA	4.945073
4727	NA	4.945073
4730	NA	4.999999
4732	NA	4.9999995
4733	NA	4.969996
4736	NA	4.999999
4737	NA	4.077278
4738	NA	4.9985247
4739	NA	5.0
4741	NA	4.781663
4744	NA	3.9341776
4747	NA	4.1271544
4748	NA	4.994257
4749	NA	4.99598
4750	NA	4.9939313
4751	NA	4.993962
4754	NA	4.9727473
4757	NA	4.999996
4758	NA	5.0
4765	NA	4.8198476
4768	NA	4.9999948
4770	NA	4.7299695
4772	NA	4.7293744
4773	NA	4.5503664
4775	NA	4.97008
4778	NA	4.9999905
4779	NA	4.942766
4781	NA	4.968669
4783	NA	4.9418836
4784	NA	4.9875236
4785	NA	4.99998
4786	NA	4.9906883
4787	NA	4.6667438
4789	NA	4.5423784
4791	NA	4.9699917
4792	NA	4.96958
4801	NA	4.9424043
4804	NA	5.0
4809	NA	4.6499586
4818	NA	4.6017027
4827	NA	4.927349
4828	NA	4.9982247
4829	NA	4.9079223
4830	NA	4.998222
4833	NA	4.9445915
4834	NA	4.416597
4835	NA	5.0
4837	NA	4.9999976
4838	NA	4.9989285
4840	NA	4.4170656
4841	NA	4.999997
4846	NA	4.9751315
4850	NA	4.995956
4854	NA	4.6160293
4856	NA	4.647185
4861	NA	4.9892707
4862	NA	4.999896
4864	NA	4.999904
4865	NA	4.376575
4868	NA	4.9998517
4870	NA	4.3702726
4871	NA	4.8925786
4873	NA	4.8927608
4875	NA	4.9999995
4876	NA	4.3696756
4878	NA	4.9815736
4884	NA	4.981314
4887	NA	4.9999995
4889	NA	4.912352
4890	NA	4.998153
4892	NA	4.6089993
4893	NA	4.5742173
4894	NA	3.3747904
4895	NA	4.574223
4896	NA	4.9692197
4897	NA	4.930979
4899	NA	4.931236
4902	NA	4.9679985
4904	NA	4.999976
4906	NA	4.9889183
4907	NA	4.760416
4908	NA	4.9163136
4909	NA	4.6857653
4910	NA	4.927546
4914	NA	4.968845
4917	NA	4.9426656
4923	NA	4.9999995
4924	NA	4.9964743
4925	NA	4.9999986
4927	NA	4.9773426
4930	NA	4.9771004
4931	NA	4.9773693
4935	NA	5.0
4936	NA	4.9994874
4939	NA	4.906525
4943	NA	3.191202
4945	NA	4.9692507
4952	NA	4.9953046
4955	NA	4.999444
4956	NA	4.8673277
4958	NA	4.9906597
4962	NA	4.8193116
4969	NA	4.8150682
4972	NA	5.0
4973	NA	4.9700727
4976	NA	4.637131
4979	NA	4.647213
4980	NA	4.6344676
4984	NA	4.9999113
4986	NA	4.9457026
4987	NA	4.817342
4988	NA	3.9848125
4993	NA	4.995358
4994	NA	4.980171
4995	NA	4.968924
4999	NA	4.727993
5001	NA	5.0
5004	NA	4.9639716
5006	NA	4.9936743
5008	NA	4.999999
5009	NA	4.6094904
5013	NA	4.604773
5016	NA	4.9998655
5019	NA	4.9999332
5020	NA	4.996518
5021	NA	4.9994984
5028	NA	4.9999995
5029	NA	4.9994974
5034	NA	4.9906807
5035	NA	4.997315
5036	NA	4.999999
5038	NA	5.0
5041	NA	4.9478765
5042	NA	4.598932
5043	NA	4.9617596
5044	NA	4.6613297
5054	NA	4.8649416
5055	NA	4.947922
5057	NA	4.968694
5059	NA	5.0
5061	NA	4.9999995
5062	NA	4.93147
5063	NA	4.96855
5065	NA	4.9999995
5066	NA	4.991292
5067	NA	4.99876
5068	NA	5.0
5069	NA	4.927871
5070	NA	4.4284716
5071	NA	4.031942
5075	NA	4.9912853
5076	NA	4.9931383
5077	NA	4.9912095
5084	NA	4.999961
5087	NA	4.9950924
5088	NA	4.9808598
5090	NA	4.981449
5093	NA	4.9999986
5094	NA	4.920404
5095	NA	4.048923
5098	NA	4.294597
5099	NA	4.2955847
5101	NA	4.294412
5103	NA	4.9999995
5104	NA	4.9999995
5106	NA	4.948031
5108	NA	4.8310056
5111	NA	4.997329
5112	NA	4.994764
5118	NA	2.6999872
5120	NA	4.9685335
5122	NA	4.968817
5126	NA	4.967562
5128	NA	4.9999814
5129	NA	5.0
5130	NA	4.9171586
5131	NA	4.999435
5138	NA	4.9999957
5140	NA	4.9999533
5143	NA	4.817672
5144	NA	4.8284435
5146	NA	4.8292217
5150	NA	4.916374
5151	NA	4.3442645
5152	NA	4.6292987
5156	NA	4.9999976
5157	NA	4.9695544
5158	NA	4.966277
5159	NA	4.96648
5162	NA	4.6058125
5164	NA	4.606321
5165	NA	4.999595
5168	NA	4.9994707
5170	NA	4.984852
5172	NA	4.9820533
5173	NA	4.980929
5174	NA	4.943124
5179	NA	4.9905777
5180	NA	4.9373837
5181	NA	4.3550305
5182	NA	4.9980106
5183	NA	4.9637566
5184	NA	5.0
5185	NA	5.0
5188	NA	4.138894
5190	NA	4.086557
5192	NA	4.9999804
5193	NA	4.363248
5194	NA	4.9476986
5196	NA	4.9999394
5200	NA	4.9488745
5202	NA	4.695507
5205	NA	4.4051657
5207	NA	3.6753135
5209	NA	3.7157543
5210	NA	5.0
5211	NA	4.931323
5213	NA	4.997855
5214	NA	4.744516
5217	NA	4.3486285
5218	NA	4.6054077
5221	NA	4.363891
5222	NA	4.9999995
5224	NA	4.9677944
5228	NA	4.9453435
5229	NA	4.9315267
5230	NA	4.9999995
5233	NA	4.918316
5235	NA	4.986056
5237	NA	4.9999743
5240	NA	4.9999986
5241	NA	4.228132
5243	NA	4.230174
5245	NA	4.228
5250	NA	4.4635653
5252	NA	4.5660896
5255	NA	4.9693193
5257	NA	4.9999995
5259	NA	4.648504
5265	NA	4.9988585
5266	NA	4.999999
5268	NA	4.942494
5270	NA	3.5882869
5271	NA	4.9365835
5272	NA	4.942737
5273	NA	4.967194
5274	NA	4.56361
5275	NA	4.947305
5279	NA	4.9999537
5280	NA	4.345176
5281	NA	4.9689384
5283	NA	4.920004
5284	NA	5.0
5285	NA	4.920013
5286	NA	5.0
5287	NA	4.919833
5289	NA	4.920182
5290	NA	4.9999995
5292	NA	4.999865
5293	NA	4.999953
5295	NA	4.9379253
5297	NA	4.732024
5299	NA	4.9355235
5300	NA	4.8952413
5301	NA	4.3898287
5302	NA	4.9914675
5305	NA	4.6479697
5307	NA	3.371552
5308	NA	4.6218543
5309	NA	4.9679217
5312	NA	4.9999905
5315	NA	4.9693513
5316	NA	4.932798
5320	NA	3.4339497
5322	NA	4.7621956
5323	NA	3.9569995
5326	NA	3.8229866
5328	NA	4.999939
5330	NA	4.1394296
5331	NA	4.777694
5332	NA	4.1394296
5336	NA	4.987142
5337	NA	4.9409094
5339	NA	4.9994698
5343	NA	4.70119
5344	NA	4.9047546
5353	NA	4.9996986
5354	NA	4.968443
5355	NA	4.995311
5360	NA	4.5434585
5364	NA	4.931351
5365	NA	5.0
5366	NA	4.9953814
5367	NA	4.999986
5368	NA	4.995456
5371	NA	4.999986
5375	NA	4.991004
5381	NA	4.992578
5382	NA	4.998759
5386	NA	4.9931126
5388	NA	4.9987817
5390	NA	4.999999
5392	NA	4.9999995
5394	NA	4.3171515
5396	NA	4.3172
5400	NA	4.1298456
5402	NA	4.9308496
5403	NA	4.9588604
5408	NA	4.9679947
5410	NA	4.999999
5412	NA	4.7145023
5413	NA	4.7284117
5416	NA	4.714773
5417	NA	4.9999957
5418	NA	4.9999957
5421	NA	4.2740507
5422	NA	4.2608037
5424	NA	3.973702
5425	NA	3.9750617
5428	NA	4.9999967
5430	NA	4.991573
5431	NA	4.993249
5433	NA	4.997819
5438	NA	4.9841475
5441	NA	4.999927
5442	NA	4.999885
5444	NA	4.942328
5445	NA	4.374768
5448	NA	4.9423704
5450	NA	4.942289
5451	NA	4.37488
5452	NA	4.9999995
5453	NA	4.963945
5465	NA	4.3904014
5469	NA	4.5940356
5470	NA	4.61699
5472	NA	4.9978724
5473	NA	4.9679446
5475	NA	4.867664
5479	NA	4.7397366
5481	NA	4.5774403
5482	NA	4.9999943
5484	NA	4.999589
5485	NA	4.999599
5486	NA	4.9995484
5488	NA	4.999554
5490	NA	4.391144
5493	NA	4.8935533
5494	NA	4.9889245
5499	NA	4.999933
5506	NA	4.999999
5508	NA	4.4004273
5509	NA	4.999998
5511	NA	4.621427
5515	NA	4.6204133
5516	NA	4.999992
5517	NA	4.996376
5519	NA	4.999998
5524	NA	4.978875
5527	NA	4.999999
5528	NA	4.989026
5529	NA	4.9999986
5536	NA	5.0
5539	NA	4.9452863
5541	NA	4.9385705
5542	NA	4.9451356
5543	NA	4.999984
5544	NA	4.9925637
5547	NA	4.9799147
5550	NA	4.97272
5551	NA	4.983892
5557	NA	4.7013025
5559	NA	4.701689
5562	NA	4.9311166
5564	NA	4.9999995
5566	NA	4.678083
5567	NA	4.592735
5570	NA	5.0
5571	NA	4.97049
5572	NA	4.9999976
5573	NA	4.9999957
5574	NA	4.540546
5576	NA	4.540846
5577	NA	4.310413
5578	NA	4.5407505
5579	NA	4.954891
5581	NA	4.999999
5583	NA	4.9936385
5585	NA	4.922543
5589	NA	4.9999905
5590	NA	5.0
5592	NA	4.9999876
5594	NA	4.968986
5596	NA	4.999988
5597	NA	4.9999795
5598	NA	4.394793
5599	NA	4.999911
5600	NA	4.3894086
5601	NA	4.999874
5605	NA	4.9999795
5606	NA	4.994922
5611	NA	4.9440293
5616	NA	4.977209
5622	NA	4.7825117
5625	NA	5.0
5626	NA	5.0
5628	NA	4.63359
5629	NA	4.7108426
5630	NA	4.61159
5631	NA	4.633854
5635	NA	4.9999785
5636	NA	4.942367
5638	NA	4.3364725
5639	NA	4.7098856
5644	NA	5.0
5648	NA	4.832481
5649	NA	4.8372364
5650	NA	4.837461
5652	NA	4.9960175
5654	NA	4.995411
5655	NA	4.9855685
5658	NA	4.978143
5660	NA	4.9551306
5661	NA	4.9998703
5662	NA	4.9913826
5665	NA	4.710449
5666	NA	4.521341
5667	NA	4.7091265
5669	NA	4.7636476
5670	NA	4.9999995
5672	NA	4.993942
5673	NA	4.763628
5674	NA	4.7114244
5681	NA	4.3681417
5682	NA	4.9419537
5684	NA	4.9999986
5685	NA	4.9998584
5686	NA	5.0
5688	NA	4.999471
5689	NA	4.9999948
5690	NA	4.5206966
5692	NA	4.258552
5699	NA	4.9768357
5700	NA	4.621683
5702	NA	4.516298
5703	NA	4.3559113
5704	NA	4.62447
5705	NA	4.9999957
5707	NA	4.999997
5708	NA	4.9312987
5709	NA	4.9999957
5711	NA	4.999996
5713	NA	4.9999995
5714	NA	4.99997
5715	NA	4.9925456
5716	NA	4.9999948
5719	NA	4.9999747
5720	NA	4.999975
5721	NA	4.9925723
5723	NA	4.999998
5724	NA	4.9889407
5726	NA	4.9889307
5727	NA	4.9414554
5729	NA	4.999999
5730	NA	4.9889116
5731	NA	4.9999995
5734	NA	5.0
5735	NA	4.9999995
5738	NA	4.9997234
5743	NA	4.999999
5746	NA	4.916625
5748	NA	4.9963565
5754	NA	4.9972773
5757	NA	4.970774
5759	NA	4.9046597
5760	NA	4.9999914
5763	NA	4.999861
5766	NA	4.8900785
5767	NA	4.916782
5769	NA	4.916927
5771	NA	4.9953856
5774	NA	4.96405
5775	NA	4.365669
5778	NA	4.964389
5780	NA	4.9999995
5782	NA	4.9475646
5783	NA	4.8566008
5784	NA	4.6424274
5785	NA	4.8532877
5786	NA	4.8541393
5789	NA	4.9314337
5790	NA	4.969175
5793	NA	4.9999256
5795	NA	4.931275
5796	NA	4.9999995
5798	NA	4.984848
5800	NA	4.930653
5802	NA	4.982479
5803	NA	4.9471555
5804	NA	4.9217496
5805	NA	4.947142
5807	NA	4.999933
5808	NA	4.9999986
5809	NA	4.999998
5814	NA	4.977965
5817	NA	4.9999843
5818	NA	4.93072
5827	NA	4.9954176
5830	NA	4.97074
5831	NA	4.999897
5832	NA	4.999885
5833	NA	4.9999704
5837	NA	4.9718137
5838	NA	4.9343333
5840	NA	4.9276085
5843	NA	4.9999933
5844	NA	4.9999976
5849	NA	4.9999933
5854	NA	4.9999995
5856	NA	4.5328965
5858	NA	4.5339475
5862	NA	4.976099
5863	NA	4.999998
5866	NA	3.568644
5868	NA	3.570495
5869	NA	4.96472
5870	NA	5.0
5871	NA	4.99936
5873	NA	4.266225
5877	NA	4.274643
5878	NA	4.9999304
5880	NA	5.0
5881	NA	4.969692
5884	NA	4.9999876
5888	NA	4.999999
5889	NA	4.5837007
5891	NA	4.9859867
5892	NA	4.744145
5893	NA	4.695096
5896	NA	4.9977565
5897	NA	4.851794
5903	NA	4.8396587
5908	NA	4.999469
5910	NA	4.6472726
5912	NA	4.3718796
5913	NA	4.6286507
5915	NA	4.9999924
5916	NA	4.8926287
5917	NA	4.3685827
5921	NA	4.9436007
5925	NA	4.999988
5926	NA	4.9999824
5927	NA	2.417589
5929	NA	2.4235902
5932	NA	4.962758
5933	NA	4.989315
5934	NA	4.7915444
5935	NA	4.999993
5939	NA	4.966153
5940	NA	4.9397416
5942	NA	4.998964
5945	NA	4.995105
5946	NA	4.430037
5949	NA	4.5157967
5950	NA	4.4585824
5951	NA	4.44428
5953	NA	4.9306374
5954	NA	5.0
5957	NA	4.855576
5958	NA	4.7727213
5959	NA	4.9389386
5961	NA	5.0
5962	NA	4.489869
5963	NA	4.656976
5967	NA	4.7877326
5969	NA	4.9135838
5971	NA	4.712415
5972	NA	5.0
5973	NA	4.9999347
5974	NA	4.9416385
5980	NA	4.9489446
5981	NA	4.8910713
5984	NA	4.999973
5985	NA	4.9665704
5993	NA	4.9143662
5994	NA	5.0
5995	NA	4.991053
5997	NA	4.8361645
5998	NA	4.9962173
5999	NA	4.7923636
6002	NA	4.996696
6003	NA	4.99995
6004	NA	4.996154
6008	NA	4.8503194
6009	NA	4.805894
6010	NA	4.869683
6011	NA	4.897913
6012	NA	4.8280077
6013	NA	4.867014
6016	NA	4.952717
6018	NA	4.9523244
6019	NA	4.963022
6021	NA	4.478912
6023	NA	4.9684157
6024	NA	4.963022
6025	NA	4.9387627
6026	NA	4.9345527
6031	NA	4.7310677
6033	NA	4.7002826
6034	NA	5.0
6036	NA	4.9665694
6039	NA	4.9878917
6040	NA	4.960509
6043	NA	4.9794974
6046	NA	4.9850664
6048	NA	4.9425554
6049	NA	4.874411
6055	NA	4.9997444
6057	NA	4.942189
6058	NA	4.469165
6059	NA	4.1630836
6062	NA	4.470343
6063	NA	4.696742
6064	NA	4.9987745
6066	NA	4.654857
6067	NA	4.7965093
6069	NA	4.6071935
6070	NA	4.484653
6071	NA	4.4595194
6073	NA	3.8160896
6074	NA	4.94431
6076	NA	4.652478
6079	NA	4.545197
6081	NA	4.563751
6087	NA	4.9219503
6089	NA	4.9944634
6090	NA	4.9218135
6091	NA	4.921921
6094	NA	4.977624
6097	NA	4.648959
6100	NA	4.8299866
6102	NA	4.9477267
6107	NA	4.9870615
6110	NA	4.650715
6111	NA	4.963095
6113	NA	4.987064
6114	NA	4.9802656
6115	NA	4.8012924
6116	NA	4.9963894
6118	NA	4.996284
6121	NA	4.8009877
6124	NA	4.9266667
6125	NA	4.862442
6126	NA	4.3031626
6129	NA	4.9882984
6130	NA	4.8612585
6132	NA	4.630487
6134	NA	4.9520297
6138	NA	4.992536
6139	NA	4.763228
6140	NA	4.922316
6141	NA	4.974526
6142	NA	4.9536023
6143	NA	4.8043475
6148	NA	4.792569
6149	NA	4.8571367
6151	NA	4.918331
6156	NA	4.801901
6162	NA	4.8582687
6163	NA	5.0
6165	NA	4.51258
6166	NA	4.526524
6167	NA	4.4617934
6168	NA	4.7700458
6172	NA	4.9879336
6173	NA	4.9914107
6177	NA	4.529115
6181	NA	4.405995
6182	NA	4.523963
6184	NA	4.9999976
6189	NA	4.820989
6190	NA	4.457167
6192	NA	5.0
6196	NA	4.0689173
6201	NA	4.999207
6204	NA	4.9421496
6207	NA	4.5180197
6210	NA	4.675631
6216	NA	4.9937954
6217	NA	4.9725575
6220	NA	4.9938545
6221	NA	4.999983
6222	NA	4.9998956
6223	NA	4.9971156
6226	NA	4.7989736
6227	NA	4.7936215
6229	NA	4.792447
6230	NA	5.0
6235	NA	4.5944023
6237	NA	4.674467
6238	NA	4.593989
6240	NA	4.757246
6244	NA	4.95317
6245	NA	4.5070176
6247	NA	4.3616953
6251	NA	4.341165
6252	NA	4.9952607
6254	NA	3.8046238
6255	NA	4.7522492
6256	NA	4.7621417
6257	NA	4.782385
6260	NA	4.8168983
6261	NA	4.998614
6262	NA	4.9999995
6264	NA	4.951635
6265	NA	4.987279
6268	NA	4.963184
6269	NA	4.599622
6270	NA	5.0
6271	NA	4.6727805
6273	NA	4.9511514
6274	NA	4.9281497
6275	NA	3.9616754
6276	NA	4.828541
6277	NA	4.9952064
6279	NA	4.996581
6281	NA	4.9999995
6282	NA	4.9884453
6283	NA	4.958188
6284	NA	4.9672956
6285	NA	4.9812837
6289	NA	4.994035
6294	NA	4.191345
6296	NA	4.139985
6298	NA	4.9917836
6303	NA	4.7802935
6304	NA	4.7105093
6312	NA	4.6799335
6314	NA	4.9034467
6320	NA	4.795847
6322	NA	4.589242
6323	NA	4.588343
6324	NA	5.0
6325	NA	4.9760985
6328	NA	4.96949
6329	NA	4.7761955
6331	NA	4.6188827
6332	NA	4.498749
6339	NA	4.9964375
6340	NA	4.830082
6341	NA	4.830482
6343	NA	4.950292
6351	NA	4.800472
6352	NA	4.7063975
6354	NA	4.8189945
6355	NA	4.9924
6356	NA	4.999982
6361	NA	4.792336
6364	NA	5.0
6365	NA	5.0
6367	NA	4.9776487
6369	NA	4.66405
6371	NA	4.7589436
6374	NA	4.741152
6376	NA	4.9385605
6378	NA	4.916382
6379	NA	4.7351103
6380	NA	4.968318
6383	NA	4.8828506
6384	NA	4.7065654
6388	NA	4.9904575
6389	NA	4.9995694
6391	NA	4.6712966
6393	NA	3.4907725
6398	NA	5.0
6399	NA	4.818868
6400	NA	4.976177
6401	NA	4.9761577
6403	NA	4.9761925
6406	NA	4.837746
6408	NA	4.9999986
6409	NA	4.3050375
6410	NA	4.303922
6413	NA	3.667449
6414	NA	4.305026
6415	NA	4.968913
6416	NA	4.9306583
6418	NA	4.9965067
6422	NA	4.7934294
6425	NA	4.705678
6427	NA	4.992291
6428	NA	4.9970884
6430	NA	4.99946
6431	NA	4.4245954
6433	NA	4.5053735
6435	NA	4.4231296
6436	NA	4.483098
6437	NA	4.9594607
6438	NA	4.957817
6439	NA	4.991914
6440	NA	4.999998
6441	NA	4.8994575
6442	NA	4.921235
6445	NA	4.921252
6446	NA	4.990224
6449	NA	4.948045
6451	NA	4.982423
6453	NA	4.762135
6455	NA	4.792786
6456	NA	4.775212
6457	NA	4.988773
6459	NA	5.0
6461	NA	4.9379425
6462	NA	4.801654
6464	NA	4.7070785
6465	NA	4.8118787
6466	NA	4.8034263
6472	NA	4.919432
6473	NA	4.923863
6474	NA	4.91929
6475	NA	4.919614
6476	NA	4.9194293
6479	NA	5.0
6481	NA	3.7502608
6483	NA	3.391622
6484	NA	3.4038892
6485	NA	3.750248
6486	NA	4.3956995
6487	NA	4.997444
6490	NA	4.6683035
6492	NA	4.8653836
6493	NA	4.6510105
6494	NA	4.66829
6498	NA	4.999542
6501	NA	4.653768
6502	NA	4.67156
6503	NA	4.645385
6504	NA	4.669254
6505	NA	4.6584034
6507	NA	4.93229
6509	NA	4.9678493
6512	NA	4.754591
6515	NA	4.949443
6516	NA	4.9707856
6518	NA	4.9906597
6519	NA	4.9998755
6520	NA	4.5226173
6522	NA	4.7597857
6523	NA	4.495172
6524	NA	4.8577228
6525	NA	4.6402063
6526	NA	5.0
6528	NA	4.8180103
6530	NA	4.9602256
6533	NA	4.856453
6534	NA	4.9476647
6537	NA	4.9961033
6538	NA	4.994709
6541	NA	4.968735
6542	NA	4.9737425
6547	NA	4.9600854
6551	NA	3.7666094
6553	NA	3.3574834
6556	NA	4.4369597
6560	NA	4.983744
6561	NA	3.8392875
6562	NA	4.4474764
6564	NA	5.0
6570	NA	4.5973763
6571	NA	3.8377311
6573	NA	4.667904
6574	NA	4.646175
6581	NA	4.9887433
6583	NA	4.9838333
6585	NA	4.999629
6586	NA	5.0
6587	NA	3.6915689
6594	NA	4.9177775
6596	NA	4.9561963
6601	NA	4.574265
6602	NA	4.9808993
6608	NA	4.8970265
6609	NA	4.9155726
6611	NA	4.9999995
6612	NA	4.9993315
6613	NA	4.9725566
6616	NA	3.6290147
6621	NA	4.783893
6622	NA	4.999995
6623	NA	4.9199615
6624	NA	4.704976
6627	NA	4.969931
6628	NA	4.7040997
6629	NA	4.999996
6630	NA	4.997219
6633	NA	4.9706955
6636	NA	4.9790425
6637	NA	4.9813437
6639	NA	4.978789
6641	NA	4.997749
6642	NA	4.9797916
6643	NA	4.9999905
6645	NA	4.7274437
6650	NA	4.9870176
6651	NA	4.9911923
6652	NA	4.9978704
6653	NA	4.986606
6654	NA	3.4979794
6655	NA	3.4459515
6660	NA	5.0
6661	NA	4.883936
6662	NA	4.997324
6663	NA	4.999435
6666	NA	3.6237893
6667	NA	3.3315487
6668	NA	3.6237736
6672	NA	4.9920735
6676	NA	4.9895983
6677	NA	4.9883866
6679	NA	4.99164
6680	NA	4.425567
6681	NA	4.330534
6682	NA	4.4046545
6685	NA	4.695507
6686	NA	4.6243534
6689	NA	4.9947524
6690	NA	4.9510407
6691	NA	3.8788512
6693	NA	3.7675622
6699	NA	4.999735
6702	NA	4.014768
6703	NA	4.016359
6704	NA	4.01613
6706	NA	4.9999995
6707	NA	4.9999533
6708	NA	4.9701633
6710	NA	4.997011
6712	NA	4.9682274
6713	NA	4.968199
6716	NA	4.959214
6718	NA	4.983274
6719	NA	4.735292
6722	NA	4.8316417
6724	NA	4.8316336
6726	NA	4.9341393
6727	NA	4.967913
6730	NA	4.679118
6732	NA	4.362137
6734	NA	4.5797153
6737	NA	4.9996386
6739	NA	4.5918565
6741	NA	4.613666
6743	NA	4.583513
6744	NA	4.5918565
6749	NA	4.6690183
6751	NA	3.8142762
6753	NA	4.669014
6755	NA	4.9997177
6759	NA	4.6506906
6763	NA	4.9999995
6767	NA	4.999647
6774	NA	4.9694743
6776	NA	5.0
6779	NA	4.982877
6780	NA	4.996352
6782	NA	4.9831305
6783	NA	5.0
6785	NA	4.9924426
6786	NA	4.940344
6787	NA	4.963065
6788	NA	4.9954753
6790	NA	4.597223
6792	NA	4.873101
6793	NA	4.9687095
6794	NA	3.6433573
6795	NA	4.999764
6796	NA	3.5547035
6797	NA	4.734829
6798	NA	4.51432
6801	NA	4.978509
6803	NA	4.9584765
6806	NA	4.8807178
6807	NA	4.9671674
6808	NA	4.865566
6809	NA	4.923156
6811	NA	4.9213495
6815	NA	4.9926705
6817	NA	4.9689093
6818	NA	4.9889994
6820	NA	4.9889917
6821	NA	4.94031
6823	NA	3.7470708
6826	NA	4.9467587
6827	NA	4.1978335
6828	NA	4.9968057
6829	NA	4.9465346
6831	NA	4.9469075
6832	NA	4.9999976
6835	NA	4.995076
6836	NA	4.9841366
6837	NA	4.9117227
6838	NA	4.9254484
6839	NA	4.932055
6841	NA	4.998691
6842	NA	4.9893627
6844	NA	4.9999876
6846	NA	4.549575
6848	NA	4.6996093
6850	NA	4.5231047
6852	NA	4.9999843
6853	NA	5.0
6854	NA	4.0837493
6856	NA	4.343168
6858	NA	4.947062
6859	NA	4.9478426
6860	NA	4.947845
6861	NA	4.712682
6864	NA	4.408299
6867	NA	4.7219076
6871	NA	4.9999967
6872	NA	4.1932993
6873	NA	4.4938707
6874	NA	3.6962633
6876	NA	4.535454
6878	NA	4.5354505
6881	NA	4.3939853
6882	NA	4.987097
6883	NA	4.101407
6886	NA	4.752641
6888	NA	4.99717
6889	NA	4.997588
6891	NA	4.994974
6892	NA	4.0312347
6893	NA	4.6095123
6895	NA	4.697479
6898	NA	4.998999
6900	NA	4.9879937
6904	NA	4.6013255
6906	NA	4.923553
6908	NA	4.9959655
6909	NA	4.995359
6910	NA	4.938433
6911	NA	4.9580946
6915	NA	5.0
6916	NA	4.976912
6917	NA	4.9996862
6925	NA	4.989115
6926	NA	4.800771
6928	NA	5.0
6929	NA	4.999419
6930	NA	4.4997473
6933	NA	4.2649965
6935	NA	4.9866815
6936	NA	4.997688
6937	NA	4.9999666
6938	NA	5.0
6939	NA	5.0
6941	NA	4.634483
6943	NA	4.6287136
6944	NA	4.6357174
6949	NA	4.9999995
6951	NA	4.960433
6952	NA	4.9604535
6953	NA	4.960871
6954	NA	4.9544816
6956	NA	4.9603963
6959	NA	4.511392
6960	NA	4.991811
6962	NA	3.0653331
6963	NA	3.4846737
6965	NA	4.42811
6967	NA	3.4867852
6972	NA	4.9165416
6973	NA	4.992856
6976	NA	4.974956
6977	NA	4.9895496
6984	NA	4.988201
6985	NA	4.993915
6986	NA	4.994604
6988	NA	4.999995
6989	NA	4.999933
6990	NA	5.0
6999	NA	4.9562263
7003	NA	4.4050117
7010	NA	4.3289175
7011	NA	4.419082
7012	NA	4.174662
7014	NA	4.4239783
7015	NA	5.0
7017	NA	5.0
7023	NA	3.9715364
7024	NA	3.7876532
7029	NA	4.9884276
7030	NA	4.6887693
7031	NA	4.624387
7032	NA	4.8433876
7033	NA	4.843241
7034	NA	4.6900964
7036	NA	4.944311
7037	NA	4.9576354
7038	NA	4.9989853
7039	NA	4.9992795
7041	NA	4.6932883
7042	NA	4.6925917
7046	NA	4.893076
7047	NA	4.990702
7048	NA	4.9684753
7049	NA	4.9995084
7050	NA	4.9787965
7051	NA	4.9933877
7052	NA	4.9038806
7053	NA	4.9828453
7055	NA	4.999972
7057	NA	4.9701934
7059	NA	4.9621296
7062	NA	4.9779463
7065	NA	4.864134
7067	NA	4.9999995
7068	NA	4.8675704
7069	NA	4.942708
7071	NA	4.7364426
7072	NA	4.9427204
7073	NA	4.95292
7075	NA	5.0
7076	NA	4.9946413
7078	NA	4.5627007
7079	NA	4.721962
7080	NA	4.5021334
7089	NA	4.4933953
7091	NA	4.2623897
7095	NA	4.4224186
7096	NA	4.7485514
7097	NA	4.586398
7098	NA	4.731303
7102	NA	4.9679065
7106	NA	5.0
7107	NA	4.431439
7109	NA	4.9748244
7111	NA	4.8795314
7112	NA	4.9748244
7113	NA	5.0
7114	NA	4.969319
7115	NA	4.9537187
7117	NA	4.900351
7122	NA	4.9492407
7128	NA	4.8646035
7129	NA	4.9291635
7130	NA	4.952777
7131	NA	5.0
7132	NA	4.986131
7134	NA	4.9999347
7135	NA	4.997262
7136	NA	4.9999304
7137	NA	4.9973135
7140	NA	4.969797
7141	NA	4.999998
7142	NA	4.6601634
7146	NA	4.999767
7147	NA	4.9206095
7148	NA	4.923053
7149	NA	4.8288693
7151	NA	4.995304
7152	NA	4.920607
7154	NA	4.999473
7157	NA	5.0
7158	NA	4.999462
7159	NA	4.4937162
7160	NA	4.999483
7162	NA	4.9989085
7163	NA	4.9988675
7167	NA	4.92917
7168	NA	4.7733397
7169	NA	4.415531
7170	NA	4.4341636
7171	NA	4.5797677
7172	NA	4.414307
7173	NA	4.4835544
7174	NA	4.839684
7175	NA	4.935471
7176	NA	4.9708033
7177	NA	4.433363
7178	NA	3.9065547
7179	NA	4.956992
7180	NA	3.8121758
7181	NA	4.206754
7182	NA	4.999994
7183	NA	4.9841795
7184	NA	4.9996324
7187	NA	4.2264233
7188	NA	4.240165
7190	NA	4.237662
7191	NA	4.3575892
7192	NA	4.240914
7193	NA	5.0
7194	NA	4.9208794
7195	NA	4.605557
7197	NA	4.3582077
7198	NA	4.929316
7199	NA	4.929511
7201	NA	4.929511
7202	NA	4.9391665
7203	NA	4.996045
7206	NA	4.9902678
7207	NA	4.981418
7212	NA	4.9821563
7215	NA	4.996035
7216	NA	4.867263
7220	NA	4.98656
7223	NA	4.9997764
7225	NA	4.9931154
7227	NA	4.79493
7231	NA	4.8116164
7232	NA	4.8423767
7233	NA	4.9924307
7236	NA	5.0
7238	NA	4.916875
7243	NA	4.9168844
7244	NA	4.966056
7245	NA	5.0
7247	NA	4.99807
7248	NA	4.9046097
7249	NA	4.828947
7250	NA	4.799928
7251	NA	4.9413314
7253	NA	4.8289456
7254	NA	4.8289413
7255	NA	4.624291
7256	NA	4.9991784
7257	NA	4.999992
7258	NA	4.9553413
7259	NA	4.99873
7260	NA	3.9404848
7261	NA	3.536591
7263	NA	4.735885
7264	NA	3.9537673
7265	NA	3.9429822
7266	NA	4.985579
7272	NA	4.8946843
7273	NA	4.928033
7275	NA	4.9966187
7278	NA	4.999476
7279	NA	4.991725
7282	NA	4.987431
7283	NA	4.9928694
7284	NA	4.999997
7285	NA	5.0
7286	NA	5.0
7288	NA	4.9972467
7289	NA	4.413588
7290	NA	4.433259
7295	NA	4.605734
7296	NA	4.989718
7297	NA	2.7169597
7299	NA	2.98955
7301	NA	3.6102948
7303	NA	4.477296
7305	NA	4.9996524
7307	NA	4.99999
7308	NA	4.943427
7310	NA	4.610834
7312	NA	4.775954
7317	NA	4.9988937
7318	NA	4.994715
7321	NA	4.8917956
7323	NA	4.8917937
7324	NA	4.985385
7325	NA	4.999588
7326	NA	4.944159
7327	NA	5.0
7328	NA	3.3265026
7329	NA	4.9689226
7330	NA	3.3712783
7331	NA	4.9431553
7333	NA	4.868293
7336	NA	4.998587
7337	NA	4.7453885
7338	NA	4.9999905
7339	NA	4.999973
7341	NA	3.8670318
7342	NA	3.8657205
7345	NA	3.8674572
7348	NA	4.999983
7351	NA	4.2614365
7354	NA	4.9196258
7355	NA	4.9153495
7357	NA	4.9757776
7360	NA	4.999755
7361	NA	4.775587
7366	NA	4.9220524
7369	NA	4.999999
7373	NA	4.727125
7376	NA	4.800796
7377	NA	4.911489
7378	NA	4.8635592
7379	NA	4.961422
7380	NA	4.5951667
7382	NA	4.0255284
7384	NA	4.925068
7385	NA	4.769259
7387	NA	4.792298
7393	NA	4.883522
7395	NA	4.674444
7396	NA	4.3760014
7400	NA	4.6580167
7401	NA	4.5266395
7403	NA	4.953815
7405	NA	4.999137
7406	NA	4.9996295
7407	NA	4.9997683
7408	NA	4.740642
7409	NA	4.7402425
7412	NA	4.7429504
7413	NA	4.9997315
7415	NA	4.9970107
7421	NA	4.9382176
7424	NA	4.9999123
7425	NA	4.9422617
7426	NA	4.9937587
7429	NA	4.9660764
7430	NA	4.908098
7431	NA	4.994904
7433	NA	4.6611814
7435	NA	5.0
7436	NA	4.9988675
7439	NA	4.988745
7440	NA	4.6016536
7442	NA	4.695656
7443	NA	5.0
7447	NA	4.985794
7449	NA	4.981832
7450	NA	4.9684854
7453	NA	4.981149
7456	NA	4.997793
7458	NA	4.9931245
7460	NA	4.9569883
7463	NA	4.917326
7465	NA	4.917214
7467	NA	4.999576
7469	NA	4.999999
7473	NA	4.7596526
7478	NA	4.506595
7480	NA	4.9650617
7482	NA	4.808321
7484	NA	4.2142463
7488	NA	4.991406
7489	NA	4.9987535
7490	NA	4.8198485
7494	NA	4.780908
7495	NA	5.0
7498	NA	4.9975123
7500	NA	4.8638325
7502	NA	4.882834
7510	NA	4.750442
7512	NA	4.506436
7513	NA	4.7149425
7514	NA	4.750622
7515	NA	4.9921746
7517	NA	4.9945464
7518	NA	4.9992867
7519	NA	4.9202156
7520	NA	4.9251957
7521	NA	4.9306335
7523	NA	4.9189215
7524	NA	4.8710775
7528	NA	4.999975
7529	NA	4.912101
7530	NA	4.9101105
7531	NA	4.7223516
7535	NA	4.999878
7536	NA	4.9989014
7538	NA	5.0
7540	NA	4.8860903
7552	NA	4.990103
7555	NA	4.989324
7560	NA	4.774157
7562	NA	4.9839497
7565	NA	4.775514
7566	NA	4.994896
7568	NA	5.0
7570	NA	4.9925976
7571	NA	4.9994693
7574	NA	4.9925985
7575	NA	4.877867
7578	NA	4.2871146
7579	NA	4.999268
7584	NA	4.4410195
7585	NA	4.4985743
7586	NA	4.9998894
7589	NA	4.6881223
7591	NA	4.709068
7592	NA	4.836743
7593	NA	4.6336675
7595	NA	4.9999976
7596	NA	4.8652773
7597	NA	4.0432253
7598	NA	4.931695
7600	NA	4.791167
7601	NA	4.8417444
7602	NA	4.8412275
7604	NA	3.4992013
7605	NA	4.8417172
7607	NA	4.99673
7610	NA	4.8052945
7614	NA	4.798906
7615	NA	4.9846897
7617	NA	4.4273973
7620	NA	4.6236043
7621	NA	4.70298
7623	NA	4.6700835
7624	NA	4.8486295
7626	NA	4.8665724
7627	NA	4.9956775
7628	NA	5.0
7631	NA	4.985523
7632	NA	4.894077
7633	NA	4.9872794
7635	NA	4.995143
7637	NA	4.9919124
7640	NA	4.74487
7644	NA	4.8123345
7645	NA	4.7927303
7646	NA	4.9972925
7650	NA	4.9839005
7655	NA	4.939985
7656	NA	4.996394
7661	NA	4.9939375
7663	NA	4.9992805
7664	NA	4.952783
7671	NA	4.98015
7673	NA	4.963734
7674	NA	4.9626
7676	NA	4.9915442
7679	NA	4.9983983
7683	NA	4.607068
7684	NA	4.5559726
7685	NA	4.544
7686	NA	4.8297906
7690	NA	4.690058
7691	NA	4.683468
7693	NA	4.5956836
7694	NA	4.689237
7695	NA	4.9998703
7696	NA	4.9999986
7698	NA	4.1511774
7704	NA	2.7684934
7705	NA	2.815123
7706	NA	4.816593
7708	NA	5.0
7709	NA	4.9987526
7710	NA	4.5973034
7713	NA	4.5942593
7715	NA	4.9985375
7717	NA	4.8939133
7721	NA	4.994923
7725	NA	4.999957
7727	NA	5.0
7730	NA	4.981695
7735	NA	4.7793713
7736	NA	4.9305954
7737	NA	4.742575
7738	NA	4.99999
7745	NA	4.932908
7748	NA	4.9999123
7749	NA	4.9995103
7750	NA	4.9997044
7756	NA	4.8980603
7758	NA	4.9821157
7759	NA	4.814459
7761	NA	4.942593
7762	NA	4.8630943
7765	NA	4.9474807
7766	NA	4.970227
7767	NA	4.943028
7770	NA	4.9334154
7773	NA	4.7738304
7774	NA	4.6854367
7775	NA	4.6098866
7783	NA	4.770681
7786	NA	5.0
7788	NA	4.999964
7789	NA	4.9999847
7791	NA	4.7063165
7796	NA	4.991778
7797	NA	4.980586
7799	NA	4.92537
7800	NA	4.9633145
7801	NA	4.9632406
7802	NA	4.927704
7803	NA	4.9632645
7806	NA	5.0
7809	NA	4.7380137
7812	NA	4.899331
7814	NA	4.9952374
7815	NA	4.9999995
7816	NA	5.0
7818	NA	4.7543397
7824	NA	4.922543
7825	NA	4.9226007
7826	NA	4.869009
7827	NA	4.8689404
7828	NA	4.608212
7829	NA	4.607675
7830	NA	4.6080756
7831	NA	5.0
7832	NA	4.966761
7833	NA	4.9999995
7835	NA	4.966688
7837	NA	4.966541
7840	NA	5.0
7842	NA	4.999715
7843	NA	4.999522
7845	NA	4.5451136
7846	NA	4.5269775
7848	NA	4.526992
7850	NA	4.9993587
7852	NA	4.998922
7853	NA	4.0674276
7854	NA	4.0880113
7855	NA	4.06713
7856	NA	4.070104
7857	NA	4.067171
7858	NA	4.999983
7860	NA	4.8562984
7862	NA	4.8565674
7863	NA	4.9818864
7865	NA	4.999759
7870	NA	4.9933763
7871	NA	4.999996
7873	NA	4.9926343
7874	NA	4.992686
7879	NA	3.189587
7880	NA	4.9999995
7882	NA	4.6688867
7883	NA	4.67503
7885	NA	3.9115047
7886	NA	4.669327
7894	NA	4.4447246
7895	NA	4.417089
7897	NA	4.9291816
7901	NA	4.830289
7904	NA	4.830288
7905	NA	4.98426
7907	NA	4.9763713
7908	NA	4.9999914
7910	NA	4.4904847
7911	NA	4.491607
7913	NA	4.285821
7914	NA	4.273872
7915	NA	4.490919
7916	NA	4.9999437
7918	NA	4.99999
7919	NA	4.9917154
7920	NA	4.9135466
7922	NA	4.9077797
7924	NA	4.911894
7928	NA	4.9993567
7929	NA	4.6422877
7930	NA	4.628307
7931	NA	4.6177187
7941	NA	4.2596817
7942	NA	4.19799
7943	NA	4.999992
7944	NA	4.9999995
7945	NA	4.9999976
7948	NA	3.629062
7952	NA	5.0
7955	NA	4.997512
7956	NA	4.88555
7958	NA	4.8966985
7960	NA	4.8966546
7961	NA	5.0
7962	NA	4.9991016
7965	NA	4.979084
7968	NA	4.1047754
7969	NA	4.0769095
7970	NA	4.191526
7974	NA	5.0
7975	NA	4.9999976
7978	NA	4.5372686
7979	NA	4.5385303
7982	NA	4.9999924
7983	NA	4.9999995
7984	NA	4.998286
7988	NA	4.6993423
7991	NA	4.6466875
7992	NA	4.999995
7994	NA	4.9999995
8000	NA	4.888214
8001	NA	4.9996247
8003	NA	5.0
8004	NA	4.9998794
8007	NA	4.5157275
8008	NA	4.551362
8009	NA	4.5245895
8011	NA	4.9999814
8013	NA	4.997926
8015	NA	4.7693934
8016	NA	4.78545
8017	NA	4.78261
8019	NA	4.9523354
8020	NA	4.9999976
8022	NA	5.0
8023	NA	4.9663234
8026	NA	4.9659395
8027	NA	4.9663057
8030	NA	4.9999967
8033	NA	4.992434
8034	NA	4.9949784
8035	NA	4.978618
8036	NA	4.9950247
8042	NA	4.673761
8043	NA	4.7514853
8045	NA	4.673492
8046	NA	4.9999228
8048	NA	5.0
8051	NA	4.849803
8052	NA	4.852188
8053	NA	4.849742
8054	NA	4.8497458
8056	NA	4.9999585
8061	NA	4.956588
8062	NA	4.8366427
8063	NA	4.836324
8066	NA	4.9999976
8070	NA	4.973686
8074	NA	5.0
8075	NA	4.9999976
8078	NA	4.6672487
8080	NA	4.6675124
8081	NA	4.66769
8082	NA	5.0
8083	NA	5.0
8085	NA	4.9993486
8086	NA	4.9749284
8087	NA	4.974647
8088	NA	4.9743156
8097	NA	4.9927144
8098	NA	4.997711
8099	NA	4.99767
8100	NA	4.634988
8101	NA	4.810571
8102	NA	4.996041
8103	NA	4.9960623
8106	NA	4.865131
8107	NA	4.0269704
8111	NA	4.9999995
8113	NA	4.1159353
8114	NA	4.355409
8115	NA	4.115743
8116	NA	4.112095
8117	NA	4.1159234
8118	NA	4.999991
8123	NA	4.466599
8125	NA	4.557289
8128	NA	4.999999
8131	NA	4.9311786
8132	NA	4.9324994
8133	NA	4.450703
8135	NA	4.931193
8139	NA	4.9981766
8140	NA	4.3351493
8142	NA	4.5679684
8144	NA	4.3349433
8146	NA	4.999995
8148	NA	4.9999967
8149	NA	4.8975887
8150	NA	4.8976474
8151	NA	4.8955274
8153	NA	4.896887
8154	NA	4.999991
8160	NA	4.509422
8164	NA	5.0
8166	NA	4.9999995
8167	NA	4.9985623
8169	NA	4.999049
8170	NA	4.999053
8171	NA	4.999055
8172	NA	4.9785767
8174	NA	5.0
8176	NA	4.751692
8178	NA	4.8548427
8181	NA	5.0
8182	NA	5.0
8183	NA	4.9923735
8185	NA	4.9924045
8188	NA	5.0
8197	NA	3.6233902
8198	NA	3.5992038
8202	NA	4.9776926
8203	NA	4.911411
8204	NA	4.9546404
8205	NA	4.9114122
8207	NA	4.9113874
8208	NA	4.9999986
8209	NA	4.9806504
8214	NA	4.5576806
8218	NA	4.999945
8221	NA	4.4207067
8222	NA	4.4077144
8224	NA	4.4227448
8226	NA	4.999944
8229	NA	4.9999986
8231	NA	4.939498
8232	NA	4.9373055
8234	NA	4.939544
8235	NA	4.99834
8236	NA	4.7934875
8237	NA	4.522468
8238	NA	5.0
8239	NA	3.448376
8240	NA	4.500001
8241	NA	4.4638042
8242	NA	4.4877615
8243	NA	4.4999566
8244	NA	5.0
8245	NA	4.99987
8250	NA	4.9663854
8252	NA	4.966395
8253	NA	4.999991
8254	NA	5.0
8255	NA	4.9999986
8256	NA	4.99888
8257	NA	4.988738
8259	NA	4.98844
8260	NA	4.988658
8261	NA	4.988671
8262	NA	4.9999995
8265	NA	4.9999385
8268	NA	4.9736557
8270	NA	4.9736433
8271	NA	4.9999995
8273	NA	4.999974
8275	NA	3.3666453
8278	NA	3.951597
8279	NA	3.3587406
8280	NA	4.964266
8284	NA	4.986663
8286	NA	4.987361
8287	NA	4.9867587
8290	NA	4.9925523
8291	NA	4.9999995
8292	NA	5.0
8293	NA	4.967403
8295	NA	4.9656115
8297	NA	4.967438
8298	NA	4.8920193
8299	NA	4.9999757
8301	NA	4.989004
8302	NA	4.99997
8303	NA	4.9889436
8308	NA	4.997778
8309	NA	4.9999924
8310	NA	4.9999948
8311	NA	4.8723636
8315	NA	4.872538
8318	NA	4.999986
8319	NA	4.9889855
8320	NA	4.8984203
8322	NA	4.8984966
8324	NA	4.898187
8332	NA	3.961479
8337	NA	4.999959
8341	NA	4.986962
8342	NA	4.986936
8344	NA	4.9993105
8346	NA	4.9922
8348	NA	4.9748416
8350	NA	4.950135
8353	NA	4.9999914
8354	NA	4.999855
8357	NA	4.9993887
8359	NA	4.999505
8361	NA	4.9999995
8364	NA	4.9996076
8365	NA	4.9647303
8369	NA	4.9241343
8370	NA	5.0
8371	NA	4.094951
8372	NA	4.999998
8373	NA	4.976197
8378	NA	4.59306
8380	NA	4.973823
8382	NA	5.0
8385	NA	4.795309
8386	NA	4.8442583
8387	NA	4.794791
8390	NA	4.9999967
8391	NA	4.9915786
8392	NA	4.726343
8393	NA	4.6608186
8394	NA	4.726839
8395	NA	4.7262635
8397	NA	4.9997544
8399	NA	4.990019
8401	NA	4.833291
8402	NA	4.594637
8403	NA	4.801091
8405	NA	4.797871
8408	NA	4.9999995
8410	NA	4.869324
8411	NA	4.8693304
8413	NA	4.8415365
8414	NA	4.869363
8415	NA	4.999999
8416	NA	4.999999
8418	NA	4.99999
8420	NA	4.943555
8422	NA	4.9433312
8423	NA	4.94341
8427	NA	4.931002
8428	NA	3.9486957
8429	NA	4.245736
8432	NA	3.9479594
8433	NA	4.9999986
8436	NA	4.9999604
8438	NA	4.9734626
8439	NA	4.973652
8440	NA	4.976089
8442	NA	4.623204
8443	NA	4.999996
8445	NA	4.9589376
8447	NA	4.9562607
8448	NA	4.630854
8450	NA	4.999891
8454	NA	4.999972
8463	NA	4.980319
8464	NA	4.3456116
8465	NA	4.130936
8466	NA	4.345973
8467	NA	4.3841414
8468	NA	4.34667
8472	NA	4.999999
8473	NA	4.697591
8477	NA	4.753094
8478	NA	5.0
8480	NA	4.996376
8485	NA	4.996405
8487	NA	4.9999228
8488	NA	4.879675
8491	NA	4.98339
8495	NA	4.9948153
8496	NA	4.999998
8497	NA	4.9994793
8498	NA	4.99999
8499	NA	4.9994783
8503	NA	4.9994793
8508	NA	4.999995
8509	NA	4.7451367
8510	NA	4.7450676
8513	NA	4.7450776
8515	NA	4.9725003
8518	NA	4.921844
8519	NA	4.922463
8522	NA	4.9223757
8523	NA	4.9999967
8526	NA	4.9999843
8527	NA	4.8732
8531	NA	4.891123
8533	NA	4.9999948
8534	NA	4.9999995
8535	NA	4.9999924
8539	NA	4.9459214
8540	NA	4.946645
8542	NA	4.999968
8544	NA	4.999992
8545	NA	4.814853
8546	NA	4.805794
8547	NA	4.803386
8549	NA	4.8040056
8550	NA	5.0
8552	NA	4.9999933
8553	NA	4.975127
8554	NA	4.8615503
8556	NA	4.860035
8557	NA	4.90035
8559	NA	4.999997
8560	NA	4.962077
8565	NA	4.664662
8568	NA	4.099003
8570	NA	5.0
8573	NA	4.9105763
8575	NA	4.9352465
8577	NA	4.999998
8579	NA	4.995021
8580	NA	4.999998
8583	NA	4.969199
8585	NA	4.9689956
8587	NA	4.7412114
8591	NA	4.8392253
8592	NA	4.899036
8595	NA	5.0
8599	NA	4.862285
8602	NA	3.9574804
8603	NA	3.7229362
8604	NA	4.999985
8605	NA	5.0
8612	NA	4.9826684
8615	NA	4.9356976
8616	NA	4.996756
8617	NA	4.790548
8619	NA	4.8504558
8621	NA	4.9063272
8623	NA	4.5224323
8625	NA	4.81217
8628	NA	2.7873752
8634	NA	4.999991
8638	NA	4.9338913
8640	NA	4.913482
8641	NA	4.9999986
8642	NA	4.9999647
8643	NA	4.9822593
8644	NA	4.9884634
8648	NA	4.9224687
8650	NA	4.6948886
8652	NA	4.9911985
8653	NA	5.0
8654	NA	4.9999995
8655	NA	4.533787
8659	NA	4.5336437
8661	NA	4.9999604
8662	NA	4.999996
8666	NA	4.8265004
8667	NA	4.824519
8670	NA	4.9999995
8671	NA	4.9882836
8672	NA	4.9999714
8673	NA	4.3832555
8677	NA	4.2266893
8681	NA	4.999994
8682	NA	4.423498
8687	NA	4.999517
8688	NA	4.997573
8693	NA	4.3273673
8694	NA	4.3900414
8695	NA	4.3508463
8698	NA	4.970004
8701	NA	4.9778914
8703	NA	4.97736
8704	NA	4.9779344
8706	NA	4.9999924
8707	NA	4.96946
8710	NA	4.7602105
8711	NA	4.722267
8713	NA	4.7228994
8715	NA	4.984391
8717	NA	4.999983
8718	NA	4.9994836
8720	NA	4.6491604
8721	NA	4.7107773
8722	NA	4.6464334
8723	NA	4.9999986
8725	NA	4.6993246
8726	NA	4.998332
8729	NA	4.930069
8730	NA	4.9235044
8731	NA	4.930367
8732	NA	5.0
8733	NA	4.996402
8734	NA	4.9999833
8735	NA	4.9999995
8736	NA	4.6289535
8737	NA	4.6317024
8740	NA	4.6320395
8744	NA	4.9939637
8745	NA	4.676536
8747	NA	4.6853423
8752	NA	4.999972
8754	NA	4.858526
8755	NA	4.8500648
8758	NA	4.86197
8761	NA	4.9999976
8762	NA	4.9992204
8763	NA	4.9708176
8764	NA	4.9674253
8765	NA	4.970497
8769	NA	4.995576
8770	NA	4.977216
8771	NA	4.9952893
8772	NA	4.739905
8773	NA	4.7697883
8774	NA	4.697916
8776	NA	4.803425
8778	NA	5.0
8780	NA	4.983004
8782	NA	4.789429
8785	NA	4.885889
8788	NA	4.999989
8789	NA	4.9999957
8793	NA	4.789403
8795	NA	4.999998
8797	NA	4.9999986
8798	NA	4.874874
8799	NA	4.999714
8802	NA	4.999644
8803	NA	4.9997106
8804	NA	4.746714
8807	NA	4.9992776
8808	NA	4.4666843
8809	NA	4.664272
8810	NA	4.071151
8811	NA	4.6551304
8812	NA	4.6532702
8817	NA	4.9999976
8818	NA	4.4334803
8819	NA	4.4347243
8820	NA	4.4349513
8821	NA	4.435134
8824	NA	4.9999995
8825	NA	4.999997
8826	NA	4.8092575
8827	NA	4.8095493
8828	NA	4.80728
8829	NA	4.8080287
8831	NA	5.0
8833	NA	4.996421
8835	NA	4.9132915
8837	NA	4.8857374
8839	NA	4.8857675
8840	NA	4.750956
8843	NA	5.0
8845	NA	4.6913195
8847	NA	4.6928473
8849	NA	4.867412
8850	NA	4.9415264
8851	NA	4.999995
8853	NA	4.924359
8857	NA	4.925129
8860	NA	4.999999
8861	NA	4.9996476
8863	NA	4.896001
8864	NA	4.9397135
8865	NA	4.90085
8866	NA	4.900845
8868	NA	4.999428
8870	NA	4.9999957
8871	NA	4.8526635
8872	NA	4.85243
8874	NA	4.8561463
8877	NA	4.999986
8880	NA	4.999678
8881	NA	4.999689
8882	NA	4.9996853
8883	NA	4.999677
8884	NA	4.999686
8885	NA	5.0
8886	NA	4.9999986
8887	NA	4.999547
8889	NA	4.9095283
8890	NA	4.9205165
8891	NA	4.919633
8893	NA	4.919612
8895	NA	4.9847736
8896	NA	5.0
8897	NA	4.9866967
8898	NA	2.735361
8899	NA	2.706505
8900	NA	3.200122
8904	NA	4.9999895
8905	NA	4.7745957
8906	NA	4.7245665
8909	NA	4.774221
8910	NA	4.726844
8911	NA	4.726393
8912	NA	4.9999623
8919	NA	4.3826656
8920	NA	4.37136
8921	NA	4.9999995
8922	NA	5.0
8923	NA	5.0
8925	NA	4.9653244
8927	NA	4.9656215
8928	NA	4.965385
8929	NA	4.9654007
8930	NA	4.9513907
8931	NA	4.951692
8933	NA	4.999953
8935	NA	4.781743
8939	NA	4.292026
8940	NA	4.999999
8946	NA	4.1915894
8947	NA	4.1912594
8950	NA	4.9981194
8951	NA	4.9992504
8953	NA	4.9860373
8954	NA	4.981657
8960	NA	4.9999843
8962	NA	4.6048055
8968	NA	5.0
8969	NA	4.9991484
8970	NA	4.863708
8971	NA	4.875778
8974	NA	4.863708
8975	NA	4.9999933
8979	NA	4.937116
8981	NA	4.602229
8984	NA	5.0
8985	NA	4.994524
8989	NA	4.999402
8990	NA	4.9994044
8991	NA	4.995526
8993	NA	4.999998
8995	NA	4.841364
8997	NA	4.9999995
9002	NA	4.76333
9003	NA	4.979919
9004	NA	4.9933324
9007	NA	4.998812
9008	NA	4.992577
9009	NA	4.9907813
9010	NA	4.998347
9012	NA	4.992575
9013	NA	4.9999957
9016	NA	4.996968
9018	NA	4.9388103
9020	NA	4.94126
9022	NA	4.4654546
9023	NA	4.8774877
9025	NA	4.999994
9026	NA	4.0249434
9027	NA	4.0262766
9032	NA	4.9999995
9034	NA	4.999989
9042	NA	4.9999995
9043	NA	4.9999943
9047	NA	4.995615
9048	NA	4.9956055
9049	NA	4.999998
9052	NA	4.9939437
9055	NA	4.997271
9057	NA	4.997263
9059	NA	4.991356
9060	NA	4.979752
9061	NA	4.9999886
9062	NA	4.862451
9063	NA	4.8086076
9064	NA	4.9999766
9065	NA	4.740664
9072	NA	3.7059069
9076	NA	4.9630933
9079	NA	5.0
9081	NA	4.794917
9082	NA	4.650907
9084	NA	4.794915
9087	NA	4.9831853
9088	NA	4.9337754
9089	NA	4.9311233
9091	NA	4.9489827
9092	NA	4.948965
9100	NA	4.8381076
9104	NA	4.9997544
9105	NA	4.998537
9107	NA	4.7640424
9111	NA	4.791575
9112	NA	4.989291
9114	NA	4.8741713
9115	NA	4.876041
9116	NA	4.748791
9118	NA	4.966455
9119	NA	4.951506
9120	NA	4.951457
9121	NA	4.8416624
9122	NA	4.999996
9123	NA	4.9999843
9124	NA	4.996976
9128	NA	4.960841
9130	NA	4.947567
9135	NA	4.9265485
9138	NA	4.927038
9143	NA	4.9999995
9144	NA	4.9986887
9145	NA	4.9835725
9149	NA	4.999997
9151	NA	4.9999986
9152	NA	4.860005
9154	NA	4.9183683
9157	NA	4.7130938
9158	NA	4.979247
9162	NA	4.7991395
9163	NA	4.895337
9164	NA	4.6688285
9165	NA	4.7993336
9166	NA	4.9999995
9168	NA	4.999981
9170	NA	4.999972
9173	NA	4.9999943
9174	NA	4.9999943
9175	NA	5.0
9176	NA	3.317168
9178	NA	4.93531
9179	NA	3.602531
9180	NA	3.9221578
9182	NA	4.462143
9190	NA	4.8469834
9191	NA	4.8644886
9195	NA	4.9999895
9197	NA	4.1126757
9199	NA	3.9348729
9201	NA	4.1156034
9202	NA	4.9960704
9203	NA	4.999999
9204	NA	4.9762945
9205	NA	5.0
9207	NA	4.724588
9209	NA	4.7251062
9210	NA	4.7247224
9214	NA	4.9999375
9216	NA	4.8607464
9217	NA	4.822533
9218	NA	4.831628
9219	NA	4.862358
9220	NA	4.999995
9221	NA	4.9999986
9225	NA	4.747421
9226	NA	4.8314657
9227	NA	4.8314323
9228	NA	4.831445
9229	NA	4.752441
9231	NA	5.0
9232	NA	4.999526
9234	NA	4.9960604
9237	NA	4.997656
9243	NA	4.906662
9244	NA	4.9072127
9245	NA	4.907504
9246	NA	4.907318
9248	NA	4.999998
9251	NA	4.0126553
9252	NA	4.099223
9253	NA	4.1076245
9256	NA	4.9999967
9257	NA	4.998529
9258	NA	4.70364
9260	NA	4.7239146
9261	NA	4.9977245
9263	NA	4.995736
9265	NA	4.999999
9266	NA	5.0
9267	NA	3.3395493
9268	NA	4.9976954
9270	NA	3.9845371
9271	NA	3.993983
9276	NA	4.9999638
9277	NA	4.9999857
9278	NA	4.8275933
9279	NA	4.8296423
9282	NA	4.829827
9283	NA	4.999997
9286	NA	4.9999843
9289	NA	4.8820567
9290	NA	4.881147
9291	NA	4.881859
9294	NA	4.9999995
9296	NA	4.358525
9298	NA	4.3772535
9301	NA	4.8899074
9302	NA	5.0
9304	NA	4.9908247
9306	NA	4.9591265
9310	NA	4.9999995
9311	NA	4.9315805
9312	NA	4.98054
9316	NA	4.992616
9317	NA	4.9245963
9318	NA	4.992646
9320	NA	4.9999986
9321	NA	4.927293
9322	NA	4.999482
9324	NA	3.7684996
9325	NA	3.7426057
9331	NA	4.999827
9332	NA	4.9999995
9333	NA	4.99987
9334	NA	4.793516
9339	NA	4.999999
9340	NA	5.0
9341	NA	4.9953117
9345	NA	4.5843773
9346	NA	4.584393
9347	NA	4.584534
9348	NA	3.04283
9352	NA	4.3348413
9353	NA	4.333091
9355	NA	4.338386
9357	NA	4.999968
9358	NA	4.9999957
9360	NA	4.9998755
9363	NA	4.869137
9364	NA	4.8709035
9365	NA	4.870897
9366	NA	4.9999995
9372	NA	4.8028827
9376	NA	5.0
9378	NA	4.9999833
9379	NA	4.0827613
9381	NA	4.0826263
9382	NA	4.0828114
9383	NA	4.0827503
9384	NA	4.999995
9390	NA	4.8440185
9392	NA	4.844236
9396	NA	4.999998
9397	NA	4.465145
9398	NA	4.702315
9399	NA	4.701974
9403	NA	4.9090853
9404	NA	4.732354
9405	NA	5.0
9406	NA	4.347736
9409	NA	4.9317365
9410	NA	4.7896795
9411	NA	4.9969363
9415	NA	4.9238033
9416	NA	4.92353
9417	NA	4.915553
9418	NA	4.924407
9419	NA	4.9244075
9420	NA	4.9404674
9421	NA	5.0
9422	NA	4.999997
9428	NA	4.995904
9429	NA	4.999994
9432	NA	5.0
9440	NA	4.97183
9441	NA	4.999993
9443	NA	4.960923
9446	NA	4.960249
9450	NA	4.9999933
9454	NA	4.821797
9458	NA	4.702704
9459	NA	4.999995
9460	NA	4.999995
9463	NA	4.8217845
9464	NA	4.5725265
9466	NA	4.8167143
9468	NA	5.0
9470	NA	4.9999537
9472	NA	4.814399
9474	NA	4.8146663
9476	NA	4.999998
9477	NA	4.9999967
9478	NA	2.6987412
9479	NA	4.9999986
9480	NA	2.548973
9481	NA	4.8697667
9483	NA	4.868678
9484	NA	4.8695307
9485	NA	4.9999895
9486	NA	4.9844556
9487	NA	4.988278
9491	NA	4.4676275
9494	NA	4.999993
9498	NA	4.954531
9501	NA	4.954837
9503	NA	5.0
9505	NA	4.9999995
9507	NA	4.869596
9508	NA	4.8714514
9509	NA	4.8697658
9511	NA	4.869816
9513	NA	4.9999623
9514	NA	4.9284735
9518	NA	4.946797
9519	NA	4.9494543
9520	NA	4.947256
9521	NA	4.439096
9522	NA	4.999984
9523	NA	4.0689797
9527	NA	4.501776
9528	NA	3.6078682
9533	NA	4.90237
9534	NA	3.6845272
9536	NA	3.6264017
9539	NA	4.9585805
9543	NA	4.4763155
9546	NA	4.4980717
9547	NA	4.475588
9548	NA	4.9895663
9550	NA	4.999986
9552	NA	4.9519644
9553	NA	4.9522963
9559	NA	4.966618
9560	NA	4.9999948
9564	NA	4.9206405
9566	NA	4.999858
9568	NA	4.808946
9573	NA	4.821907
9575	NA	4.9338274
9582	NA	4.78558
9585	NA	4.9922466
9586	NA	4.9666104
9587	NA	4.9999995
9588	NA	4.9664483
9589	NA	4.9112315
9590	NA	4.981508
9595	NA	4.9999776
9596	NA	4.9890513
9597	NA	4.9710455
9598	NA	4.99976
9601	NA	4.945664
9603	NA	4.9451075
9606	NA	5.0
9608	NA	4.519785
9611	NA	4.5409913
9612	NA	4.51985
9613	NA	4.999982
9614	NA	4.9977517
9618	NA	4.628814
9619	NA	4.794527
9620	NA	4.829791
9621	NA	4.792856
9622	NA	4.9999914
9625	NA	5.0
9626	NA	4.8446116
9628	NA	4.8437815
9629	NA	4.844685
9630	NA	4.8446727
9633	NA	4.9297967
9634	NA	4.9817877
9637	NA	4.9381623
9640	NA	4.999656
9642	NA	4.9999747
9647	NA	4.680906
9648	NA	4.828133
9649	NA	4.8432627
9652	NA	4.9999995
9654	NA	5.0
9655	NA	4.748247
9658	NA	4.7481065
9660	NA	4.9906416
9661	NA	4.9999814
9663	NA	4.9999995
9664	NA	4.990879
9670	NA	4.9997106
9671	NA	4.99041
9672	NA	4.999998
9673	NA	4.6661263
9674	NA	4.752365
9679	NA	5.0
9681	NA	4.9999957
9682	NA	4.29179
9683	NA	4.702563
9685	NA	4.701793
9686	NA	4.7018504
9688	NA	4.976189
9690	NA	4.9999976
9693	NA	4.9853845
9696	NA	4.9999027
9705	NA	4.9999933
9707	NA	4.9999986
9711	NA	4.963737
9712	NA	4.9631944
9714	NA	4.999998
9716	NA	4.9935365
9724	NA	4.9999557
9725	NA	4.7950344
9727	NA	4.9670672
9728	NA	4.8452187
9729	NA	4.8155546
9732	NA	4.9999995
9734	NA	4.802534
9735	NA	5.0
9737	NA	4.982673
9739	NA	4.983572
9740	NA	4.982671
9741	NA	4.9999967
9742	NA	4.9999995
9743	NA	4.961841
9750	NA	5.0
9751	NA	4.9999957
9754	NA	4.8549776
9755	NA	4.8547564
9756	NA	4.8547745
9761	NA	4.2937245
9762	NA	4.964661
9767	NA	4.6023917
9768	NA	4.7155685
9772	NA	2.6924982
9775	NA	4.6764107
9777	NA	4.7164226
9779	NA	2.5684676
9781	NA	4.9922476
9782	NA	4.4526563
9783	NA	4.2877173
9785	NA	4.9488807
9787	NA	3.077909
9790	NA	4.87127
9791	NA	4.8086777
9792	NA	4.9859633
9793	NA	4.991029
9794	NA	3.9992344
9796	NA	4.6378627
9797	NA	4.881494
9798	NA	4.997745
9802	NA	4.999934
9804	NA	4.831945
9807	NA	4.9173026
9808	NA	4.3204117
9809	NA	4.974516
9810	NA	4.979381
9812	NA	4.3979373
9813	NA	4.910992
9818	NA	4.8209968
9819	NA	4.999813
9823	NA	4.713543
9824	NA	4.3165636
9826	NA	4.829856
9828	NA	4.7296777
9830	NA	4.4144363
9831	NA	4.640489
9832	NA	4.8157277
9833	NA	4.9998655
9834	NA	4.7150846
9835	NA	3.8093724
9837	NA	4.999947
9842	NA	4.799704
9845	NA	2.928272
9848	NA	4.9874206
9849	NA	4.695106
9850	NA	4.450653
9852	NA	4.847162
9854	NA	4.589341
9855	NA	4.664221
9857	NA	3.140559
9858	NA	4.8494263
9861	NA	4.571744
9862	NA	4.792888
9865	NA	4.821926
9866	NA	4.7195673
9867	NA	4.8713346
9871	NA	3.7487023
9872	NA	4.972283
9873	NA	2.5757663
9881	NA	4.9189115
9883	NA	4.5536337
9887	NA	4.7429647
9888	NA	4.6595106
9890	NA	4.778123
9891	NA	3.951051
9892	NA	4.3469496
9894	NA	4.683131
9896	NA	4.7125616
9898	NA	4.707986
9899	NA	4.364843
9901	NA	4.8851924
9902	NA	4.4269543
9906	NA	3.596683
9908	NA	4.98776
9909	NA	4.803581
9910	NA	4.8905396
9913	NA	4.7084527
9917	NA	4.966261
9918	NA	4.164907
9920	NA	3.9943204
9923	NA	4.682171
9924	NA	4.49613
9925	NA	4.9978347
9928	NA	4.7808537
9929	NA	4.706522
9930	NA	3.8013852
9932	NA	4.293115
9933	NA	4.774341
9937	NA	4.4518027
9941	NA	4.9070725
9944	NA	4.6386266
9945	NA	4.7939625
9946	NA	4.935632
9950	NA	4.9999733
9952	NA	4.8310122
9953	NA	4.275189
9954	NA	4.9477067
9956	NA	4.505184
9957	NA	4.746252
9958	NA	4.9901853
9959	NA	4.798537
9961	NA	4.131861
9962	NA	3.4992847
9964	NA	4.8453064
9965	NA	4.791238
9966	NA	4.5271196
9969	NA	4.70737
9970	NA	4.9879475
9971	NA	4.4069123
9972	NA	4.984085
9977	NA	4.6082854
9978	NA	4.7671347
9979	NA	4.766477
9986	NA	4.7736516
9987	NA	4.789352
9989	NA	4.6840143
9990	NA	4.8398585
9991	NA	4.3273005
9992	NA	4.6039505
9994	NA	4.9097824
9995	NA	4.797815
9996	NA	4.4018087
