pair_ID	entailment_judgment	relatedness_score
6	NA	3.9732316
7	NA	4.201747
8	NA	4.1982164
10	NA	4.485156
11	NA	4.4901905
13	NA	3.8844779
15	NA	3.963601
16	NA	3.839425
17	NA	3.804106
19	NA	4.457227
20	NA	4.3692427
21	NA	4.457367
22	NA	4.4458256
23	NA	4.4124837
27	NA	4.2019124
29	NA	4.2894907
31	NA	4.3011537
32	NA	4.366038
33	NA	4.41393
34	NA	4.3983254
36	NA	4.1507688
37	NA	4.1819634
38	NA	4.0970416
39	NA	4.2433124
41	NA	4.4408884
43	NA	4.4640546
46	NA	4.1280723
48	NA	4.114948
50	NA	4.136549
51	NA	4.1553254
52	NA	4.4423656
53	NA	4.4387097
54	NA	4.199828
57	NA	4.251179
59	NA	4.2635794
60	NA	4.2480707
61	NA	4.0300803
63	NA	4.4664774
64	NA	4.271591
66	NA	4.323675
67	NA	4.3908954
68	NA	4.3137217
69	NA	4.2875485
71	NA	4.2964115
74	NA	4.449787
75	NA	4.431367
76	NA	4.3564043
80	NA	3.9847245
86	NA	3.9770582
89	NA	4.480837
92	NA	4.03683
95	NA	4.014529
96	NA	3.8136399
101	NA	4.495028
102	NA	4.2576933
103	NA	4.078974
104	NA	4.109873
106	NA	4.081592
108	NA	4.36336
109	NA	4.1377606
110	NA	4.358439
111	NA	4.2634573
114	NA	3.665361
115	NA	3.7357905
118	NA	4.4257107
121	NA	4.481217
123	NA	4.261132
125	NA	4.2023606
128	NA	4.2434916
132	NA	4.3675766
134	NA	4.392849
135	NA	4.0686417
137	NA	4.107356
138	NA	4.176238
142	NA	4.240769
143	NA	4.2780337
144	NA	4.058262
145	NA	3.8381336
147	NA	4.0769253
149	NA	4.418146
151	NA	4.418142
152	NA	3.899578
153	NA	4.312875
154	NA	3.924726
155	NA	4.269543
156	NA	4.1328583
157	NA	4.380074
158	NA	4.4648504
160	NA	4.380245
162	NA	4.232077
165	NA	4.2231374
166	NA	4.21665
167	NA	4.3334775
168	NA	4.4377794
169	NA	4.476529
171	NA	4.4581676
172	NA	4.32137
174	NA	4.298325
175	NA	4.3059573
177	NA	4.2924376
178	NA	4.395144
179	NA	4.3415546
180	NA	4.452719
181	NA	4.397547
182	NA	4.403869
187	NA	3.986886
189	NA	4.00011
190	NA	4.0473914
191	NA	4.4321704
193	NA	4.473193
195	NA	4.349962
196	NA	4.2968006
198	NA	4.2419186
199	NA	4.32383
203	NA	4.3651867
204	NA	4.083454
206	NA	4.1506677
207	NA	4.010294
208	NA	4.12686
209	NA	4.427661
210	NA	4.197068
212	NA	4.4049263
213	NA	3.8977602
214	NA	3.9513576
220	NA	4.460157
221	NA	4.401138
222	NA	4.5
229	NA	4.4973054
230	NA	4.089661
231	NA	4.4688888
235	NA	4.0157547
239	NA	4.104393
242	NA	4.3780794
243	NA	4.38052
244	NA	4.3126345
245	NA	4.354602
246	NA	4.024086
247	NA	4.1445856
250	NA	4.1160717
251	NA	3.940402
252	NA	4.105907
255	NA	4.4676323
261	NA	4.2912846
262	NA	4.440243
263	NA	4.472857
264	NA	4.3943486
267	NA	4.129348
268	NA	4.135023
270	NA	4.0987053
271	NA	4.2610908
274	NA	4.4241815
275	NA	4.4019027
278	NA	4.06743
281	NA	4.083855
282	NA	4.4789867
284	NA	4.236473
288	NA	4.2727194
290	NA	4.260497
292	NA	4.191153
294	NA	4.446089
295	NA	3.9951224
297	NA	3.9930708
298	NA	3.7856786
299	NA	3.95594
300	NA	4.4218755
306	NA	4.089826
307	NA	4.199921
308	NA	4.183186
314	NA	4.459024
316	NA	4.174013
318	NA	4.2545223
319	NA	4.1263013
320	NA	4.124016
321	NA	4.1928024
322	NA	4.496353
324	NA	4.356543
325	NA	4.141911
326	NA	4.1911035
328	NA	4.226054
330	NA	4.2155547
334	NA	4.4849033
336	NA	4.1489677
337	NA	3.9309568
343	NA	4.3616
345	NA	4.084595
348	NA	4.191563
349	NA	4.252955
350	NA	4.244262
352	NA	4.3569837
353	NA	4.460514
355	NA	4.2558594
356	NA	4.148574
357	NA	4.224179
359	NA	4.116036
364	NA	4.376546
365	NA	4.425951
368	NA	4.341369
369	NA	4.3214097
371	NA	4.486525
376	NA	4.3410807
383	NA	4.385297
385	NA	4.437248
386	NA	4.332637
388	NA	4.3810773
389	NA	4.360276
399	NA	4.189318
400	NA	4.260162
401	NA	4.2944074
405	NA	4.376586
406	NA	3.6494277
407	NA	3.6683815
408	NA	3.7269983
411	NA	4.453911
412	NA	4.321624
414	NA	4.4188375
416	NA	4.237949
418	NA	4.2784286
419	NA	4.3553305
420	NA	4.2395444
421	NA	4.2668114
424	NA	4.392732
425	NA	4.252538
426	NA	4.4151
429	NA	4.3184204
430	NA	4.34933
431	NA	4.2727036
432	NA	4.319963
433	NA	4.415866
437	NA	4.2011886
443	NA	4.381334
444	NA	4.325709
445	NA	4.1300225
448	NA	4.294406
452	NA	4.3218107
453	NA	4.334974
455	NA	4.1376305
456	NA	4.2199883
458	NA	4.010862
459	NA	4.084005
460	NA	4.111683
463	NA	4.334539
464	NA	4.4399896
466	NA	4.36686
467	NA	4.3135314
468	NA	4.214222
469	NA	4.4503407
471	NA	4.308934
472	NA	4.31165
474	NA	4.2476616
478	NA	4.0684695
479	NA	4.06687
480	NA	4.107398
481	NA	4.204797
482	NA	4.470927
483	NA	4.1287436
487	NA	4.3370805
488	NA	4.2200465
490	NA	4.298382
492	NA	4.3826356
493	NA	4.388086
495	NA	4.3845515
498	NA	4.245117
501	NA	4.20533
502	NA	4.3712745
503	NA	4.3882527
504	NA	4.2893405
509	NA	4.287418
510	NA	4.280704
511	NA	4.2523503
512	NA	4.3290944
517	NA	4.3404794
518	NA	4.4955573
519	NA	4.474184
521	NA	4.3127866
523	NA	4.134461
525	NA	4.1821575
532	NA	4.373252
533	NA	4.3889046
534	NA	4.290759
536	NA	4.21953
537	NA	4.2651687
539	NA	4.3437214
540	NA	4.2750635
543	NA	4.296453
544	NA	4.391148
546	NA	4.4591665
547	NA	4.1625133
549	NA	4.1430564
553	NA	4.237633
554	NA	4.454979
558	NA	4.4651294
559	NA	4.3838487
562	NA	4.170915
563	NA	4.1914454
566	NA	4.1680083
567	NA	4.46937
569	NA	4.3627787
571	NA	4.3893385
572	NA	4.434314
573	NA	4.376045
574	NA	4.2803326
575	NA	4.3468714
576	NA	4.3461747
577	NA	4.340562
578	NA	4.3109713
579	NA	4.369776
580	NA	4.487016
582	NA	4.4523125
583	NA	4.3892074
584	NA	4.4532375
585	NA	4.2752156
589	NA	4.308255
590	NA	4.3442845
591	NA	4.4606395
593	NA	4.446352
594	NA	4.3862305
595	NA	4.2448726
596	NA	4.1353407
598	NA	4.196505
600	NA	4.464424
602	NA	4.2561545
607	NA	4.200328
608	NA	4.1563296
610	NA	4.1455183
612	NA	4.207933
613	NA	4.499786
614	NA	4.4357157
615	NA	4.3652506
616	NA	4.3120832
618	NA	4.1911345
620	NA	4.1925673
623	NA	4.2381725
624	NA	4.2622476
627	NA	4.277235
633	NA	4.17492
635	NA	4.1161394
636	NA	3.9661074
639	NA	4.4633985
640	NA	4.473609
642	NA	4.426337
644	NA	4.2207184
652	NA	4.4084964
654	NA	4.2574835
656	NA	4.4330273
658	NA	4.232268
659	NA	4.1568117
662	NA	4.228442
664	NA	4.205691
665	NA	4.444549
666	NA	4.3271685
667	NA	4.4622755
669	NA	4.411661
670	NA	4.231467
673	NA	4.209869
674	NA	4.197411
675	NA	4.197641
677	NA	4.475285
681	NA	4.354758
682	NA	4.2152395
683	NA	4.125345
684	NA	4.07491
686	NA	4.185405
688	NA	4.209697
694	NA	4.4000487
695	NA	4.3114185
700	NA	4.339634
701	NA	4.290574
705	NA	4.174451
706	NA	4.2396
707	NA	4.2471285
708	NA	4.108087
710	NA	4.037482
711	NA	4.210677
712	NA	4.208778
713	NA	4.372054
714	NA	4.282598
716	NA	4.4680953
719	NA	3.9561105
720	NA	3.9382906
721	NA	3.6362004
724	NA	3.8317366
726	NA	4.3974648
739	NA	4.426222
740	NA	4.2621627
742	NA	4.362231
743	NA	3.996886
744	NA	4.0512247
750	NA	4.0178447
751	NA	3.999453
753	NA	4.4659348
755	NA	4.1854157
756	NA	4.143738
758	NA	4.2425656
763	NA	4.4163494
767	NA	4.222195
770	NA	4.1653366
771	NA	4.177113
773	NA	4.4316335
775	NA	4.3512473
776	NA	4.186644
778	NA	4.1741867
779	NA	4.2126303
781	NA	4.403022
782	NA	4.347613
786	NA	4.340712
787	NA	4.211362
788	NA	4.0882177
790	NA	4.084587
794	NA	4.461144
795	NA	4.482655
798	NA	4.3658485
800	NA	4.0665474
801	NA	4.2835064
803	NA	4.2585464
805	NA	4.4424195
806	NA	4.476655
807	NA	4.3859525
808	NA	4.3895383
809	NA	4.2249556
810	NA	4.155038
814	NA	4.1557364
815	NA	4.1451926
817	NA	4.482447
818	NA	4.4171805
819	NA	4.414394
821	NA	4.1361995
823	NA	4.011295
826	NA	4.121695
828	NA	4.463106
829	NA	4.444884
832	NA	4.3440194
833	NA	4.2094235
834	NA	4.1054826
835	NA	4.2002587
837	NA	4.215992
838	NA	4.2473974
840	NA	4.3925366
842	NA	4.3377123
843	NA	4.450143
847	NA	4.1322474
849	NA	4.223541
850	NA	4.1746235
853	NA	4.444022
854	NA	4.122864
856	NA	4.499163
861	NA	3.9885695
863	NA	4.233052
865	NA	4.243934
871	NA	4.068589
875	NA	4.13293
877	NA	4.431467
884	NA	3.7606723
885	NA	3.965857
886	NA	3.9865453
890	NA	4.4230814
891	NA	4.1222305
894	NA	4.2551756
896	NA	4.247893
897	NA	4.0547247
900	NA	4.427835
901	NA	4.40357
903	NA	4.3790097
905	NA	4.2685637
907	NA	4.262952
911	NA	4.261563
912	NA	4.4350657
914	NA	4.4940295
916	NA	4.28752
918	NA	3.7282684
919	NA	3.8280356
921	NA	3.7914698
923	NA	4.356752
924	NA	4.4354987
925	NA	4.307984
926	NA	4.37521
928	NA	4.0988135
929	NA	4.1933613
930	NA	4.418457
934	NA	4.4699965
937	NA	4.452854
938	NA	4.3503146
939	NA	4.239557
941	NA	4.226824
942	NA	4.136407
946	NA	4.1701875
951	NA	4.4287004
952	NA	4.253104
954	NA	3.930936
955	NA	4.0321436
958	NA	3.9437847
964	NA	4.363371
965	NA	4.3938203
966	NA	4.273455
968	NA	4.186587
969	NA	4.256978
971	NA	4.2573447
972	NA	4.251784
974	NA	4.3447423
976	NA	4.4728045
977	NA	4.446357
981	NA	4.0704827
982	NA	4.218838
983	NA	4.103435
986	NA	4.4823356
990	NA	4.481628
992	NA	4.143137
993	NA	4.1029224
995	NA	4.108613
997	NA	4.0624895
999	NA	4.4565835
1001	NA	4.481455
1003	NA	4.2962604
1005	NA	4.30047
1006	NA	4.2611914
1011	NA	4.3877835
1012	NA	4.2740135
1013	NA	4.3635635
1014	NA	4.294857
1015	NA	4.2800007
1017	NA	4.2040505
1020	NA	4.2446785
1023	NA	4.3219438
1024	NA	4.4360094
1025	NA	4.3807435
1027	NA	4.1916637
1030	NA	4.2871294
1032	NA	4.4407463
1034	NA	4.3275943
1035	NA	4.499328
1036	NA	4.3897943
1040	NA	4.0518527
1041	NA	3.8795233
1042	NA	3.8981688
1051	NA	4.075411
1056	NA	4.0824246
1058	NA	4.45804
1059	NA	4.4629908
1060	NA	4.3995423
1062	NA	4.3911
1063	NA	4.3119593
1066	NA	4.253012
1067	NA	4.2521925
1070	NA	4.294491
1071	NA	4.4419665
1072	NA	4.374982
1073	NA	4.4983816
1075	NA	4.3777943
1077	NA	4.3470883
1078	NA	4.2910557
1079	NA	4.381307
1081	NA	4.4082785
1085	NA	4.5
1086	NA	4.4571075
1089	NA	4.340293
1098	NA	4.4239306
1100	NA	3.9510543
1101	NA	3.8794107
1103	NA	3.9729424
1106	NA	4.457824
1107	NA	4.4531307
1110	NA	4.3140335
1113	NA	3.8803291
1114	NA	3.9064467
1116	NA	3.9227057
1121	NA	4.1098704
1123	NA	4.3662896
1124	NA	4.1258707
1126	NA	4.429652
1127	NA	4.4239645
1130	NA	4.390977
1131	NA	4.5
1132	NA	3.9446979
1134	NA	3.9623492
1136	NA	3.962746
1138	NA	3.9623492
1139	NA	4.2188196
1140	NA	4.0889707
1141	NA	4.4612546
1142	NA	4.2879868
1143	NA	4.179774
1144	NA	3.951745
1146	NA	3.837648
1148	NA	4.295201
1150	NA	4.40156
1151	NA	4.216375
1152	NA	4.308512
1156	NA	4.4000125
1158	NA	4.3926396
1159	NA	4.3930326
1160	NA	4.402107
1163	NA	4.27078
1164	NA	4.3043976
1166	NA	4.3162313
1168	NA	4.320043
1171	NA	4.090919
1172	NA	4.3013964
1173	NA	4.116814
1174	NA	4.4757776
1176	NA	4.357849
1181	NA	4.1596146
1183	NA	4.1310325
1185	NA	4.483777
1186	NA	4.424037
1187	NA	4.45512
1189	NA	4.3878984
1197	NA	4.27315
1198	NA	4.3080707
1199	NA	4.293788
1201	NA	4.2518888
1203	NA	4.183732
1204	NA	4.3073483
1208	NA	4.488378
1209	NA	4.427148
1210	NA	3.9906683
1211	NA	3.981569
1216	NA	4.184342
1217	NA	4.1860294
1218	NA	4.33557
1220	NA	4.0170274
1223	NA	4.1740036
1224	NA	4.445873
1225	NA	4.1060457
1226	NA	4.3464303
1229	NA	4.100413
1231	NA	4.0758905
1233	NA	4.4121156
1234	NA	4.3440185
1235	NA	4.111161
1238	NA	4.355874
1243	NA	4.129866
1245	NA	4.1155877
1247	NA	4.1327386
1250	NA	4.4753604
1252	NA	4.1008677
1253	NA	4.4676857
1254	NA	4.422638
1256	NA	4.2220917
1257	NA	4.2817564
1258	NA	3.9261804
1260	NA	4.4225273
1261	NA	4.4319243
1262	NA	4.3310666
1263	NA	4.0106726
1264	NA	4.327077
1265	NA	3.7279775
1267	NA	4.1284275
1269	NA	4.372493
1272	NA	4.38318
1277	NA	4.3631253
1278	NA	4.2835536
1279	NA	4.338677
1281	NA	4.115061
1285	NA	4.2807918
1286	NA	4.273042
1288	NA	4.2635946
1289	NA	4.4466724
1290	NA	4.441329
1295	NA	4.411892
1296	NA	4.167456
1298	NA	4.306594
1299	NA	4.1960025
1300	NA	4.133817
1301	NA	4.397659
1304	NA	4.337005
1306	NA	3.987663
1307	NA	4.307292
1309	NA	4.246767
1310	NA	4.112826
1312	NA	4.39457
1313	NA	3.9982634
1314	NA	3.859774
1315	NA	3.844004
1316	NA	3.8529613
1320	NA	4.5
1322	NA	3.7297769
1323	NA	4.5
1324	NA	4.3108764
1325	NA	3.7418647
1327	NA	4.4403825
1330	NA	4.4709835
1331	NA	4.4644337
1332	NA	4.4560843
1334	NA	4.2873774
1337	NA	4.298577
1338	NA	4.264146
1339	NA	4.3105164
1340	NA	4.2518063
1343	NA	4.217094
1347	NA	4.189933
1348	NA	4.3926806
1349	NA	4.3601656
1351	NA	4.49691
1353	NA	4.3391986
1356	NA	4.2310214
1357	NA	4.335957
1360	NA	4.2055206
1362	NA	4.2334933
1363	NA	4.306199
1364	NA	4.048939
1366	NA	4.1469502
1367	NA	4.3594656
1369	NA	4.2683935
1370	NA	4.416448
1374	NA	4.1572413
1375	NA	4.313155
1377	NA	4.415938
1382	NA	4.173276
1383	NA	4.148183
1391	NA	4.2939534
1392	NA	4.1258774
1393	NA	4.2001896
1394	NA	4.4631104
1395	NA	4.482447
1397	NA	3.8968215
1398	NA	4.4828496
1401	NA	4.484436
1402	NA	4.4850807
1406	NA	4.35139
1411	NA	4.14447
1413	NA	4.2603426
1416	NA	4.424817
1418	NA	4.032507
1420	NA	4.2844524
1422	NA	4.2939906
1423	NA	4.198375
1424	NA	4.392575
1425	NA	4.0454597
1426	NA	3.9683807
1428	NA	4.0116053
1430	NA	4.268798
1433	NA	4.2119513
1436	NA	4.085553
1437	NA	4.318412
1439	NA	4.191263
1440	NA	3.863619
1441	NA	4.159543
1442	NA	4.400075
1445	NA	4.1350083
1447	NA	4.3883286
1449	NA	4.4154654
1450	NA	4.475924
1451	NA	4.2838216
1452	NA	4.1602674
1454	NA	3.9564157
1456	NA	4.1853356
1457	NA	4.419694
1459	NA	4.1318893
1460	NA	4.437233
1462	NA	4.261048
1465	NA	4.2106256
1468	NA	4.499353
1471	NA	3.9598336
1472	NA	4.2704406
1475	NA	4.425703
1477	NA	4.4113746
1478	NA	4.4201007
1485	NA	4.3574767
1490	NA	4.054475
1491	NA	4.0912485
1492	NA	4.159428
1496	NA	4.220561
1497	NA	4.2977834
1500	NA	4.0438395
1502	NA	4.374389
1507	NA	4.299453
1508	NA	4.2835135
1510	NA	4.2266927
1512	NA	3.6809404
1515	NA	3.9198914
1516	NA	3.7556643
1518	NA	3.4171374
1520	NA	4.301839
1522	NA	4.426586
1526	NA	4.259581
1528	NA	4.331601
1529	NA	4.354358
1530	NA	4.316
1533	NA	4.1129537
1537	NA	3.9895632
1539	NA	4.208764
1540	NA	4.2978673
1542	NA	4.0416255
1543	NA	3.8093805
1544	NA	4.159634
1546	NA	4.17213
1548	NA	3.6643212
1554	NA	3.6337996
1555	NA	4.3023353
1556	NA	4.3868413
1560	NA	4.2381363
1561	NA	4.4452844
1562	NA	4.2176275
1564	NA	4.349326
1567	NA	4.455369
1568	NA	4.297068
1569	NA	4.4762053
1571	NA	4.0126014
1572	NA	4.1293554
1577	NA	4.14865
1578	NA	4.3081374
1579	NA	4.3946157
1581	NA	4.175161
1583	NA	3.9710183
1589	NA	4.292462
1590	NA	4.262887
1593	NA	4.306997
1594	NA	4.1327405
1596	NA	4.467295
1597	NA	4.206064
1598	NA	4.4837713
1600	NA	4.0610037
1602	NA	3.9201531
1603	NA	4.046943
1605	NA	4.068622
1611	NA	4.4595394
1613	NA	4.1498613
1616	NA	4.2148046
1617	NA	4.2429204
1619	NA	4.419326
1620	NA	4.5
1622	NA	4.193535
1623	NA	3.7613435
1624	NA	4.2459803
1630	NA	4.408617
1633	NA	4.1070094
1634	NA	4.1012697
1636	NA	4.278596
1637	NA	4.104329
1638	NA	4.101886
1642	NA	4.3341546
1644	NA	4.088214
1645	NA	4.288366
1654	NA	4.093374
1656	NA	4.3170953
1658	NA	4.366002
1662	NA	4.208053
1664	NA	4.4915986
1665	NA	4.152336
1666	NA	4.196966
1667	NA	4.457912
1672	NA	3.6100242
1674	NA	3.642655
1678	NA	4.3426604
1679	NA	3.9054666
1681	NA	4.332019
1683	NA	4.3261113
1684	NA	4.2715096
1685	NA	4.3707166
1686	NA	4.160469
1688	NA	3.7888126
1689	NA	4.39101
1692	NA	4.1641374
1693	NA	4.386303
1695	NA	4.3336186
1696	NA	4.084748
1698	NA	4.1561813
1699	NA	4.2745605
1701	NA	3.9260345
1704	NA	4.4942956
1709	NA	4.2965384
1710	NA	4.311322
1713	NA	4.12263
1717	NA	3.9634814
1718	NA	4.0588923
1720	NA	4.030133
1722	NA	4.2737703
1725	NA	4.298755
1726	NA	4.4459257
1727	NA	4.3169527
1728	NA	4.0444746
1730	NA	4.0772233
1731	NA	3.9275484
1732	NA	3.9071686
1734	NA	4.2997065
1735	NA	4.257292
1737	NA	4.386462
1738	NA	3.457787
1739	NA	3.4301598
1740	NA	3.6850135
1742	NA	3.6718256
1743	NA	4.355394
1744	NA	4.3498154
1745	NA	4.41732
1746	NA	4.3725348
1748	NA	4.24195
1749	NA	4.192949
1750	NA	4.1237335
1752	NA	4.1948
1758	NA	4.1670814
1760	NA	4.0692816
1761	NA	4.164012
1762	NA	3.9643402
1763	NA	4.055413
1764	NA	4.165446
1767	NA	4.395272
1768	NA	4.4241242
1769	NA	4.453534
1770	NA	4.295487
1774	NA	4.0986238
1775	NA	3.7533715
1778	NA	4.5
1779	NA	4.348418
1785	NA	4.2400823
1786	NA	4.231963
1788	NA	4.231963
1790	NA	4.2122545
1793	NA	3.9333994
1794	NA	3.9594815
1795	NA	3.970994
1796	NA	3.720151
1797	NA	3.8638597
1799	NA	4.022769
1800	NA	4.1536136
1801	NA	4.1797934
1802	NA	4.3221107
1803	NA	4.4517856
1804	NA	4.3311844
1805	NA	4.2550535
1806	NA	4.1896925
1810	NA	4.1013503
1813	NA	4.295863
1816	NA	4.4227295
1817	NA	4.179275
1819	NA	4.0658174
1821	NA	3.9005156
1824	NA	4.0204053
1826	NA	4.4733
1827	NA	4.313873
1828	NA	4.446924
1831	NA	4.4002833
1833	NA	3.9231207
1834	NA	4.0523996
1835	NA	4.0317163
1836	NA	4.0369387
1837	NA	4.0485964
1838	NA	4.0122514
1843	NA	4.238336
1845	NA	3.9262586
1848	NA	3.9641895
1850	NA	4.4666896
1855	NA	4.3432784
1856	NA	4.3651223
1857	NA	4.093624
1858	NA	4.3728385
1859	NA	4.493361
1860	NA	4.2240324
1862	NA	4.333512
1863	NA	3.9423187
1864	NA	3.6960413
1865	NA	4.0465264
1867	NA	3.9844935
1868	NA	3.8970447
1870	NA	3.904978
1871	NA	3.8807294
1872	NA	4.12848
1875	NA	4.3047547
1880	NA	3.7078006
1883	NA	4.0773726
1885	NA	4.460376
1889	NA	4.2975464
1890	NA	4.0050263
1891	NA	4.2803135
1893	NA	4.0652037
1895	NA	4.082686
1896	NA	4.172158
1899	NA	4.32612
1901	NA	3.9922888
1902	NA	4.0610185
1903	NA	3.890233
1905	NA	3.7662492
1906	NA	3.9201896
1911	NA	4.0078893
1913	NA	4.411044
1914	NA	4.372555
1915	NA	4.0353484
1916	NA	3.8059702
1917	NA	4.0826273
1920	NA	4.0686264
1922	NA	4.1841373
1923	NA	4.3441515
1924	NA	4.1922946
1925	NA	4.375401
1926	NA	4.4279056
1928	NA	3.9275165
1929	NA	3.7327728
1930	NA	4.0481086
1931	NA	3.96987
1932	NA	4.0214863
1933	NA	3.9366698
1937	NA	4.497646
1938	NA	4.1917377
1941	NA	4.3022227
1945	NA	4.4527035
1947	NA	4.3918643
1950	NA	4.187926
1951	NA	4.10348
1953	NA	4.476242
1956	NA	4.4242163
1957	NA	4.3095665
1958	NA	3.6485915
1959	NA	3.543517
1960	NA	3.752355
1962	NA	3.6597114
1965	NA	4.2949405
1966	NA	4.1834726
1968	NA	4.3940396
1971	NA	4.149797
1973	NA	4.2330284
1976	NA	4.266185
1977	NA	4.493113
1979	NA	4.038629
1980	NA	4.3283887
1982	NA	3.7585602
1983	NA	3.8696613
1985	NA	3.8706064
1986	NA	3.8912256
1990	NA	4.243641
1995	NA	4.235702
1997	NA	4.287
1998	NA	4.3051314
2002	NA	4.2455688
2003	NA	4.1607256
2010	NA	4.336706
2013	NA	4.207303
2017	NA	4.462654
2021	NA	4.148861
2022	NA	3.9218516
2026	NA	4.192774
2028	NA	4.395063
2031	NA	4.407523
2032	NA	4.326628
2033	NA	4.1523385
2034	NA	3.9554422
2036	NA	4.082467
2039	NA	4.1043806
2042	NA	4.247076
2043	NA	4.4468484
2044	NA	4.265529
2046	NA	4.1388073
2048	NA	3.9698591
2050	NA	3.7541478
2053	NA	4.378964
2054	NA	4.3409038
2057	NA	4.2617326
2060	NA	4.253541
2062	NA	4.178281
2063	NA	4.145761
2065	NA	4.478959
2069	NA	4.1482887
2071	NA	4.382655
2074	NA	4.228994
2077	NA	4.2740765
2083	NA	4.2342925
2085	NA	4.22357
2093	NA	4.300349
2095	NA	3.8008962
2099	NA	4.134618
2101	NA	4.4775834
2106	NA	4.352974
2108	NA	4.2363114
2110	NA	4.2218304
2111	NA	4.0584793
2114	NA	4.338711
2116	NA	4.315487
2120	NA	4.181156
2126	NA	4.2596083
2127	NA	4.4965496
2128	NA	4.27704
2129	NA	4.340037
2131	NA	4.1759324
2133	NA	4.3653536
2134	NA	4.1861362
2135	NA	4.3622503
2137	NA	4.129866
2138	NA	4.2763033
2140	NA	4.3303356
2142	NA	3.9050324
2143	NA	3.915
2147	NA	3.9292395
2149	NA	4.5
2151	NA	4.391993
2152	NA	4.468171
2154	NA	4.398721
2155	NA	4.137027
2156	NA	4.001006
2158	NA	4.1150966
2159	NA	4.219261
2160	NA	4.1744456
2161	NA	4.1150966
2168	NA	4.396414
2169	NA	4.3752565
2173	NA	4.348513
2174	NA	4.4438705
2177	NA	4.280613
2178	NA	4.2552533
2182	NA	4.495582
2185	NA	4.339726
2186	NA	4.158124
2187	NA	4.1054473
2189	NA	3.93027
2190	NA	4.127521
2191	NA	4.4659133
2193	NA	4.362026
2194	NA	4.4466376
2197	NA	4.2653823
2200	NA	4.3274403
2201	NA	4.3749356
2204	NA	4.395901
2206	NA	4.4081807
2209	NA	4.250499
2211	NA	4.339247
2214	NA	4.3044467
2216	NA	4.23192
2219	NA	4.415002
2220	NA	4.240136
2223	NA	4.1252885
2224	NA	4.191129
2225	NA	4.2246075
2227	NA	4.197291
2230	NA	4.3766317
2237	NA	4.4130697
2241	NA	4.124602
2244	NA	4.2398896
2245	NA	4.290994
2246	NA	4.5
2248	NA	4.2146177
2249	NA	4.0734377
2254	NA	4.1585693
2255	NA	4.3979135
2256	NA	4.287485
2257	NA	4.3583803
2258	NA	4.309524
2262	NA	4.162568
2265	NA	4.313875
2267	NA	4.442057
2268	NA	4.3069572
2269	NA	4.30248
2270	NA	4.3071213
2271	NA	4.1202865
2273	NA	4.336226
2276	NA	4.4859304
2278	NA	4.3651457
2279	NA	4.2602706
2280	NA	4.3641906
2283	NA	4.2314115
2285	NA	4.4219785
2290	NA	4.437766
2292	NA	4.2393556
2293	NA	4.4004354
2294	NA	4.192004
2295	NA	4.331906
2296	NA	4.0474753
2298	NA	4.1418705
2300	NA	4.2370253
2301	NA	4.3316374
2306	NA	4.0224595
2312	NA	4.308786
2313	NA	4.446288
2320	NA	4.313129
2321	NA	4.2671685
2323	NA	4.3577843
2324	NA	4.25407
2325	NA	4.3669367
2326	NA	4.196288
2328	NA	4.3669367
2331	NA	4.449786
2335	NA	4.3162313
2336	NA	4.119041
2337	NA	4.4337378
2342	NA	3.9234028
2343	NA	3.9419677
2345	NA	3.849838
2346	NA	4.478236
2347	NA	4.426776
2349	NA	4.428469
2353	NA	4.158185
2354	NA	4.113917
2355	NA	4.114182
2356	NA	4.129409
2357	NA	4.362261
2361	NA	4.317329
2367	NA	4.1449065
2370	NA	4.322238
2371	NA	4.431892
2372	NA	4.4225707
2373	NA	4.1881065
2376	NA	4.3278546
2378	NA	4.270853
2379	NA	4.3968863
2380	NA	4.2863936
2382	NA	4.1971073
2384	NA	4.165904
2387	NA	4.494756
2389	NA	4.3203454
2390	NA	4.382145
2393	NA	4.158704
2394	NA	4.40285
2395	NA	4.34719
2396	NA	4.4003196
2398	NA	4.003117
2399	NA	4.347749
2403	NA	4.17014
2406	NA	4.3489547
2408	NA	4.4079466
2411	NA	4.090366
2412	NA	4.1454916
2416	NA	4.2087016
2417	NA	4.260559
2418	NA	4.5
2419	NA	4.4250736
2420	NA	4.181498
2421	NA	4.1909933
2424	NA	4.275456
2425	NA	4.181498
2427	NA	4.223944
2428	NA	4.4087386
2432	NA	3.975537
2433	NA	4.0289702
2434	NA	4.2212377
2435	NA	4.38631
2437	NA	4.452629
2439	NA	4.3457084
2442	NA	4.3244452
2443	NA	3.7775874
2444	NA	4.373042
2446	NA	4.3415375
2448	NA	4.2626653
2449	NA	4.4007196
2451	NA	4.3973713
2452	NA	4.099297
2453	NA	4.101885
2454	NA	4.1504245
2460	NA	4.2924213
2461	NA	4.4644303
2462	NA	4.3350377
2463	NA	4.3880386
2464	NA	4.133704
2468	NA	3.9282482
2469	NA	4.4257193
2470	NA	4.298634
2471	NA	4.358907
2473	NA	3.5641592
2475	NA	3.6268845
2477	NA	4.4876246
2478	NA	4.256244
2479	NA	4.301331
2480	NA	4.4090633
2481	NA	4.1638484
2482	NA	4.267374
2483	NA	4.3133125
2484	NA	4.039982
2487	NA	4.388061
2489	NA	4.2127166
2490	NA	4.362531
2492	NA	3.996638
2493	NA	4.271276
2498	NA	4.2018776
2501	NA	3.6697974
2502	NA	4.2840204
2503	NA	4.192921
2504	NA	4.0656095
2507	NA	4.257776
2511	NA	4.052238
2512	NA	4.12164
2513	NA	4.226419
2516	NA	4.226329
2517	NA	4.3366466
2519	NA	4.3265104
2520	NA	4.3995237
2522	NA	4.0657277
2523	NA	4.104365
2524	NA	4.117268
2526	NA	3.8815978
2528	NA	4.4894795
2531	NA	4.236033
2532	NA	4.2682967
2533	NA	4.1733027
2534	NA	4.268721
2536	NA	4.276829
2537	NA	4.4279103
2541	NA	4.226542
2542	NA	4.10908
2546	NA	4.2810354
2547	NA	4.3833265
2548	NA	4.2461553
2550	NA	4.1197257
2552	NA	4.2417684
2556	NA	4.386149
2558	NA	4.203483
2559	NA	4.0857067
2560	NA	3.922901
2562	NA	3.9787982
2563	NA	4.183041
2564	NA	4.4963365
2565	NA	4.3286624
2567	NA	4.248087
2568	NA	3.6074214
2570	NA	3.4926193
2571	NA	3.467321
2573	NA	4.403197
2575	NA	4.2833548
2576	NA	4.4008856
2580	NA	4.201139
2581	NA	4.4194045
2584	NA	4.446117
2585	NA	4.2065763
2586	NA	4.2328453
2587	NA	3.9150941
2595	NA	4.5
2598	NA	4.448247
2600	NA	4.3364253
2603	NA	4.1380453
2605	NA	4.409627
2607	NA	4.302751
2609	NA	4.457849
2610	NA	4.3859634
2611	NA	4.130477
2612	NA	4.457849
2613	NA	4.4856014
2614	NA	4.1795106
2616	NA	4.2374177
2617	NA	3.9216127
2618	NA	4.0274477
2620	NA	3.9383216
2621	NA	4.1266775
2624	NA	4.427298
2629	NA	4.3678083
2631	NA	4.467616
2633	NA	4.3792357
2635	NA	4.3820043
2639	NA	3.8102589
2641	NA	4.319152
2642	NA	3.7801359
2644	NA	4.4483156
2645	NA	4.1301374
2646	NA	4.07581
2647	NA	4.341129
2648	NA	3.7613692
2649	NA	3.8748722
2652	NA	3.9113038
2653	NA	4.470272
2658	NA	4.162326
2659	NA	3.9762778
2661	NA	4.1398306
2663	NA	4.155094
2665	NA	4.2675395
2667	NA	4.2644553
2669	NA	4.019423
2671	NA	4.039832
2674	NA	4.3161387
2676	NA	4.4151177
2677	NA	4.3629365
2681	NA	4.274257
2683	NA	4.4496264
2685	NA	4.3846245
2686	NA	4.4432526
2690	NA	4.2819824
2693	NA	4.258092
2694	NA	4.1949615
2695	NA	4.496876
2697	NA	4.2211723
2698	NA	4.1289577
2699	NA	4.276447
2700	NA	4.211392
2706	NA	3.9726086
2717	NA	4.2572374
2719	NA	4.265912
2723	NA	4.392815
2725	NA	4.322915
2727	NA	3.9937272
2729	NA	4.0127616
2732	NA	4.0670033
2733	NA	4.3246174
2736	NA	4.4311447
2737	NA	4.2247705
2740	NA	4.1992545
2742	NA	4.42173
2743	NA	4.450452
2745	NA	4.155835
2746	NA	4.2597938
2747	NA	4.096039
2749	NA	4.300091
2750	NA	4.3777323
2753	NA	4.3751655
2759	NA	4.1945376
2760	NA	4.4892445
2762	NA	4.320814
2767	NA	4.3295255
2769	NA	4.4430532
2771	NA	4.441997
2773	NA	4.370485
2780	NA	4.465739
2781	NA	4.279358
2782	NA	4.3046975
2785	NA	4.266801
2786	NA	4.353382
2790	NA	4.242682
2793	NA	4.2546906
2794	NA	4.1594095
2796	NA	4.1250157
2798	NA	4.4951873
2801	NA	4.383184
2804	NA	3.9303896
2805	NA	3.890923
2806	NA	3.9074347
2808	NA	4.196619
2810	NA	4.280289
2814	NA	3.7354963
2816	NA	4.464829
2819	NA	4.48862
2820	NA	4.3473334
2823	NA	4.2094383
2824	NA	4.0713806
2825	NA	4.2071557
2826	NA	4.1927776
2830	NA	4.3439984
2831	NA	4.024393
2832	NA	4.013117
2833	NA	4.11198
2834	NA	4.0370593
2835	NA	4.0580735
2836	NA	4.37367
2840	NA	4.2232237
2841	NA	4.0864644
2843	NA	4.146808
2846	NA	4.1054597
2847	NA	4.4946113
2848	NA	4.3864155
2849	NA	4.224853
2852	NA	3.9825683
2855	NA	4.431103
2858	NA	4.220771
2859	NA	3.9528067
2866	NA	4.378759
2869	NA	4.2459264
2871	NA	4.470943
2872	NA	4.3911953
2873	NA	4.2417784
2876	NA	4.390839
2877	NA	4.3668003
2878	NA	4.3273563
2880	NA	4.4397335
2882	NA	4.224775
2884	NA	4.3995075
2885	NA	4.0336213
2887	NA	4.2247705
2888	NA	4.0003667
2889	NA	4.2115636
2892	NA	4.0959544
2893	NA	4.3434305
2895	NA	4.2001953
2897	NA	4.4056463
2901	NA	4.3983035
2902	NA	4.292965
2904	NA	4.2572517
2906	NA	4.2276006
2912	NA	4.1891055
2914	NA	4.1451178
2921	NA	4.362166
2922	NA	4.3523636
2923	NA	4.315397
2925	NA	4.4208426
2928	NA	4.443032
2929	NA	4.399022
2931	NA	4.155614
2934	NA	4.2324405
2940	NA	4.424156
2942	NA	4.306795
2944	NA	4.308965
2946	NA	4.34214
2947	NA	4.3303695
2948	NA	4.3656807
2949	NA	4.029941
2950	NA	4.255027
2953	NA	4.000515
2954	NA	4.1942997
2962	NA	4.1136036
2963	NA	4.3761396
2973	NA	4.3961034
2975	NA	4.464713
2978	NA	4.482691
2979	NA	4.0086675
2982	NA	4.175049
2985	NA	4.181325
2986	NA	4.3214774
2987	NA	4.235128
2990	NA	4.253932
2991	NA	4.05109
2993	NA	4.0926113
2999	NA	4.3213243
3000	NA	3.9183667
3001	NA	4.070404
3003	NA	4.1990085
3004	NA	4.4794364
3006	NA	4.496192
3008	NA	4.1942554
3009	NA	4.097186
3011	NA	4.330174
3012	NA	4.1775365
3013	NA	4.0677466
3017	NA	4.4618387
3020	NA	4.191927
3021	NA	4.2640452
3023	NA	4.2596555
3025	NA	4.3518734
3026	NA	4.214255
3028	NA	4.244412
3029	NA	3.9838455
3030	NA	4.0209885
3032	NA	3.9733386
3034	NA	4.439935
3035	NA	4.4209156
3037	NA	4.368925
3040	NA	4.407335
3044	NA	4.449291
3045	NA	4.45206
3048	NA	4.3467565
3051	NA	4.453047
3052	NA	4.2980156
3053	NA	4.379268
3055	NA	4.3530817
3056	NA	4.2103744
3057	NA	4.406178
3058	NA	4.2513013
3060	NA	4.5
3063	NA	4.4513516
3064	NA	4.4513197
3066	NA	4.2351665
3067	NA	4.2329736
3070	NA	4.2329736
3074	NA	4.498582
3075	NA	4.2640724
3076	NA	4.36397
3077	NA	4.412146
3078	NA	4.274206
3080	NA	4.2631392
3082	NA	4.495595
3083	NA	4.33901
3084	NA	4.347064
3086	NA	4.1694674
3087	NA	4.287933
3088	NA	4.350653
3089	NA	4.4907413
3090	NA	3.4904206
3093	NA	4.0199385
3095	NA	4.0356326
3096	NA	3.5226748
3099	NA	4.3733716
3101	NA	4.484407
3103	NA	4.4206257
3104	NA	4.172879
3106	NA	4.329321
3108	NA	4.4264164
3109	NA	4.3754115
3112	NA	4.398021
3113	NA	3.9857812
3115	NA	4.1088424
3116	NA	3.8674643
3117	NA	4.140767
3118	NA	4.473993
3119	NA	4.3594623
3120	NA	4.4333334
3124	NA	4.335691
3125	NA	4.2524166
3127	NA	4.3593044
3128	NA	4.384276
3131	NA	4.4164405
3133	NA	4.300681
3135	NA	4.403671
3136	NA	4.2915354
3137	NA	4.378379
3138	NA	4.5
3139	NA	4.377173
3141	NA	3.7758574
3142	NA	3.2852721
3144	NA	3.5975916
3145	NA	3.6215162
3146	NA	3.6215162
3147	NA	4.494811
3148	NA	4.4055066
3149	NA	4.4155717
3151	NA	4.2938113
3152	NA	4.2634583
3154	NA	4.3457394
3155	NA	4.369971
3159	NA	4.4540668
3160	NA	4.0819154
3163	NA	4.4446316
3167	NA	4.292096
3168	NA	4.2776136
3169	NA	4.2749853
3171	NA	4.230016
3172	NA	4.0688696
3173	NA	4.0571084
3175	NA	4.217869
3176	NA	4.444095
3177	NA	4.45325
3178	NA	4.4960537
3179	NA	4.416658
3180	NA	4.4173307
3183	NA	4.3933253
3184	NA	4.4253187
3185	NA	4.4073205
3189	NA	4.3321815
3190	NA	4.2156377
3191	NA	4.258621
3193	NA	4.3610272
3194	NA	4.4774785
3195	NA	4.3673506
3196	NA	4.426557
3197	NA	4.4361296
3198	NA	4.3540177
3199	NA	4.2828326
3204	NA	4.3168926
3205	NA	4.4568377
3206	NA	4.3096642
3207	NA	4.227435
3209	NA	4.2440505
3210	NA	4.341002
3211	NA	4.3351226
3212	NA	4.4319453
3215	NA	4.4145203
3216	NA	4.332082
3219	NA	4.175602
3220	NA	4.3518677
3225	NA	4.311749
3226	NA	4.236483
3229	NA	4.35879
3231	NA	4.4254766
3233	NA	4.387855
3234	NA	4.204251
3235	NA	4.261801
3236	NA	4.230694
3237	NA	4.2075295
3239	NA	4.41019
3240	NA	4.323692
3241	NA	4.5
3244	NA	3.7346547
3245	NA	4.219542
3246	NA	4.1667695
3247	NA	4.2083645
3249	NA	4.440158
3251	NA	4.396638
3259	NA	4.275586
3263	NA	4.4329
3266	NA	4.404576
3267	NA	4.35476
3268	NA	4.340246
3269	NA	4.4564323
3270	NA	4.290716
3276	NA	4.283551
3279	NA	4.243221
3282	NA	4.157173
3284	NA	4.1634903
3289	NA	4.240746
3290	NA	3.9649997
3293	NA	4.1760855
3295	NA	4.3743005
3296	NA	4.3900695
3297	NA	4.427374
3300	NA	4.2346635
3301	NA	4.2490573
3302	NA	4.3507986
3305	NA	4.3006344
3306	NA	4.4902205
3307	NA	4.1728396
3308	NA	4.364613
3309	NA	4.4608893
3310	NA	3.909181
3312	NA	3.9098663
3315	NA	4.4376245
3317	NA	4.453651
3318	NA	4.419043
3320	NA	4.3461494
3323	NA	4.375601
3326	NA	4.276246
3328	NA	4.356962
3331	NA	4.0937734
3333	NA	4.075404
3334	NA	4.206882
3335	NA	4.398546
3337	NA	4.466194
3341	NA	4.2448244
3343	NA	4.2787504
3348	NA	4.3380585
3350	NA	3.8717709
3352	NA	3.981507
3354	NA	4.1430006
3355	NA	4.5
3360	NA	4.3335357
3365	NA	4.1688476
3377	NA	4.386675
3379	NA	4.044219
3380	NA	4.0850635
3381	NA	3.8768435
3383	NA	4.090079
3387	NA	4.350147
3388	NA	4.2691255
3390	NA	4.1486793
3391	NA	4.0503306
3392	NA	4.2893615
3393	NA	4.3986864
3394	NA	4.4054484
3399	NA	3.89089
3401	NA	3.800503
3402	NA	4.4386697
3403	NA	4.4713073
3404	NA	4.2950835
3406	NA	4.1894536
3408	NA	4.3111978
3409	NA	4.3143687
3410	NA	4.347486
3415	NA	4.476944
3417	NA	4.3898115
3419	NA	4.3602104
3421	NA	4.3646464
3423	NA	4.2180157
3430	NA	4.1453276
3431	NA	4.1169715
3434	NA	4.1169796
3439	NA	4.2640758
3441	NA	4.350674
3442	NA	4.4402385
3445	NA	4.4511337
3446	NA	4.0110106
3447	NA	3.9974446
3449	NA	4.2068963
3450	NA	3.9752898
3455	NA	4.26913
3456	NA	4.3006597
3457	NA	4.284364
3458	NA	4.2082014
3463	NA	4.2759147
3464	NA	4.404437
3466	NA	4.3005676
3469	NA	4.230338
3470	NA	4.0325823
3473	NA	4.364606
3474	NA	4.1422415
3475	NA	3.7970424
3476	NA	4.294364
3477	NA	4.1113496
3478	NA	4.0049376
3481	NA	4.425186
3482	NA	4.4390507
3483	NA	4.4963655
3489	NA	4.2041535
3490	NA	4.170454
3493	NA	4.1704836
3497	NA	4.5
3498	NA	4.4393063
3499	NA	4.291351
3502	NA	4.1663604
3506	NA	4.247672
3509	NA	4.0833826
3513	NA	4.353619
3515	NA	4.467229
3519	NA	4.2875166
3520	NA	3.795866
3521	NA	4.140977
3522	NA	4.3608713
3523	NA	4.013058
3524	NA	4.3320203
3525	NA	4.433162
3526	NA	4.31041
3527	NA	4.2407894
3531	NA	3.9421387
3532	NA	4.3160787
3535	NA	4.3309245
3540	NA	4.206931
3545	NA	4.2434797
3550	NA	4.1175103
3551	NA	4.1481457
3553	NA	4.5
3555	NA	4.2861967
3557	NA	3.9791195
3558	NA	4.2426734
3559	NA	4.104478
3560	NA	4.007095
3562	NA	4.2071786
3563	NA	4.437101
3564	NA	4.198706
3570	NA	4.229373
3573	NA	4.000609
3575	NA	4.2078767
3578	NA	4.355874
3581	NA	4.3055387
3583	NA	4.296198
3585	NA	4.186874
3587	NA	4.3764076
3588	NA	4.2959614
3590	NA	4.102215
3591	NA	4.1252356
3593	NA	4.3167024
3594	NA	4.1937914
3595	NA	4.391152
3596	NA	4.4124193
3597	NA	4.28358
3599	NA	4.2604437
3600	NA	4.423008
3601	NA	4.1387267
3604	NA	4.308406
3605	NA	4.3918433
3606	NA	4.4700217
3608	NA	4.291516
3609	NA	4.386473
3610	NA	4.0034733
3612	NA	4.1515317
3613	NA	4.2274723
3615	NA	4.236975
3616	NA	4.318066
3617	NA	4.369487
3619	NA	3.744765
3621	NA	3.729109
3622	NA	3.6887214
3628	NA	4.3419375
3631	NA	4.197511
3632	NA	4.178929
3634	NA	4.171373
3636	NA	4.1834774
3637	NA	4.300602
3641	NA	4.245268
3642	NA	4.0394573
3644	NA	4.4597087
3645	NA	4.41909
3648	NA	4.4592175
3652	NA	4.2657104
3654	NA	4.1146345
3655	NA	4.1296935
3656	NA	4.1296935
3659	NA	4.440392
3660	NA	4.399199
3662	NA	4.1482725
3663	NA	4.1463013
3664	NA	4.0681148
3665	NA	4.208707
3667	NA	4.465558
3671	NA	4.133725
3674	NA	4.193211
3675	NA	4.1203775
3676	NA	4.182542
3677	NA	4.4198437
3678	NA	3.9581034
3679	NA	4.43795
3681	NA	4.329364
3683	NA	3.9721766
3688	NA	4.406627
3698	NA	4.4810057
3700	NA	4.225935
3704	NA	4.1523333
3706	NA	4.225935
3714	NA	4.469221
3715	NA	4.3938837
3716	NA	4.48728
3717	NA	4.3069825
3722	NA	4.3484173
3723	NA	3.8012326
3724	NA	4.0809608
3726	NA	3.9551754
3729	NA	4.304032
3730	NA	4.280609
3731	NA	4.378346
3732	NA	4.0798535
3734	NA	3.8507476
3735	NA	4.007482
3738	NA	3.8325112
3741	NA	4.411301
3744	NA	4.2249994
3745	NA	4.2471256
3749	NA	4.414476
3754	NA	4.2972703
3757	NA	4.1508484
3760	NA	4.339358
3763	NA	4.428624
3764	NA	4.346588
3768	NA	4.424874
3769	NA	4.3910856
3771	NA	4.4578667
3772	NA	4.4026966
3773	NA	4.3895493
3775	NA	4.2971077
3778	NA	4.304283
3782	NA	4.3109713
3786	NA	4.2118645
3787	NA	4.1941957
3791	NA	4.4821553
3792	NA	4.4476976
3793	NA	4.3256063
3794	NA	4.339524
3796	NA	4.085186
3798	NA	4.168139
3802	NA	4.3526525
3806	NA	4.1670427
3808	NA	4.3010955
3810	NA	4.2032084
3811	NA	4.302117
3813	NA	4.207943
3815	NA	4.406895
3816	NA	4.403915
3817	NA	4.2030954
3818	NA	4.148371
3819	NA	4.313611
3822	NA	4.301997
3824	NA	4.2015805
3829	NA	4.3531737
3830	NA	4.2975144
3832	NA	4.309014
3833	NA	4.200514
3835	NA	4.450723
3837	NA	4.3549695
3841	NA	4.1414447
3842	NA	4.3697596
3843	NA	4.5
3848	NA	4.1442533
3849	NA	3.9131021
3850	NA	4.3381357
3851	NA	4.11246
3854	NA	4.4997625
3858	NA	4.3310637
3859	NA	4.187252
3863	NA	4.239603
3865	NA	4.4215283
3867	NA	4.44215
3875	NA	4.1693277
3876	NA	4.4943824
3877	NA	4.373225
3878	NA	4.4401393
3879	NA	4.257751
3881	NA	4.189643
3888	NA	4.355854
3889	NA	4.435908
3890	NA	4.372835
3891	NA	3.9404123
3894	NA	4.3200912
3896	NA	4.290012
3900	NA	4.15849
3902	NA	4.3082056
3906	NA	4.045797
3907	NA	4.3932953
3911	NA	4.3951
3913	NA	4.170123
3916	NA	3.9643703
3918	NA	3.9745016
3919	NA	3.7953901
3923	NA	4.5
3925	NA	4.416166
3926	NA	4.412937
3927	NA	4.1326284
3928	NA	4.136624
3931	NA	4.1877
3932	NA	4.169686
3933	NA	4.169686
3937	NA	4.3131104
3944	NA	4.4395776
3945	NA	4.414906
3946	NA	4.245512
3950	NA	4.3643823
3952	NA	4.467564
3953	NA	4.249735
3954	NA	4.472668
3959	NA	4.132267
3960	NA	4.341554
3962	NA	4.361801
3963	NA	4.4289765
3964	NA	4.4903526
3965	NA	4.4374876
3966	NA	4.229051
3967	NA	4.186842
3968	NA	4.031306
3969	NA	4.3031726
3971	NA	4.288076
3974	NA	4.247463
3975	NA	4.24637
3977	NA	4.1222177
3978	NA	4.308278
3979	NA	3.9473689
3981	NA	4.4106073
3983	NA	4.316203
3988	NA	4.4666724
3991	NA	4.237299
3997	NA	3.90133
4000	NA	4.2317834
4003	NA	4.231515
4005	NA	4.3768115
4008	NA	4.402043
4009	NA	4.341351
4010	NA	4.1958294
4016	NA	4.3693194
4018	NA	4.2943935
4019	NA	4.2768097
4022	NA	4.3514504
4023	NA	4.3499866
4024	NA	4.4030614
4025	NA	4.3294945
4026	NA	4.466642
4027	NA	4.405537
4029	NA	4.2868814
4030	NA	4.3174095
4032	NA	4.1890893
4035	NA	4.387735
4039	NA	4.441785
4042	NA	4.0556197
4044	NA	4.2032456
4048	NA	4.2698493
4051	NA	4.013019
4052	NA	4.113976
4053	NA	4.226775
4055	NA	4.282053
4057	NA	4.2788906
4059	NA	4.2266455
4064	NA	4.4470778
4070	NA	4.309987
4073	NA	4.33773
4075	NA	4.4633627
4077	NA	4.403789
4078	NA	4.3447895
4080	NA	4.337413
4081	NA	4.390848
4082	NA	4.271993
4089	NA	4.3466167
4091	NA	3.890338
4092	NA	3.838755
4093	NA	4.006193
4095	NA	3.917959
4096	NA	3.9838598
4097	NA	3.9628172
4098	NA	4.402166
4099	NA	4.3468575
4101	NA	4.08121
4103	NA	3.9793398
4104	NA	4.354495
4106	NA	4.2705398
4107	NA	4.2954545
4110	NA	4.1661367
4111	NA	4.048593
4116	NA	4.402306
4121	NA	4.0882115
4122	NA	4.1094875
4124	NA	4.13605
4128	NA	4.21665
4129	NA	4.386473
4130	NA	4.4430633
4131	NA	4.361535
4138	NA	4.439861
4139	NA	4.2043233
4143	NA	3.9487078
4144	NA	3.9664943
4150	NA	4.169337
4151	NA	4.1378613
4153	NA	4.2423654
4158	NA	4.1734743
4159	NA	4.0072527
4160	NA	4.222281
4161	NA	4.1950126
4166	NA	4.4626846
4167	NA	4.2948856
4169	NA	4.3308434
4170	NA	4.284599
4171	NA	4.3340807
4172	NA	4.4518204
4175	NA	4.112995
4177	NA	3.7736297
4180	NA	4.194263
4182	NA	4.1799803
4184	NA	4.2636323
4186	NA	4.263495
4188	NA	4.226125
4189	NA	4.285421
4190	NA	3.9995594
4192	NA	4.3341393
4198	NA	4.1519957
4200	NA	4.3859468
4201	NA	4.3782835
4203	NA	4.353665
4204	NA	4.407393
4206	NA	4.226982
4208	NA	3.7934582
4210	NA	4.3025885
4211	NA	4.0965033
4215	NA	3.8077312
4217	NA	3.8533685
4218	NA	3.8744407
4222	NA	4.4591336
4224	NA	3.8760955
4225	NA	3.9642794
4226	NA	3.734977
4227	NA	3.9746377
4229	NA	4.399483
4230	NA	4.2437043
4233	NA	3.9404082
4234	NA	3.828853
4237	NA	4.2906837
4240	NA	4.2833676
4241	NA	4.061747
4243	NA	3.955358
4245	NA	4.1281033
4249	NA	4.251355
4250	NA	4.5
4255	NA	3.9298594
4256	NA	4.221476
4258	NA	4.4172263
4261	NA	4.226228
4262	NA	3.9805465
4263	NA	4.0556116
4264	NA	3.9850051
4268	NA	4.4791183
4270	NA	4.374419
4271	NA	4.3344502
4273	NA	4.2123694
4276	NA	4.4416537
4278	NA	4.350713
4281	NA	3.67372
4285	NA	4.231201
4286	NA	4.444466
4292	NA	4.0403256
4293	NA	4.158746
4294	NA	4.196619
4296	NA	4.021731
4297	NA	4.0763617
4298	NA	4.016628
4300	NA	3.8063169
4302	NA	4.357137
4303	NA	4.1240554
4309	NA	3.6678133
4310	NA	4.0562296
4311	NA	4.4480705
4313	NA	4.447357
4314	NA	4.391459
4317	NA	4.3218546
4319	NA	4.377648
4324	NA	4.323821
4326	NA	4.23113
4327	NA	4.2030954
4331	NA	4.186543
4332	NA	4.345745
4333	NA	4.4293985
4334	NA	4.405681
4337	NA	4.3081656
4343	NA	4.1834745
4345	NA	3.967812
4352	NA	3.905596
4353	NA	4.262799
4355	NA	3.910396
4356	NA	3.8898926
4358	NA	3.3963559
4362	NA	4.3605323
4366	NA	4.1193705
4367	NA	4.0989547
4368	NA	4.072852
4372	NA	4.413746
4373	NA	4.2445416
4374	NA	4.099106
4375	NA	4.051269
4380	NA	4.3160286
4383	NA	4.1740403
4384	NA	4.4246025
4389	NA	4.29888
4391	NA	4.408053
4397	NA	4.299887
4399	NA	4.252304
4400	NA	4.351378
4402	NA	4.2960715
4403	NA	4.3745875
4404	NA	4.321753
4405	NA	4.255743
4406	NA	4.4441347
4409	NA	4.4553447
4413	NA	4.160859
4415	NA	4.2773466
4416	NA	4.403907
4419	NA	4.4154186
4420	NA	4.080919
4421	NA	4.1943684
4422	NA	4.1343155
4423	NA	4.0601463
4424	NA	4.1882114
4425	NA	4.219535
4427	NA	4.3303905
4428	NA	4.345575
4430	NA	3.96555
4433	NA	4.0594583
4434	NA	4.228965
4435	NA	4.214312
4436	NA	4.432403
4437	NA	4.1554694
4438	NA	3.7826674
4441	NA	3.7488
4444	NA	4.2748966
4448	NA	4.0537996
4449	NA	4.121912
4450	NA	4.0048738
4451	NA	4.0884814
4452	NA	4.4198775
4453	NA	4.215625
4455	NA	4.4090137
4456	NA	4.002684
4459	NA	3.9403992
4460	NA	4.0125656
4461	NA	4.323952
4462	NA	4.28833
4463	NA	4.2995424
4465	NA	4.1273723
4466	NA	3.8763242
4467	NA	4.0969167
4470	NA	4.41265
4474	NA	3.9972904
4475	NA	4.0141
4476	NA	4.1196275
4478	NA	4.047238
4479	NA	4.284705
4480	NA	4.408367
4482	NA	4.4352465
4483	NA	3.5144665
4484	NA	3.4875593
4485	NA	3.4147375
4488	NA	4.49764
4489	NA	4.1772175
4491	NA	4.2820973
4493	NA	4.258613
4494	NA	4.4935913
4495	NA	4.1701174
4496	NA	4.4935174
4499	NA	4.3251147
4500	NA	4.4093413
4502	NA	4.033808
4504	NA	4.0248346
4506	NA	3.9807446
4508	NA	4.3307405
4510	NA	4.4405527
4512	NA	4.0830207
4518	NA	4.190945
4521	NA	4.2223487
4527	NA	4.219617
4528	NA	4.1749387
4530	NA	4.096085
4531	NA	4.062061
4532	NA	4.2877407
4533	NA	3.9948237
4535	NA	4.3385873
4536	NA	4.4470167
4537	NA	4.4928575
4538	NA	4.3327303
4539	NA	4.260169
4542	NA	4.228186
4543	NA	4.251897
4547	NA	4.207302
4548	NA	4.2531805
4550	NA	4.211028
4552	NA	4.405892
4554	NA	4.491041
4555	NA	4.445735
4557	NA	4.2820983
4560	NA	4.307715
4561	NA	4.3222423
4563	NA	4.0733657
4566	NA	4.04038
4568	NA	3.8205001
4571	NA	4.423287
4572	NA	3.9156282
4575	NA	3.9248388
4576	NA	3.8054037
4577	NA	3.8164945
4578	NA	3.4973326
4582	NA	3.993317
4584	NA	3.993317
4586	NA	4.3061852
4587	NA	4.4095387
4589	NA	4.1703978
4591	NA	4.140337
4592	NA	4.3969474
4593	NA	3.67277
4594	NA	3.8792465
4598	NA	4.307611
4599	NA	4.220561
4600	NA	4.331198
4602	NA	4.3323436
4603	NA	4.236752
4604	NA	4.2776356
4607	NA	4.310246
4608	NA	4.219617
4609	NA	4.414419
4613	NA	4.310246
4618	NA	4.483412
4620	NA	4.2147036
4621	NA	4.214784
4622	NA	4.222936
4623	NA	4.0868
4624	NA	4.24757
4625	NA	4.2996
4627	NA	4.481525
4628	NA	4.3819284
4629	NA	3.8604858
4631	NA	3.9305065
4639	NA	4.1654086
4640	NA	4.2192435
4641	NA	4.1298933
4642	NA	4.4238143
4645	NA	4.4461317
4647	NA	4.4610133
4649	NA	4.4536285
4654	NA	4.4660387
4655	NA	4.367509
4657	NA	3.9097083
4658	NA	4.1276813
4667	NA	4.2674723
4670	NA	4.4967914
4672	NA	4.456427
4675	NA	4.3641043
4676	NA	4.3426256
4677	NA	4.338112
4678	NA	4.3438525
4682	NA	4.3877616
4684	NA	4.337693
4690	NA	4.3306913
4691	NA	4.4420366
4692	NA	4.387656
4693	NA	4.3896737
4694	NA	4.259187
4695	NA	4.2623057
4698	NA	4.207041
4703	NA	4.344334
4704	NA	4.3569794
4705	NA	4.4469543
4706	NA	4.432154
4708	NA	4.3952537
4709	NA	4.383614
4714	NA	4.1041512
4715	NA	4.085117
4719	NA	4.5
4721	NA	4.214783
4722	NA	3.4852142
4723	NA	3.399159
4726	NA	3.639786
4727	NA	3.639786
4730	NA	4.481552
4732	NA	4.4528146
4733	NA	4.2927585
4736	NA	4.4501534
4737	NA	4.310796
4738	NA	4.4605217
4739	NA	4.4858966
4741	NA	4.420014
4744	NA	4.301896
4747	NA	4.2714257
4748	NA	4.4034796
4749	NA	4.38252
4750	NA	4.4703026
4751	NA	4.444247
4754	NA	4.1914086
4757	NA	4.3967485
4758	NA	4.4387336
4765	NA	4.183799
4768	NA	4.427444
4770	NA	3.8248513
4772	NA	3.8808744
4773	NA	3.916497
4775	NA	4.24386
4778	NA	4.4252906
4779	NA	4.3996577
4781	NA	4.250975
4783	NA	4.38544
4784	NA	4.3170376
4785	NA	4.4472876
4786	NA	4.252986
4787	NA	4.2754807
4789	NA	3.9436553
4791	NA	4.054843
4792	NA	4.1342273
4801	NA	4.345996
4804	NA	4.5
4809	NA	4.0328207
4818	NA	4.1530495
4827	NA	4.2813563
4828	NA	4.3039784
4829	NA	3.9958692
4830	NA	4.2685895
4833	NA	4.1753654
4834	NA	4.1769824
4835	NA	4.4935913
4837	NA	4.375112
4838	NA	4.2939367
4840	NA	4.0645404
4841	NA	4.3862567
4846	NA	4.0587564
4850	NA	4.0888867
4854	NA	4.2833676
4856	NA	3.9179358
4861	NA	4.33603
4862	NA	4.2295837
4864	NA	4.008005
4865	NA	3.6396577
4868	NA	4.184332
4870	NA	4.068817
4871	NA	4.0444217
4873	NA	4.04431
4875	NA	4.4349914
4876	NA	3.9149172
4878	NA	4.287038
4884	NA	4.2125034
4887	NA	4.446694
4889	NA	4.2891345
4890	NA	4.315251
4892	NA	4.092267
4893	NA	4.18201
4894	NA	3.8064036
4895	NA	4.1655464
4896	NA	4.3080907
4897	NA	4.2207203
4899	NA	4.161703
4902	NA	4.2098975
4904	NA	4.3363934
4906	NA	4.3524632
4907	NA	4.4065804
4908	NA	4.288376
4909	NA	4.180343
4910	NA	4.0608506
4914	NA	4.307611
4917	NA	4.31627
4923	NA	4.481923
4924	NA	4.4610586
4925	NA	4.460268
4927	NA	4.282563
4930	NA	4.299764
4931	NA	4.3145695
4935	NA	4.4964056
4936	NA	4.4358206
4939	NA	4.1315393
4943	NA	3.8929367
4945	NA	4.3619194
4952	NA	4.1280136
4955	NA	4.473203
4956	NA	4.462152
4958	NA	4.381185
4962	NA	4.332312
4969	NA	4.143158
4972	NA	4.4903955
4973	NA	4.362494
4976	NA	3.7756405
4979	NA	3.8656101
4980	NA	3.828994
4984	NA	4.3624372
4986	NA	4.132841
4987	NA	4.071008
4988	NA	3.7400513
4993	NA	4.403163
4994	NA	3.94996
4995	NA	3.934755
4999	NA	4.471551
5001	NA	4.4786015
5004	NA	4.3740435
5006	NA	4.3657165
5008	NA	4.453136
5009	NA	4.172576
5013	NA	3.972219
5016	NA	4.319391
5019	NA	4.4011793
5020	NA	4.3843017
5021	NA	4.4423857
5028	NA	4.384382
5029	NA	4.4302783
5034	NA	4.374186
5035	NA	4.3169446
5036	NA	4.358748
5038	NA	4.4494987
5041	NA	4.2940297
5042	NA	4.1795106
5043	NA	4.06578
5044	NA	3.8692667
5054	NA	4.032412
5055	NA	4.0425334
5057	NA	4.3071904
5059	NA	4.4970884
5061	NA	4.4540052
5062	NA	4.091581
5063	NA	4.278043
5065	NA	4.4480705
5066	NA	4.301331
5067	NA	4.4090633
5068	NA	4.476012
5069	NA	4.301264
5070	NA	3.9038107
5071	NA	3.6856513
5075	NA	4.2967863
5076	NA	4.210379
5077	NA	4.29234
5084	NA	4.343106
5087	NA	4.3492374
5088	NA	4.086561
5090	NA	4.1690135
5093	NA	4.4740076
5094	NA	4.302466
5095	NA	4.3566613
5098	NA	4.079721
5099	NA	4.148507
5101	NA	4.152652
5103	NA	4.465985
5104	NA	4.4341807
5106	NA	4.1773577
5108	NA	4.0518384
5111	NA	4.422779
5112	NA	4.3715906
5118	NA	3.4513197
5120	NA	4.3065324
5122	NA	4.328336
5126	NA	4.130214
5128	NA	4.1868677
5129	NA	4.49573
5130	NA	4.292778
5131	NA	4.437285
5138	NA	4.4080815
5140	NA	4.336393
5143	NA	4.0463424
5144	NA	4.0768843
5146	NA	4.034917
5150	NA	4.216808
5151	NA	4.201898
5152	NA	3.8992918
5156	NA	4.4587636
5157	NA	4.3189673
5158	NA	4.32601
5159	NA	4.273356
5162	NA	4.273452
5164	NA	4.2727814
5165	NA	4.3319983
5168	NA	4.400056
5170	NA	3.9452581
5172	NA	3.7243183
5173	NA	3.9019048
5174	NA	4.3340163
5179	NA	4.2390623
5180	NA	4.2470527
5181	NA	4.1294217
5182	NA	4.3596754
5183	NA	4.1958866
5184	NA	4.4674015
5185	NA	4.490082
5188	NA	4.159863
5190	NA	4.0706563
5192	NA	4.2802076
5193	NA	3.9542778
5194	NA	4.323646
5196	NA	4.12043
5200	NA	4.103475
5202	NA	4.415554
5205	NA	4.160092
5207	NA	4.1948566
5209	NA	4.2007794
5210	NA	4.445632
5211	NA	4.180139
5213	NA	4.3806257
5214	NA	3.8525486
5217	NA	3.469435
5218	NA	3.3824482
5221	NA	4.335377
5222	NA	4.4692674
5224	NA	4.123475
5228	NA	4.285383
5229	NA	4.2290425
5230	NA	4.446415
5233	NA	4.112062
5235	NA	3.9561098
5237	NA	4.3897915
5240	NA	4.4663715
5241	NA	4.207765
5243	NA	4.270094
5245	NA	4.1917024
5250	NA	4.1834764
5252	NA	4.050184
5255	NA	4.309014
5257	NA	4.3622313
5259	NA	3.8956065
5265	NA	4.4478774
5266	NA	4.4448576
5268	NA	4.4186034
5270	NA	4.2908263
5271	NA	4.386854
5272	NA	4.429003
5273	NA	4.402014
5274	NA	4.281829
5275	NA	4.3684545
5279	NA	4.424145
5280	NA	4.1252527
5281	NA	4.348299
5283	NA	4.271999
5284	NA	4.485185
5285	NA	4.292953
5286	NA	4.4470477
5287	NA	4.2347717
5289	NA	4.222888
5290	NA	4.439868
5292	NA	4.3957543
5293	NA	4.3410144
5295	NA	4.087191
5297	NA	4.1718884
5299	NA	4.086774
5300	NA	4.1026974
5301	NA	3.97082
5302	NA	4.3253818
5305	NA	4.229346
5307	NA	3.8835769
5308	NA	4.341686
5309	NA	4.2880034
5312	NA	4.423551
5315	NA	4.195299
5316	NA	4.1340117
5320	NA	4.1208143
5322	NA	3.9315739
5323	NA	3.98549
5326	NA	3.9926894
5328	NA	4.4233446
5330	NA	4.2921796
5331	NA	4.3394413
5332	NA	4.2921796
5336	NA	4.2600737
5337	NA	4.444061
5339	NA	4.3892174
5343	NA	4.138432
5344	NA	4.228346
5353	NA	4.4040146
5354	NA	4.321498
5355	NA	4.391368
5360	NA	3.889995
5364	NA	4.190945
5365	NA	4.4958396
5366	NA	4.3967657
5367	NA	4.301729
5368	NA	4.2015934
5371	NA	4.3079696
5375	NA	4.387145
5381	NA	4.1815596
5382	NA	4.401473
5386	NA	4.1661277
5388	NA	4.317525
5390	NA	4.452588
5392	NA	4.4367433
5394	NA	4.129498
5396	NA	4.119151
5400	NA	4.3004823
5402	NA	4.2625785
5403	NA	4.046563
5408	NA	4.300908
5410	NA	4.444903
5412	NA	4.165653
5413	NA	4.1163664
5416	NA	4.148618
5417	NA	4.461366
5418	NA	4.471084
5421	NA	3.8125904
5422	NA	3.8225977
5424	NA	4.0835123
5425	NA	4.011909
5428	NA	4.3086123
5430	NA	4.08303
5431	NA	4.163311
5433	NA	4.1178937
5438	NA	4.368466
5441	NA	3.8329265
5442	NA	4.1621366
5444	NA	4.260471
5445	NA	4.1110067
5448	NA	4.250163
5450	NA	4.2935677
5451	NA	4.063678
5452	NA	4.4455357
5453	NA	4.2573156
5465	NA	3.9457266
5469	NA	3.7588985
5470	NA	4.152847
5472	NA	4.442297
5473	NA	4.309849
5475	NA	4.130088
5479	NA	4.274667
5481	NA	4.328207
5482	NA	4.4129653
5484	NA	4.3262653
5485	NA	4.33873
5486	NA	4.229954
5488	NA	4.337196
5490	NA	4.046943
5493	NA	3.9428847
5494	NA	4.1979938
5499	NA	4.3930526
5506	NA	4.29348
5508	NA	4.140576
5509	NA	4.3901596
5511	NA	4.282276
5515	NA	4.330674
5516	NA	4.354736
5517	NA	4.4605846
5519	NA	4.4621367
5524	NA	4.0823517
5527	NA	4.4180737
5528	NA	4.3628297
5529	NA	4.3997893
5536	NA	4.460755
5539	NA	4.2733245
5541	NA	4.288599
5542	NA	4.3198028
5543	NA	4.4106474
5544	NA	4.2528253
5547	NA	4.101849
5550	NA	4.014962
5551	NA	4.2225432
5557	NA	3.9564388
5559	NA	4.0214915
5562	NA	4.2058163
5564	NA	4.395476
5566	NA	4.0036554
5567	NA	4.0645075
5570	NA	4.4843283
5571	NA	4.3899913
5572	NA	4.477234
5573	NA	4.482791
5574	NA	4.2826014
5576	NA	4.338067
5577	NA	4.2878942
5578	NA	4.3212304
5579	NA	4.260422
5581	NA	4.4317217
5583	NA	4.3527093
5585	NA	4.0644617
5589	NA	4.3587327
5590	NA	4.479724
5592	NA	4.3990035
5594	NA	4.1690545
5596	NA	4.400018
5597	NA	4.19981
5598	NA	4.0012045
5599	NA	4.17905
5600	NA	3.863619
5601	NA	4.0409975
5605	NA	4.2562485
5606	NA	4.251562
5611	NA	3.9947603
5616	NA	4.3394856
5622	NA	4.312765
5625	NA	4.454271
5626	NA	4.4928117
5628	NA	4.345041
5629	NA	4.162701
5630	NA	4.2593455
5631	NA	4.326097
5635	NA	4.3900576
5636	NA	4.354467
5638	NA	4.1713524
5639	NA	4.1518664
5644	NA	4.4868026
5648	NA	4.3180633
5649	NA	4.3206472
5650	NA	4.3783007
5652	NA	4.4358745
5654	NA	4.420724
5655	NA	4.108505
5658	NA	4.2245145
5660	NA	4.324424
5661	NA	4.4096766
5662	NA	4.3055606
5665	NA	4.182531
5666	NA	4.0444236
5667	NA	4.215688
5669	NA	4.459517
5670	NA	4.4708037
5672	NA	4.374143
5673	NA	4.3793344
5674	NA	4.3381104
5681	NA	3.9656842
5682	NA	4.2445054
5684	NA	4.3838964
5685	NA	4.272012
5686	NA	4.4726205
5688	NA	4.407585
5689	NA	4.3930206
5690	NA	4.264347
5692	NA	3.8607337
5699	NA	4.268126
5700	NA	4.150097
5702	NA	4.1777425
5703	NA	4.1318493
5704	NA	4.2491164
5705	NA	4.412553
5707	NA	4.445512
5708	NA	4.1905146
5709	NA	4.430062
5711	NA	4.343463
5713	NA	4.453838
5714	NA	4.360281
5715	NA	4.3005095
5716	NA	4.390933
5719	NA	4.211683
5720	NA	4.263138
5721	NA	4.0841923
5723	NA	4.3216133
5724	NA	4.3626404
5726	NA	4.3530746
5727	NA	4.0980306
5729	NA	4.3546042
5730	NA	4.314916
5731	NA	4.423751
5734	NA	4.4889874
5735	NA	4.4000564
5738	NA	4.1266036
5743	NA	4.472344
5746	NA	4.205787
5748	NA	4.308496
5754	NA	4.125914
5757	NA	4.049447
5759	NA	4.2309012
5760	NA	4.3581553
5763	NA	4.341324
5766	NA	4.1095176
5767	NA	4.0302095
5769	NA	4.2141047
5771	NA	4.4052854
5774	NA	4.1029468
5775	NA	3.897479
5778	NA	4.2115884
5780	NA	4.462648
5782	NA	4.3091335
5783	NA	4.1488004
5784	NA	3.9758182
5785	NA	4.0364017
5786	NA	4.0795984
5789	NA	4.189859
5790	NA	4.333409
5793	NA	4.341042
5795	NA	4.134741
5796	NA	4.453737
5798	NA	4.1514354
5800	NA	4.146276
5802	NA	4.0621896
5803	NA	4.088472
5804	NA	4.2763743
5805	NA	4.169203
5807	NA	4.396781
5808	NA	4.453412
5809	NA	4.410136
5814	NA	4.2583237
5817	NA	4.4372993
5818	NA	4.2642875
5827	NA	4.413746
5830	NA	4.2756886
5831	NA	4.3613033
5832	NA	4.4321413
5833	NA	4.388517
5837	NA	4.219759
5838	NA	4.0688133
5840	NA	4.0876346
5843	NA	4.4076734
5844	NA	4.375868
5849	NA	4.4076734
5854	NA	4.438494
5856	NA	4.286529
5858	NA	4.300247
5862	NA	4.399351
5863	NA	4.474534
5866	NA	4.254617
5868	NA	4.265601
5869	NA	4.1704016
5870	NA	4.489318
5871	NA	4.352901
5873	NA	3.694717
5877	NA	3.8605564
5878	NA	4.388567
5880	NA	4.4878244
5881	NA	4.301348
5884	NA	4.3596606
5888	NA	4.4300194
5889	NA	4.401779
5891	NA	3.853943
5892	NA	3.88578
5893	NA	3.8606358
5896	NA	4.437705
5897	NA	4.3040066
5903	NA	4.1070023
5908	NA	4.396301
5910	NA	3.8793178
5912	NA	3.7948298
5913	NA	3.8899539
5915	NA	4.4268847
5916	NA	4.094176
5917	NA	3.991201
5921	NA	4.136189
5925	NA	4.229994
5926	NA	4.341213
5927	NA	3.3539538
5929	NA	3.4046009
5932	NA	4.309307
5933	NA	4.327391
5934	NA	4.2781878
5935	NA	4.4426427
5939	NA	4.171249
5940	NA	4.334168
5942	NA	4.430482
5945	NA	4.4556975
5946	NA	4.3165846
5949	NA	4.365046
5950	NA	4.307705
5951	NA	4.3339777
5953	NA	4.2082896
5954	NA	4.4987273
5957	NA	4.3637104
5958	NA	4.3857756
5959	NA	4.2269382
5961	NA	4.4978347
5962	NA	4.30371
5963	NA	4.4368076
5967	NA	4.0339603
5969	NA	4.1126585
5971	NA	4.1446342
5972	NA	4.487966
5973	NA	4.450055
5974	NA	4.3078423
5980	NA	4.3320365
5981	NA	4.269676
5984	NA	4.3583894
5985	NA	4.461698
5993	NA	4.3489676
5994	NA	4.497383
5995	NA	4.3213606
5997	NA	4.4169784
5998	NA	4.320909
5999	NA	4.2431645
6002	NA	4.3185587
6003	NA	4.477201
6004	NA	4.452012
6008	NA	4.190773
6009	NA	4.157191
6010	NA	4.259085
6011	NA	4.192664
6012	NA	4.2471743
6013	NA	4.221208
6016	NA	4.352433
6018	NA	4.3559127
6019	NA	4.392511
6021	NA	4.404345
6023	NA	4.273811
6024	NA	4.3922734
6025	NA	4.349331
6026	NA	4.347861
6031	NA	4.140594
6033	NA	4.0561914
6034	NA	4.493424
6036	NA	4.4461
6039	NA	4.2193403
6040	NA	4.1469994
6043	NA	4.1573176
6046	NA	4.3654766
6048	NA	4.308766
6049	NA	4.1991005
6055	NA	4.413542
6057	NA	4.38576
6058	NA	3.9572434
6059	NA	3.9775321
6062	NA	3.9105172
6063	NA	4.320629
6064	NA	4.430057
6066	NA	4.469131
6067	NA	4.459444
6069	NA	4.176057
6070	NA	4.2128415
6071	NA	4.1209135
6073	NA	4.194398
6074	NA	4.477872
6076	NA	4.486149
6079	NA	4.257599
6081	NA	4.2692995
6087	NA	4.1757026
6089	NA	4.3067627
6090	NA	4.263596
6091	NA	4.234112
6094	NA	4.46257
6097	NA	4.1763835
6100	NA	4.290394
6102	NA	4.4086556
6107	NA	4.294816
6110	NA	4.1987643
6111	NA	4.256346
6113	NA	4.286217
6114	NA	4.420618
6115	NA	4.4262424
6116	NA	4.432612
6118	NA	4.395432
6121	NA	4.399506
6124	NA	4.3818336
6125	NA	4.4030886
6126	NA	4.4442
6129	NA	4.412612
6130	NA	4.323354
6132	NA	4.453815
6134	NA	4.2671423
6138	NA	4.1911125
6139	NA	4.2513924
6140	NA	4.134341
6141	NA	4.308229
6142	NA	4.178566
6143	NA	4.325051
6148	NA	3.8615851
6149	NA	4.1336517
6151	NA	4.1578307
6156	NA	3.9625492
6162	NA	4.405061
6163	NA	4.498523
6165	NA	4.335209
6166	NA	4.314851
6167	NA	4.2601147
6168	NA	4.2190766
6172	NA	4.4324565
6173	NA	4.2905984
6177	NA	4.0833335
6181	NA	4.1356735
6182	NA	4.174824
6184	NA	4.472707
6189	NA	4.0986476
6190	NA	4.101649
6192	NA	4.5
6196	NA	4.0486016
6201	NA	4.445854
6204	NA	4.2196736
6207	NA	3.6509073
6210	NA	3.965803
6216	NA	4.4114075
6217	NA	4.321607
6220	NA	4.4277143
6221	NA	4.4905553
6222	NA	4.44909
6223	NA	4.4638205
6226	NA	4.275205
6227	NA	4.2742143
6229	NA	4.2807617
6230	NA	4.497212
6235	NA	3.994774
6237	NA	4.009286
6238	NA	4.05621
6240	NA	4.125985
6244	NA	4.1680994
6245	NA	3.9606094
6247	NA	4.0739636
6251	NA	4.329707
6252	NA	4.1990366
6254	NA	4.2074804
6255	NA	4.213764
6256	NA	4.3559613
6257	NA	4.298016
6260	NA	4.3153405
6261	NA	4.46537
6262	NA	4.4555764
6264	NA	4.322827
6265	NA	4.354594
6268	NA	4.4842176
6269	NA	4.284377
6270	NA	4.4995184
6271	NA	4.4353404
6273	NA	4.2296963
6274	NA	4.2056727
6275	NA	4.1748133
6276	NA	4.233248
6277	NA	4.4396462
6279	NA	4.4355917
6281	NA	4.433513
6282	NA	4.2771525
6283	NA	4.3549333
6284	NA	4.305306
6285	NA	4.3461833
6289	NA	4.3121476
6294	NA	3.8470874
6296	NA	3.828334
6298	NA	4.2142034
6303	NA	4.331957
6304	NA	4.0476274
6312	NA	4.146706
6314	NA	4.1567597
6320	NA	4.165524
6322	NA	4.170792
6323	NA	4.2117767
6324	NA	4.498726
6325	NA	4.354715
6328	NA	4.4655657
6329	NA	4.284186
6331	NA	4.2628136
6332	NA	4.2143745
6339	NA	4.43852
6340	NA	4.2854333
6341	NA	4.299462
6343	NA	4.3467855
6351	NA	4.2346325
6352	NA	4.2826786
6354	NA	4.345908
6355	NA	4.4046493
6356	NA	4.400723
6361	NA	4.347075
6364	NA	4.5
6365	NA	4.494163
6367	NA	4.4074426
6369	NA	4.045373
6371	NA	4.1513863
6374	NA	4.1108894
6376	NA	4.242687
6378	NA	4.1823764
6379	NA	4.26799
6380	NA	4.2571335
6383	NA	4.258889
6384	NA	4.0201845
6388	NA	4.456856
6389	NA	4.4621663
6391	NA	3.9556146
6393	NA	4.092419
6398	NA	4.4764295
6399	NA	4.2318277
6400	NA	4.3088903
6401	NA	4.3176923
6403	NA	4.2983613
6406	NA	4.39987
6408	NA	4.4322495
6409	NA	4.2193108
6410	NA	4.2164307
6413	NA	4.2319574
6414	NA	4.212642
6415	NA	4.3163567
6416	NA	4.2057543
6418	NA	4.416722
6422	NA	4.0903387
6425	NA	4.150441
6427	NA	4.4336953
6428	NA	4.3982344
6430	NA	4.3696218
6431	NA	4.128029
6433	NA	4.2127075
6435	NA	4.18819
6436	NA	4.181421
6437	NA	4.453198
6438	NA	4.2728987
6439	NA	4.458559
6440	NA	4.426363
6441	NA	4.1256933
6442	NA	4.0657916
6445	NA	4.132496
6446	NA	4.3889766
6449	NA	4.2417235
6451	NA	4.323094
6453	NA	4.353714
6455	NA	4.255284
6456	NA	4.3249865
6457	NA	4.325813
6459	NA	4.4579577
6461	NA	4.357821
6462	NA	4.0228977
6464	NA	4.1643186
6465	NA	3.9743762
6466	NA	4.0867114
6472	NA	4.2391033
6473	NA	4.210033
6474	NA	4.2156305
6475	NA	4.1856236
6476	NA	4.2158985
6479	NA	4.4907117
6481	NA	4.168073
6483	NA	4.1641397
6484	NA	4.1198893
6485	NA	4.1410813
6486	NA	4.480412
6487	NA	4.3843565
6490	NA	4.090108
6492	NA	4.0839257
6493	NA	4.0520535
6494	NA	4.0784874
6498	NA	4.3978076
6501	NA	3.982047
6502	NA	4.016198
6503	NA	3.9738913
6504	NA	3.996443
6505	NA	3.990188
6507	NA	4.387599
6509	NA	4.4078026
6512	NA	4.1954293
6515	NA	4.4019966
6516	NA	4.419892
6518	NA	4.488544
6519	NA	4.4829345
6520	NA	4.18036
6522	NA	4.155094
6523	NA	4.142797
6524	NA	4.1642017
6525	NA	4.2286487
6526	NA	4.4985404
6528	NA	4.4179955
6530	NA	4.3863273
6533	NA	4.3401437
6534	NA	4.3120637
6537	NA	4.4357033
6538	NA	4.3976855
6541	NA	4.371617
6542	NA	4.305768
6547	NA	4.3783436
6551	NA	4.164768
6553	NA	4.0658183
6556	NA	4.3297343
6560	NA	4.175347
6561	NA	4.1095605
6562	NA	4.121023
6564	NA	4.4747934
6570	NA	3.9523613
6571	NA	4.0139947
6573	NA	4.0085745
6574	NA	3.996483
6581	NA	4.2823243
6583	NA	4.3562236
6585	NA	4.313077
6586	NA	4.5
6587	NA	4.3602576
6594	NA	4.292489
6596	NA	4.38622
6601	NA	4.3115296
6602	NA	4.4521265
6608	NA	4.2889524
6609	NA	4.213926
6611	NA	4.4845524
6612	NA	4.47235
6613	NA	4.4612303
6616	NA	4.098326
6621	NA	4.286005
6622	NA	4.473345
6623	NA	4.3815355
6624	NA	4.262947
6627	NA	4.228165
6628	NA	4.3152447
6629	NA	4.472523
6630	NA	4.4543996
6633	NA	4.2344174
6636	NA	4.2715907
6637	NA	4.2548113
6639	NA	4.2828226
6641	NA	4.4242015
6642	NA	4.4252706
6643	NA	4.472216
6645	NA	4.1960316
6650	NA	4.215176
6651	NA	4.4873857
6652	NA	4.4876933
6653	NA	4.419828
6654	NA	3.9487743
6655	NA	3.9081824
6660	NA	4.4834404
6661	NA	4.360109
6662	NA	4.3918424
6663	NA	4.404992
6666	NA	4.2582817
6667	NA	4.075372
6668	NA	4.2539654
6672	NA	4.436281
6676	NA	4.2633467
6677	NA	4.263578
6679	NA	4.4525256
6680	NA	4.3779097
6681	NA	4.195626
6682	NA	4.264359
6685	NA	4.293079
6686	NA	4.3221126
6689	NA	4.3979526
6690	NA	4.2424374
6691	NA	3.9776876
6693	NA	3.9837415
6699	NA	4.4713874
6702	NA	4.3686953
6703	NA	4.318376
6704	NA	4.3302336
6706	NA	4.446495
6707	NA	4.454434
6708	NA	4.3912425
6710	NA	4.339026
6712	NA	4.3681045
6713	NA	4.39542
6716	NA	4.345647
6718	NA	4.451719
6719	NA	4.2493453
6722	NA	4.3686805
6724	NA	4.366749
6726	NA	4.368031
6727	NA	4.344731
6730	NA	4.096439
6732	NA	3.9591517
6734	NA	4.4288764
6737	NA	4.471206
6739	NA	4.167828
6741	NA	4.025146
6743	NA	4.1046467
6744	NA	4.1643023
6749	NA	4.3015065
6751	NA	4.122517
6753	NA	4.2896223
6755	NA	4.467231
6759	NA	4.1969514
6763	NA	4.4802995
6767	NA	4.471847
6774	NA	4.4673886
6776	NA	4.49549
6779	NA	4.351601
6780	NA	4.3523097
6782	NA	4.337212
6783	NA	4.497816
6785	NA	4.4194
6786	NA	4.3748956
6787	NA	4.019764
6788	NA	3.9744456
6790	NA	4.0342245
6792	NA	4.406584
6793	NA	4.304729
6794	NA	4.415709
6795	NA	4.3446307
6796	NA	4.1088758
6797	NA	4.203872
6798	NA	4.026853
6801	NA	4.485033
6803	NA	4.3907146
6806	NA	4.059853
6807	NA	4.1536803
6808	NA	4.2008395
6809	NA	4.149242
6811	NA	4.1364465
6815	NA	4.469904
6817	NA	4.13175
6818	NA	4.2565775
6820	NA	4.214406
6821	NA	4.34123
6823	NA	4.2346597
6826	NA	4.194167
6827	NA	3.869551
6828	NA	4.2491508
6829	NA	4.1635737
6831	NA	4.2112947
6832	NA	4.439658
6835	NA	4.4360914
6836	NA	3.9513557
6837	NA	3.8808856
6838	NA	3.8127453
6839	NA	3.8982933
6841	NA	4.404069
6842	NA	4.2945557
6844	NA	4.4574623
6846	NA	3.9152372
6848	NA	3.840844
6850	NA	3.7004347
6852	NA	4.398817
6853	NA	4.4884286
6854	NA	4.4071894
6856	NA	4.2469063
6858	NA	4.286764
6859	NA	4.3152275
6860	NA	4.3121796
6861	NA	4.4746556
6864	NA	4.3517933
6867	NA	4.2048936
6871	NA	4.40914
6872	NA	4.421087
6873	NA	4.368212
6874	NA	4.119116
6876	NA	4.2268085
6878	NA	4.2098103
6881	NA	4.453744
6882	NA	4.4199414
6883	NA	4.1604915
6886	NA	4.1035995
6888	NA	4.4765162
6889	NA	4.453497
6891	NA	4.458417
6892	NA	4.2382894
6893	NA	4.1943684
6895	NA	4.2411857
6898	NA	4.4568634
6900	NA	4.441508
6904	NA	4.3626275
6906	NA	4.4731445
6908	NA	4.4541326
6909	NA	4.4362097
6910	NA	4.338874
6911	NA	4.367496
6915	NA	4.5
6916	NA	4.3140473
6917	NA	4.4722204
6925	NA	4.361502
6926	NA	4.4729004
6928	NA	4.486417
6929	NA	4.4387007
6930	NA	4.115815
6933	NA	4.088204
6935	NA	4.397899
6936	NA	4.3901734
6937	NA	4.439988
6938	NA	4.499945
6939	NA	4.494499
6941	NA	4.182258
6943	NA	4.149758
6944	NA	4.1791186
6949	NA	4.481832
6951	NA	4.334447
6952	NA	4.313235
6953	NA	4.233772
6954	NA	4.2644243
6956	NA	4.3146973
6959	NA	4.4079895
6960	NA	4.312497
6962	NA	3.613088
6963	NA	3.4719613
6965	NA	3.7402976
6967	NA	3.5932875
6972	NA	4.4541388
6973	NA	4.347715
6976	NA	4.3046055
6977	NA	4.29485
6984	NA	4.2436514
6985	NA	4.204818
6986	NA	4.357934
6988	NA	4.44573
6989	NA	4.308058
6990	NA	4.497626
6999	NA	4.3179646
7003	NA	3.6326764
7010	NA	4.289516
7011	NA	4.2802787
7012	NA	4.2261767
7014	NA	4.3414702
7015	NA	4.491228
7017	NA	4.4790173
7023	NA	3.9478679
7024	NA	3.956455
7029	NA	4.42383
7030	NA	4.1862936
7031	NA	4.049835
7032	NA	4.1652894
7033	NA	4.167741
7034	NA	4.1223187
7036	NA	4.1178823
7037	NA	4.383015
7038	NA	4.4814725
7039	NA	4.481396
7041	NA	4.282485
7042	NA	4.2615123
7046	NA	4.3418875
7047	NA	4.407006
7048	NA	4.4827394
7049	NA	4.4754467
7050	NA	4.311483
7051	NA	4.2996006
7052	NA	4.2696567
7053	NA	4.1691613
7055	NA	4.408576
7057	NA	4.3739333
7059	NA	4.248138
7062	NA	4.3032904
7065	NA	4.396651
7067	NA	4.4665265
7068	NA	4.121949
7069	NA	4.2111936
7071	NA	4.1812487
7072	NA	4.1945496
7073	NA	4.4277663
7075	NA	4.5
7076	NA	4.4287086
7078	NA	4.2811675
7079	NA	4.3774405
7080	NA	4.3182025
7089	NA	4.155096
7091	NA	4.1804276
7095	NA	4.435087
7096	NA	4.3981977
7097	NA	4.2085814
7098	NA	4.1341524
7102	NA	4.480495
7106	NA	4.5
7107	NA	4.219233
7109	NA	4.282022
7111	NA	4.1803207
7112	NA	4.282022
7113	NA	4.495083
7114	NA	4.37415
7115	NA	4.485031
7117	NA	4.191511
7122	NA	4.4190683
7128	NA	4.348201
7129	NA	4.36474
7130	NA	4.4006906
7131	NA	4.5
7132	NA	4.4569545
7134	NA	4.446998
7135	NA	4.3524246
7136	NA	4.4101067
7137	NA	4.3342113
7140	NA	4.38775
7141	NA	4.463195
7142	NA	4.4376383
7146	NA	4.4146757
7147	NA	4.2887797
7148	NA	4.276793
7149	NA	4.260401
7151	NA	4.2903047
7152	NA	4.2836785
7154	NA	4.4482884
7157	NA	4.4296436
7158	NA	4.3596683
7159	NA	4.248504
7160	NA	4.3731327
7162	NA	4.2964754
7163	NA	4.4424577
7167	NA	4.190396
7168	NA	4.118284
7169	NA	4.1607494
7170	NA	4.2003584
7171	NA	4.168381
7172	NA	4.1838083
7173	NA	4.4704933
7174	NA	4.4257474
7175	NA	4.4138217
7176	NA	4.3901453
7177	NA	4.1208673
7178	NA	4.095193
7179	NA	4.213303
7180	NA	4.2067957
7181	NA	4.1922774
7182	NA	4.415833
7183	NA	4.3747473
7184	NA	4.3964753
7187	NA	4.0398984
7188	NA	4.128759
7190	NA	4.1066494
7191	NA	4.091532
7192	NA	4.137844
7193	NA	4.5
7194	NA	4.331242
7195	NA	4.2653527
7197	NA	4.058064
7198	NA	4.2373095
7199	NA	4.26047
7201	NA	4.26047
7202	NA	4.4819875
7203	NA	4.3877816
7206	NA	4.476449
7207	NA	4.400571
7212	NA	4.43405
7215	NA	4.409317
7216	NA	4.3527865
7220	NA	4.203942
7223	NA	4.40039
7225	NA	4.414391
7227	NA	4.1413116
7231	NA	4.081673
7232	NA	4.1495514
7233	NA	4.403945
7236	NA	4.4962883
7238	NA	4.2867174
7243	NA	4.294219
7244	NA	4.488804
7245	NA	4.489781
7247	NA	4.411167
7248	NA	4.408769
7249	NA	4.2452173
7250	NA	4.3083982
7251	NA	4.26728
7253	NA	4.2473717
7254	NA	4.2401714
7255	NA	4.4400177
7256	NA	4.45463
7257	NA	4.448034
7258	NA	4.3961687
7259	NA	4.446551
7260	NA	4.2784834
7261	NA	4.194827
7263	NA	4.31485
7264	NA	4.2676396
7265	NA	4.302579
7266	NA	4.4892435
7272	NA	4.2766657
7273	NA	4.2426343
7275	NA	4.356248
7278	NA	4.4512157
7279	NA	4.1463723
7282	NA	4.106502
7283	NA	4.1480713
7284	NA	4.4757423
7285	NA	4.4891706
7286	NA	4.499433
7288	NA	4.4264174
7289	NA	4.0591683
7290	NA	4.0426874
7295	NA	4.4745765
7296	NA	4.4662952
7297	NA	4.400201
7299	NA	4.16697
7301	NA	4.2769637
7303	NA	4.280095
7305	NA	4.4546113
7307	NA	4.4514785
7308	NA	4.3369656
7310	NA	4.2405343
7312	NA	4.3027234
7317	NA	4.477225
7318	NA	4.4347463
7321	NA	4.4358945
7323	NA	4.43384
7324	NA	4.4517574
7325	NA	4.467834
7326	NA	4.4252605
7327	NA	4.474794
7328	NA	4.1268163
7329	NA	4.1421676
7330	NA	4.1211514
7331	NA	4.075421
7333	NA	4.1568894
7336	NA	4.4032054
7337	NA	4.472333
7338	NA	4.467445
7339	NA	4.461916
7341	NA	3.979829
7342	NA	3.9488387
7345	NA	4.003235
7348	NA	4.445324
7351	NA	3.9841135
7354	NA	4.0955143
7355	NA	4.0189724
7357	NA	4.3705697
7360	NA	4.3210573
7361	NA	4.162846
7366	NA	4.416897
7369	NA	4.4561443
7373	NA	4.2285867
7376	NA	4.212709
7377	NA	4.448015
7378	NA	4.3954625
7379	NA	4.324739
7380	NA	4.3846335
7382	NA	3.9971087
7384	NA	4.191022
7385	NA	4.1293554
7387	NA	4.372249
7393	NA	4.263821
7395	NA	4.356815
7396	NA	4.2605715
7400	NA	4.2515917
7401	NA	4.037463
7403	NA	4.2347713
7405	NA	4.458494
7406	NA	4.336303
7407	NA	4.346128
7408	NA	3.8667502
7409	NA	3.7732527
7412	NA	3.8935745
7413	NA	4.434319
7415	NA	4.426109
7421	NA	4.2983356
7424	NA	4.4726405
7425	NA	4.4493413
7426	NA	4.4471908
7429	NA	4.2753153
7430	NA	4.4006114
7431	NA	4.3279567
7433	NA	4.4384637
7435	NA	4.493129
7436	NA	4.4368167
7439	NA	4.234902
7440	NA	4.304406
7442	NA	4.473758
7443	NA	4.498518
7447	NA	4.4357657
7449	NA	4.023334
7450	NA	4.01905
7453	NA	4.117694
7456	NA	4.3771515
7458	NA	4.1402793
7460	NA	4.126677
7463	NA	4.2287335
7465	NA	4.2488465
7467	NA	4.459791
7469	NA	4.4846716
7473	NA	4.23742
7478	NA	4.0806465
7480	NA	4.3354464
7482	NA	4.1493983
7484	NA	4.215056
7488	NA	4.35661
7489	NA	4.4290752
7490	NA	4.2274632
7494	NA	4.3150105
7495	NA	4.486604
7498	NA	4.4490013
7500	NA	4.3494434
7502	NA	4.353318
7510	NA	4.2239733
7512	NA	4.112582
7513	NA	4.2337575
7514	NA	4.1990447
7515	NA	4.3794155
7517	NA	4.478869
7518	NA	4.4500933
7519	NA	4.334551
7520	NA	4.2777867
7521	NA	4.2724557
7523	NA	4.3259773
7524	NA	4.451945
7528	NA	4.425344
7529	NA	4.1712112
7530	NA	4.13146
7531	NA	4.024094
7535	NA	4.441693
7536	NA	4.437802
7538	NA	4.5
7540	NA	4.216774
7552	NA	4.4758286
7555	NA	4.4147587
7560	NA	4.3541527
7562	NA	4.291772
7565	NA	4.307321
7566	NA	4.4709163
7568	NA	4.498969
7570	NA	4.4108896
7571	NA	4.3500743
7574	NA	4.4117785
7575	NA	4.4476857
7578	NA	4.1111
7579	NA	4.0397325
7584	NA	3.8807874
7585	NA	4.0056033
7586	NA	4.410058
7589	NA	4.4251494
7591	NA	4.137576
7592	NA	4.2616377
7593	NA	4.271591
7595	NA	4.3993278
7596	NA	4.265197
7597	NA	4.1826224
7598	NA	4.4170394
7600	NA	4.205621
7601	NA	4.081618
7602	NA	4.06818
7604	NA	3.913399
7605	NA	4.1483808
7607	NA	4.384791
7610	NA	4.1890135
7614	NA	4.203848
7615	NA	4.4781575
7617	NA	4.2864404
7620	NA	4.185043
7621	NA	4.0784025
7623	NA	4.1524615
7624	NA	4.0998483
7626	NA	4.4206524
7627	NA	4.459024
7628	NA	4.494925
7631	NA	4.398309
7632	NA	4.336238
7633	NA	4.3751464
7635	NA	4.4534345
7637	NA	4.455774
7640	NA	4.151483
7644	NA	4.177906
7645	NA	4.1743164
7646	NA	4.4843216
7650	NA	4.349121
7655	NA	4.429243
7656	NA	4.4719744
7661	NA	4.3025174
7663	NA	4.2993217
7664	NA	4.2176228
7671	NA	4.208981
7673	NA	4.190626
7674	NA	4.1890273
7676	NA	4.3934555
7679	NA	4.4412146
7683	NA	3.9641845
7684	NA	4.04469
7685	NA	4.063299
7686	NA	4.451725
7690	NA	4.2409506
7691	NA	4.2627907
7693	NA	4.1507435
7694	NA	4.246395
7695	NA	4.40419
7696	NA	4.463573
7698	NA	4.393011
7704	NA	3.9589388
7705	NA	3.9378002
7706	NA	4.475992
7708	NA	4.4981823
7709	NA	4.4456205
7710	NA	4.3009644
7713	NA	4.2570024
7715	NA	4.4657903
7717	NA	4.4172206
7721	NA	4.344537
7725	NA	4.448423
7727	NA	4.5
7730	NA	4.068805
7735	NA	4.4278755
7736	NA	4.201591
7737	NA	4.441958
7738	NA	4.4371195
7745	NA	4.349541
7748	NA	4.3922014
7749	NA	4.1764293
7750	NA	4.190708
7756	NA	4.4032307
7758	NA	4.4187164
7759	NA	4.403985
7761	NA	4.098099
7762	NA	4.1747966
7765	NA	4.1316004
7766	NA	4.419668
7767	NA	4.4407372
7770	NA	4.3202734
7773	NA	4.1083617
7774	NA	4.2405734
7775	NA	4.1760163
7783	NA	4.2912407
7786	NA	4.4786744
7788	NA	4.4168296
7789	NA	4.425938
7791	NA	4.1233306
7796	NA	4.297122
7797	NA	4.4751296
7799	NA	4.269585
7800	NA	4.2690015
7801	NA	4.2940474
7802	NA	4.022982
7803	NA	4.256545
7806	NA	4.4799576
7809	NA	4.2046447
7812	NA	4.3990097
7814	NA	4.428842
7815	NA	4.4833007
7816	NA	4.4920325
7818	NA	4.111991
7824	NA	4.442191
7825	NA	4.435196
7826	NA	4.3051896
7827	NA	4.273784
7828	NA	4.2500925
7829	NA	4.2079062
7830	NA	4.222487
7831	NA	4.42682
7832	NA	4.343864
7833	NA	4.4319286
7835	NA	4.389328
7837	NA	4.364448
7840	NA	4.4952755
7842	NA	4.4094133
7843	NA	4.4612856
7845	NA	4.1048055
7846	NA	4.141286
7848	NA	4.1241765
7850	NA	4.4740458
7852	NA	4.4688554
7853	NA	4.2090645
7854	NA	4.2110286
7855	NA	4.066159
7856	NA	4.161626
7857	NA	4.191386
7858	NA	4.4532557
7860	NA	4.467398
7862	NA	4.343235
7863	NA	4.2620087
7865	NA	4.3816724
7870	NA	4.433105
7871	NA	4.481287
7873	NA	4.368536
7874	NA	4.321711
7879	NA	3.9910998
7880	NA	4.462883
7882	NA	4.168078
7883	NA	4.184667
7885	NA	3.7735875
7886	NA	4.189922
7894	NA	4.3874106
7895	NA	4.40611
7897	NA	4.339296
7901	NA	4.2371187
7904	NA	4.24958
7905	NA	4.4499865
7907	NA	4.477616
7908	NA	4.4832745
7910	NA	4.317444
7911	NA	4.3116393
7913	NA	4.262572
7914	NA	4.296355
7915	NA	4.309547
7916	NA	4.391743
7918	NA	4.457823
7919	NA	4.3692293
7920	NA	4.2843447
7922	NA	4.337034
7924	NA	4.3767185
7928	NA	4.4656653
7929	NA	4.01801
7930	NA	4.059402
7931	NA	4.089111
7941	NA	4.0415053
7942	NA	4.0900974
7943	NA	4.416101
7944	NA	4.453844
7945	NA	4.4460626
7948	NA	4.1105967
7952	NA	4.474284
7955	NA	4.370343
7956	NA	4.2708983
7958	NA	4.284587
7960	NA	4.2858505
7961	NA	4.4945526
7962	NA	4.4475493
7965	NA	4.3723316
7968	NA	4.22903
7969	NA	4.2255964
7970	NA	4.279487
7974	NA	4.489664
7975	NA	4.481856
7978	NA	3.980462
7979	NA	3.9667037
7982	NA	4.465953
7983	NA	4.4649167
7984	NA	4.4607
7988	NA	4.1945252
7991	NA	4.3291993
7992	NA	4.4347606
7994	NA	4.474482
8000	NA	4.2416344
8001	NA	4.4174976
8003	NA	4.4760957
8004	NA	4.43261
8007	NA	3.7876523
8008	NA	3.9170434
8009	NA	3.716456
8011	NA	4.477902
8013	NA	4.4607067
8015	NA	4.1269655
8016	NA	4.2076745
8017	NA	4.128276
8019	NA	4.3373423
8020	NA	4.4253097
8022	NA	4.4785547
8023	NA	4.3883343
8026	NA	4.3428307
8027	NA	4.403314
8030	NA	4.442356
8033	NA	4.165615
8034	NA	4.195343
8035	NA	4.0349545
8036	NA	4.182365
8042	NA	4.099376
8043	NA	4.255999
8045	NA	4.1564894
8046	NA	4.4574275
8048	NA	4.4876313
8051	NA	4.2227736
8052	NA	4.207622
8053	NA	4.2531996
8054	NA	4.2695866
8056	NA	4.4479456
8061	NA	4.1458716
8062	NA	4.217872
8063	NA	4.268838
8066	NA	4.4597435
8070	NA	4.312468
8074	NA	4.4853806
8075	NA	4.4763494
8078	NA	4.1110325
8080	NA	4.1271367
8081	NA	4.1242433
8082	NA	4.4953504
8083	NA	4.496581
8085	NA	4.428163
8086	NA	4.37004
8087	NA	4.4016685
8088	NA	4.4247303
8097	NA	4.344566
8098	NA	4.3856034
8099	NA	4.377512
8100	NA	4.336511
8101	NA	4.2082953
8102	NA	4.4928885
8103	NA	4.486924
8106	NA	4.2647495
8107	NA	4.014466
8111	NA	4.410896
8113	NA	3.8891964
8114	NA	3.7992487
8115	NA	3.7956846
8116	NA	3.8390431
8117	NA	3.8231463
8118	NA	4.418459
8123	NA	3.2644413
8125	NA	3.7055123
8128	NA	4.4750576
8131	NA	4.1672153
8132	NA	4.1706038
8133	NA	4.143009
8135	NA	4.172692
8139	NA	4.4716077
8140	NA	4.20267
8142	NA	4.152823
8144	NA	4.212706
8146	NA	4.466981
8148	NA	4.484785
8149	NA	4.2341003
8150	NA	4.2108445
8151	NA	4.199616
8153	NA	4.219352
8154	NA	4.4075313
8160	NA	3.9852908
8164	NA	4.4891396
8166	NA	4.489782
8167	NA	4.359511
8169	NA	4.3997107
8170	NA	4.402462
8171	NA	4.3947573
8172	NA	4.3469987
8174	NA	4.4923368
8176	NA	4.336243
8178	NA	4.233665
8181	NA	4.4840727
8182	NA	4.49015
8183	NA	4.376695
8185	NA	4.3597555
8188	NA	4.4931417
8197	NA	4.2553687
8198	NA	4.219604
8202	NA	4.3948016
8203	NA	4.336445
8204	NA	4.3407044
8205	NA	4.3325877
8207	NA	4.3447804
8208	NA	4.487305
8209	NA	4.4275417
8214	NA	4.272578
8218	NA	4.381188
8221	NA	4.031632
8222	NA	3.940613
8224	NA	4.0802608
8226	NA	4.4456058
8229	NA	4.469705
8231	NA	4.3168716
8232	NA	4.239473
8234	NA	4.340723
8235	NA	4.399459
8236	NA	4.3593736
8237	NA	4.429358
8238	NA	4.4859047
8239	NA	4.1029387
8240	NA	4.1132755
8241	NA	4.137305
8242	NA	4.0620036
8243	NA	4.1408715
8244	NA	4.4890223
8245	NA	4.4638395
8250	NA	4.3057756
8252	NA	4.303996
8253	NA	4.4874697
8254	NA	4.491845
8255	NA	4.450936
8256	NA	4.434094
8257	NA	4.3368645
8259	NA	4.2979918
8260	NA	4.2653813
8261	NA	4.287399
8262	NA	4.4766097
8265	NA	4.4598737
8268	NA	4.1785007
8270	NA	4.1688967
8271	NA	4.479073
8273	NA	4.43649
8275	NA	3.8176675
8278	NA	3.923076
8279	NA	3.8835683
8280	NA	4.404672
8284	NA	4.267504
8286	NA	4.1538615
8287	NA	4.1855187
8290	NA	4.2830954
8291	NA	4.4451027
8292	NA	4.482691
8293	NA	4.042026
8295	NA	4.1756334
8297	NA	4.1694937
8298	NA	4.046228
8299	NA	4.3052635
8301	NA	4.3964405
8302	NA	4.337312
8303	NA	4.300446
8308	NA	4.4276953
8309	NA	4.4798164
8310	NA	4.470845
8311	NA	4.0232053
8315	NA	4.0189466
8318	NA	4.1942163
8319	NA	4.3243504
8320	NA	3.886529
8322	NA	3.6825938
8324	NA	3.9996607
8332	NA	4.19805
8337	NA	4.464797
8341	NA	4.338932
8342	NA	4.3010235
8344	NA	4.476893
8346	NA	4.4774327
8348	NA	4.3716598
8350	NA	4.390172
8353	NA	4.430099
8354	NA	4.449168
8357	NA	4.3075767
8359	NA	4.3330107
8361	NA	4.4737062
8364	NA	4.4783926
8365	NA	4.380346
8369	NA	4.401355
8370	NA	4.4844294
8371	NA	4.201374
8372	NA	4.4650025
8373	NA	4.4386983
8378	NA	4.225512
8380	NA	4.4093313
8382	NA	4.484102
8385	NA	4.2844687
8386	NA	4.165153
8387	NA	4.259937
8390	NA	4.4720454
8391	NA	4.453796
8392	NA	4.0832677
8393	NA	4.0535755
8394	NA	4.1037498
8395	NA	4.123171
8397	NA	4.426389
8399	NA	4.3986306
8401	NA	4.271832
8402	NA	4.1955647
8403	NA	4.2238617
8405	NA	4.3100533
8408	NA	4.4617524
8410	NA	4.3147874
8411	NA	4.3489556
8413	NA	4.374657
8414	NA	4.377456
8415	NA	4.4657035
8416	NA	4.4467616
8418	NA	4.4550667
8420	NA	4.267998
8422	NA	4.152498
8423	NA	4.2365713
8427	NA	4.2895336
8428	NA	4.1182904
8429	NA	3.993561
8432	NA	4.1134644
8433	NA	4.4153404
8436	NA	4.481281
8438	NA	4.283537
8439	NA	4.155381
8440	NA	4.283055
8442	NA	4.4201093
8443	NA	4.4747643
8445	NA	4.4750466
8447	NA	4.382469
8448	NA	4.3503966
8450	NA	4.4096684
8454	NA	4.463072
8463	NA	4.4539757
8464	NA	4.233325
8465	NA	4.2016425
8466	NA	4.14005
8467	NA	4.193078
8468	NA	4.2239823
8472	NA	4.4897494
8473	NA	4.340147
8477	NA	4.3319716
8478	NA	4.496013
8480	NA	4.432627
8485	NA	4.331305
8487	NA	4.437578
8488	NA	4.419275
8491	NA	4.180911
8495	NA	4.231752
8496	NA	4.3629327
8497	NA	4.4306483
8498	NA	4.347333
8499	NA	4.435757
8503	NA	4.370416
8508	NA	4.478958
8509	NA	4.141743
8510	NA	4.1393313
8513	NA	4.1455197
8515	NA	4.4176946
8518	NA	4.376846
8519	NA	4.355178
8522	NA	4.3947997
8523	NA	4.443928
8526	NA	4.471242
8527	NA	4.1706038
8531	NA	4.208347
8533	NA	4.4436755
8534	NA	4.4712462
8535	NA	4.459453
8539	NA	4.1990924
8540	NA	4.2146344
8542	NA	4.4050655
8544	NA	4.4727006
8545	NA	4.232916
8546	NA	4.2192335
8547	NA	4.1046968
8549	NA	4.203116
8550	NA	4.4913783
8552	NA	4.465629
8553	NA	4.4367313
8554	NA	4.372337
8556	NA	4.3699617
8557	NA	4.3514485
8559	NA	4.4729967
8560	NA	4.4281354
8565	NA	4.301759
8568	NA	4.127515
8570	NA	4.496618
8573	NA	4.2294292
8575	NA	4.1841097
8577	NA	4.3754554
8579	NA	4.479738
8580	NA	4.479968
8583	NA	4.1873016
8585	NA	4.256768
8587	NA	4.4442945
8591	NA	4.1816936
8592	NA	4.1542864
8595	NA	4.4863048
8599	NA	4.071859
8602	NA	4.263088
8603	NA	4.2785473
8604	NA	4.456494
8605	NA	4.487464
8612	NA	4.3319917
8615	NA	4.457734
8616	NA	4.4642878
8617	NA	4.289666
8619	NA	4.238625
8621	NA	4.248705
8623	NA	4.343336
8625	NA	4.3258343
8628	NA	3.9739301
8634	NA	4.43836
8638	NA	4.307167
8640	NA	4.472403
8641	NA	4.472589
8642	NA	4.4148
8643	NA	4.4061117
8644	NA	4.4306154
8648	NA	4.294567
8650	NA	4.2878766
8652	NA	4.450641
8653	NA	4.478018
8654	NA	4.4258366
8655	NA	4.2897587
8659	NA	4.295089
8661	NA	4.411748
8662	NA	4.4118223
8666	NA	4.023019
8667	NA	3.8768165
8670	NA	4.4672604
8671	NA	4.447485
8672	NA	4.4789305
8673	NA	4.280021
8677	NA	4.2717113
8681	NA	4.482303
8682	NA	4.094537
8687	NA	4.3908706
8688	NA	4.3935595
8693	NA	4.234902
8694	NA	4.2513475
8695	NA	4.3369274
8698	NA	4.481623
8701	NA	4.3972306
8703	NA	4.3911457
8704	NA	4.421866
8706	NA	4.475169
8707	NA	4.4483933
8710	NA	4.266621
8711	NA	4.234724
8713	NA	4.2470775
8715	NA	4.406244
8717	NA	4.4467206
8718	NA	4.144164
8720	NA	4.1080685
8721	NA	4.1012607
8722	NA	4.146369
8723	NA	4.4397063
8725	NA	4.3140354
8726	NA	4.451907
8729	NA	4.3175726
8730	NA	4.275406
8731	NA	4.295432
8732	NA	4.4596457
8733	NA	4.426581
8734	NA	4.455539
8735	NA	4.4729004
8736	NA	4.2769394
8737	NA	4.321526
8740	NA	4.363429
8744	NA	4.4648194
8745	NA	4.3707314
8747	NA	4.342129
8752	NA	4.449377
8754	NA	4.122197
8755	NA	4.1593347
8758	NA	4.157498
8761	NA	4.4594603
8762	NA	4.436275
8763	NA	4.193702
8764	NA	4.056892
8765	NA	4.20134
8769	NA	4.4378996
8770	NA	4.3539786
8771	NA	4.417759
8772	NA	4.0690002
8773	NA	4.161611
8774	NA	4.0628595
8776	NA	4.161584
8778	NA	4.4912724
8780	NA	4.437955
8782	NA	4.26316
8785	NA	4.290863
8788	NA	4.4747624
8789	NA	4.4649796
8793	NA	4.318649
8795	NA	4.465565
8797	NA	4.47135
8798	NA	4.313804
8799	NA	4.390167
8802	NA	4.346734
8803	NA	4.385314
8804	NA	4.353878
8807	NA	4.453923
8808	NA	3.986821
8809	NA	4.171293
8810	NA	4.3355722
8811	NA	4.210885
8812	NA	4.212499
8817	NA	4.449066
8818	NA	4.337806
8819	NA	4.344768
8820	NA	4.303516
8821	NA	4.3941417
8824	NA	4.4838934
8825	NA	4.4796777
8826	NA	4.369367
8827	NA	4.2967634
8828	NA	4.3146973
8829	NA	4.322743
8831	NA	4.487563
8833	NA	4.4787693
8835	NA	4.3058987
8837	NA	4.3322253
8839	NA	4.3222585
8840	NA	4.434426
8843	NA	4.4893565
8845	NA	4.172172
8847	NA	4.2165728
8849	NA	4.4301333
8850	NA	4.448945
8851	NA	4.4567294
8853	NA	4.398476
8857	NA	4.3611407
8860	NA	4.486919
8861	NA	4.4898086
8863	NA	4.363348
8864	NA	4.3689604
8865	NA	4.3710117
8866	NA	4.3707933
8868	NA	4.200998
8870	NA	4.4188714
8871	NA	4.1402287
8872	NA	4.146207
8874	NA	4.0075674
8877	NA	4.432528
8880	NA	4.2762218
8881	NA	4.241804
8882	NA	4.2640367
8883	NA	4.2953615
8884	NA	4.2768226
8885	NA	4.4932513
8886	NA	4.492187
8887	NA	4.3597746
8889	NA	4.2777214
8890	NA	4.1649513
8891	NA	4.1686125
8893	NA	4.172234
8895	NA	4.345212
8896	NA	4.477512
8897	NA	4.3989067
8898	NA	3.8923051
8899	NA	3.8784485
8900	NA	3.7304072
8904	NA	4.471217
8905	NA	4.461056
8906	NA	4.452598
8909	NA	4.132894
8910	NA	4.1735797
8911	NA	4.1815157
8912	NA	4.3315783
8919	NA	4.2153096
8920	NA	4.24129
8921	NA	4.4442973
8922	NA	4.455699
8923	NA	4.4365416
8925	NA	4.194741
8927	NA	4.2200737
8928	NA	4.186324
8929	NA	4.245991
8930	NA	4.489742
8931	NA	4.463734
8933	NA	4.479357
8935	NA	4.2688303
8939	NA	4.4076004
8940	NA	4.468777
8946	NA	4.036185
8947	NA	4.066839
8950	NA	4.4220366
8951	NA	4.43147
8953	NA	4.397578
8954	NA	4.4183865
8960	NA	4.4052587
8962	NA	4.2722692
8968	NA	4.5
8969	NA	4.4766226
8970	NA	4.368765
8971	NA	4.3481297
8974	NA	4.368765
8975	NA	4.465939
8979	NA	4.315831
8981	NA	4.1521254
8984	NA	4.488487
8985	NA	4.4232945
8989	NA	4.3027797
8990	NA	4.3251166
8991	NA	4.261759
8993	NA	4.4557734
8995	NA	4.4530735
8997	NA	4.4813514
9002	NA	4.347244
9003	NA	4.3363214
9004	NA	4.432479
9007	NA	4.468384
9008	NA	4.3932853
9009	NA	4.400084
9010	NA	4.393946
9012	NA	4.431697
9013	NA	4.468603
9016	NA	4.4440384
9018	NA	4.2406726
9020	NA	4.2662964
9022	NA	4.4456105
9023	NA	4.317939
9025	NA	4.4835286
9026	NA	3.9361877
9027	NA	3.9395037
9032	NA	4.4756365
9034	NA	4.4724007
9042	NA	4.4551377
9043	NA	4.4830623
9047	NA	4.300137
9048	NA	4.3223906
9049	NA	4.480993
9052	NA	4.455717
9055	NA	4.2759624
9057	NA	4.260193
9059	NA	4.3828764
9060	NA	4.399277
9061	NA	4.4605055
9062	NA	4.2652874
9063	NA	4.32223
9064	NA	4.3981004
9065	NA	4.212737
9072	NA	4.0803814
9076	NA	4.3498473
9079	NA	4.49208
9081	NA	4.3827004
9082	NA	4.3148365
9084	NA	4.384602
9087	NA	4.399979
9088	NA	4.3855467
9089	NA	3.9487495
9091	NA	4.000475
9092	NA	3.974942
9100	NA	4.2201257
9104	NA	4.472377
9105	NA	4.40998
9107	NA	4.113608
9111	NA	4.119702
9112	NA	4.3157325
9114	NA	4.4321113
9115	NA	4.430715
9116	NA	4.153
9118	NA	4.288576
9119	NA	4.135225
9120	NA	4.127743
9121	NA	4.478863
9122	NA	4.4705434
9123	NA	4.45282
9124	NA	4.4541245
9128	NA	4.090213
9130	NA	4.434951
9135	NA	4.3377357
9138	NA	4.376197
9143	NA	4.399044
9144	NA	4.350458
9145	NA	4.3360233
9149	NA	4.4548125
9151	NA	4.4928703
9152	NA	4.2827816
9154	NA	4.312383
9157	NA	4.453623
9158	NA	4.411518
9162	NA	4.3138456
9163	NA	4.3245015
9164	NA	4.2792187
9165	NA	4.3451734
9166	NA	4.4487066
9168	NA	4.450233
9170	NA	4.433278
9173	NA	4.4059396
9174	NA	4.437364
9175	NA	4.4382625
9176	NA	4.1067443
9178	NA	4.389847
9179	NA	4.0361786
9180	NA	3.9553251
9182	NA	3.76215
9190	NA	4.2799387
9191	NA	4.239711
9195	NA	4.420647
9197	NA	4.1975265
9199	NA	4.1908298
9201	NA	4.197695
9202	NA	4.4060698
9203	NA	4.449953
9204	NA	4.451289
9205	NA	4.487396
9207	NA	4.3712344
9209	NA	4.3336463
9210	NA	4.367354
9214	NA	4.4340267
9216	NA	3.987441
9217	NA	3.878483
9218	NA	3.885758
9219	NA	3.991796
9220	NA	4.464917
9221	NA	4.4836073
9225	NA	3.8709223
9226	NA	4.025149
9227	NA	3.9629707
9228	NA	3.9840975
9229	NA	4.382473
9231	NA	4.4932814
9232	NA	4.4742117
9234	NA	4.4028215
9237	NA	4.43841
9243	NA	4.231011
9244	NA	4.2372146
9245	NA	4.2397013
9246	NA	4.2528934
9248	NA	4.462427
9251	NA	3.9512968
9252	NA	3.9403846
9253	NA	3.9486997
9256	NA	4.484486
9257	NA	4.471605
9258	NA	4.474367
9260	NA	4.333337
9261	NA	4.3294115
9263	NA	4.3279505
9265	NA	4.490302
9266	NA	4.494996
9267	NA	4.081708
9268	NA	4.472381
9270	NA	4.108579
9271	NA	4.071162
9276	NA	4.44333
9277	NA	4.469233
9278	NA	4.1895485
9279	NA	4.219609
9282	NA	4.221516
9283	NA	4.4318004
9286	NA	4.4711657
9289	NA	4.247419
9290	NA	4.2766337
9291	NA	4.3178496
9294	NA	4.472349
9296	NA	4.115037
9298	NA	4.0263486
9301	NA	4.48206
9302	NA	4.499694
9304	NA	4.336592
9306	NA	3.9378726
9310	NA	4.476663
9311	NA	4.3263044
9312	NA	4.4593253
9316	NA	3.9574077
9317	NA	3.8053427
9318	NA	3.9650295
9320	NA	4.4384594
9321	NA	4.4127884
9322	NA	4.475192
9324	NA	4.2351265
9325	NA	4.2163186
9331	NA	4.4890213
9332	NA	4.48796
9333	NA	4.488821
9334	NA	4.3371
9339	NA	4.46963
9340	NA	4.4854307
9341	NA	4.465995
9345	NA	4.1589108
9346	NA	4.1301703
9347	NA	4.1647496
9348	NA	4.4012303
9352	NA	4.112803
9353	NA	4.029501
9355	NA	4.051969
9357	NA	4.4605017
9358	NA	4.467651
9360	NA	4.4433737
9363	NA	4.3139606
9364	NA	4.348177
9365	NA	4.35397
9366	NA	4.4906974
9372	NA	4.2838345
9376	NA	4.4280167
9378	NA	4.477965
9379	NA	4.0439034
9381	NA	4.0763116
9382	NA	4.1071563
9383	NA	4.0399013
9384	NA	4.283308
9390	NA	3.8337922
9392	NA	3.7874906
9396	NA	4.464443
9397	NA	4.3068414
9398	NA	4.3307595
9399	NA	4.2992854
9403	NA	4.381244
9404	NA	4.4633317
9405	NA	4.491042
9406	NA	4.113548
9409	NA	4.2056007
9410	NA	4.1340265
9411	NA	4.4218216
9415	NA	4.2031446
9416	NA	4.2260513
9417	NA	4.271848
9418	NA	4.216146
9419	NA	4.2258215
9420	NA	4.473133
9421	NA	4.496194
9422	NA	4.4542727
9428	NA	4.3250947
9429	NA	4.4177685
9432	NA	4.4959393
9440	NA	4.4901567
9441	NA	4.484967
9443	NA	4.3077154
9446	NA	4.350593
9450	NA	4.4460826
9454	NA	4.186252
9458	NA	4.4236264
9459	NA	4.4776473
9460	NA	4.4759364
9463	NA	4.2100735
9464	NA	4.1994348
9466	NA	4.214219
9468	NA	4.490399
9470	NA	4.399432
9472	NA	4.1196933
9474	NA	4.1104765
9476	NA	4.4805737
9477	NA	4.474773
9478	NA	3.8223193
9479	NA	4.459727
9480	NA	3.6983745
9481	NA	4.375125
9483	NA	4.378273
9484	NA	4.3698864
9485	NA	4.473171
9486	NA	4.306569
9487	NA	4.412554
9491	NA	4.1970367
9494	NA	4.458337
9498	NA	4.090291
9501	NA	4.0299387
9503	NA	4.485239
9505	NA	4.4270635
9507	NA	4.2846
9508	NA	4.252216
9509	NA	4.29283
9511	NA	4.279366
9513	NA	4.4556923
9514	NA	4.4397984
9518	NA	4.268493
9519	NA	4.2649565
9520	NA	4.2940392
9521	NA	4.284468
9522	NA	4.4075384
9523	NA	4.239407
9527	NA	4.1221814
9528	NA	4.2493963
9533	NA	4.4060287
9534	NA	4.1473513
9536	NA	4.088126
9539	NA	4.4712415
9543	NA	4.272776
9546	NA	4.2728558
9547	NA	4.262078
9548	NA	4.196528
9550	NA	4.4341893
9552	NA	4.408091
9553	NA	4.3345737
9559	NA	4.4562016
9560	NA	4.429076
9564	NA	4.1950493
9566	NA	4.3776135
9568	NA	4.4652476
9573	NA	4.293022
9575	NA	4.4464417
9582	NA	4.214805
9585	NA	4.324252
9586	NA	4.44569
9587	NA	4.4153876
9588	NA	4.3804407
9589	NA	4.0261645
9590	NA	4.0359974
9595	NA	4.1671634
9596	NA	4.3471923
9597	NA	4.4294953
9598	NA	4.4470644
9601	NA	4.24542
9603	NA	4.113847
9606	NA	4.47444
9608	NA	4.259816
9611	NA	4.219014
9612	NA	4.262381
9613	NA	4.4677587
9614	NA	4.4606133
9618	NA	4.08498
9619	NA	4.1151032
9620	NA	4.1971483
9621	NA	4.1530766
9622	NA	4.470146
9625	NA	4.4893193
9626	NA	4.2913804
9628	NA	4.2844315
9629	NA	4.2716684
9630	NA	4.300934
9633	NA	4.4703436
9634	NA	4.481853
9637	NA	4.396824
9640	NA	4.4161134
9642	NA	4.406471
9647	NA	4.0156174
9648	NA	4.0642943
9649	NA	4.0901933
9652	NA	4.485221
9654	NA	4.4852657
9655	NA	4.2804184
9658	NA	4.3194976
9660	NA	4.443228
9661	NA	4.468302
9663	NA	4.463591
9664	NA	4.430283
9670	NA	4.4860315
9671	NA	4.4527955
9672	NA	4.48066
9673	NA	4.20619
9674	NA	4.2194004
9679	NA	4.491859
9681	NA	4.460589
9682	NA	4.2821584
9683	NA	4.2276583
9685	NA	4.2711663
9686	NA	4.2661242
9688	NA	4.337268
9690	NA	4.4391637
9693	NA	4.311853
9696	NA	4.427295
9705	NA	4.4712615
9707	NA	4.4729686
9711	NA	4.341632
9712	NA	4.2936125
9714	NA	4.4665155
9716	NA	4.2953596
9724	NA	4.437062
9725	NA	4.468773
9727	NA	4.163814
9728	NA	4.073542
9729	NA	4.1248393
9732	NA	4.464759
9734	NA	4.488243
9735	NA	4.495075
9737	NA	4.2870445
9739	NA	4.2744036
9740	NA	4.286059
9741	NA	4.4679017
9742	NA	4.48628
9743	NA	4.4893537
9750	NA	4.4881635
9751	NA	4.491383
9754	NA	4.2627044
9755	NA	4.2646704
9756	NA	4.2755847
9761	NA	3.9906888
9762	NA	4.015771
9767	NA	4.141948
9768	NA	4.0664587
9772	NA	3.5571218
9775	NA	4.259373
9777	NA	4.034212
9779	NA	3.7566564
9781	NA	4.2222533
9782	NA	3.2982402
9783	NA	3.933262
9785	NA	3.9573123
9787	NA	3.8847136
9790	NA	4.0098586
9791	NA	3.9920948
9792	NA	4.1401453
9793	NA	3.9538803
9794	NA	4.2052903
9796	NA	3.9447596
9797	NA	4.115833
9798	NA	4.244143
9802	NA	4.299849
9804	NA	4.062047
9807	NA	4.077488
9808	NA	3.9639702
9809	NA	3.9643466
9810	NA	4.018824
9812	NA	3.8646686
9813	NA	4.1333847
9818	NA	3.943792
9819	NA	4.0603538
9823	NA	3.7558908
9824	NA	3.9514241
9826	NA	3.638013
9828	NA	4.090796
9830	NA	3.8938265
9831	NA	3.759918
9832	NA	3.9958954
9833	NA	3.8730664
9834	NA	3.6638246
9835	NA	3.8652987
9837	NA	4.163447
9842	NA	4.0481925
9845	NA	3.167986
9848	NA	3.7009685
9849	NA	4.1605287
9850	NA	3.8040605
9852	NA	4.05407
9854	NA	3.7682848
9855	NA	4.172453
9857	NA	3.6812866
9858	NA	4.0961213
9861	NA	3.9892113
9862	NA	4.0796127
9865	NA	3.8237548
9866	NA	4.0908604
9867	NA	4.1454287
9871	NA	3.4967256
9872	NA	3.9040797
9873	NA	3.8542511
9881	NA	4.082403
9883	NA	3.6364179
9887	NA	4.158847
9888	NA	3.7831461
9890	NA	4.0506516
9891	NA	3.7403624
9892	NA	4.054462
9894	NA	3.7674334
9896	NA	3.8097465
9898	NA	3.582694
9899	NA	3.4304132
9901	NA	4.1521583
9902	NA	4.0965586
9906	NA	3.9550524
9908	NA	4.024196
9909	NA	3.9698782
9910	NA	3.9576075
9913	NA	3.8546119
9917	NA	4.134253
9918	NA	3.909607
9920	NA	3.4853892
9923	NA	4.2472186
9924	NA	4.069381
9925	NA	4.101906
9928	NA	3.8676019
9929	NA	3.9832036
9930	NA	3.9957516
9932	NA	3.9156895
9933	NA	3.7692533
9937	NA	3.900814
9941	NA	3.7524402
9944	NA	3.5733917
9945	NA	3.6882386
9946	NA	3.7556105
9950	NA	4.057681
9952	NA	3.9457798
9953	NA	4.057855
9954	NA	4.1569858
9956	NA	3.7903392
9957	NA	3.6881127
9958	NA	4.091809
9959	NA	3.812642
9961	NA	4.0509043
9962	NA	4.054832
9964	NA	3.8843744
9965	NA	3.978737
9966	NA	3.7303495
9969	NA	4.0028543
9970	NA	4.144371
9971	NA	3.8261747
9972	NA	3.7701218
9977	NA	3.861902
9978	NA	3.9783037
9979	NA	3.9748747
9986	NA	3.8433099
9987	NA	4.0853205
9989	NA	3.9874606
9990	NA	4.058976
9991	NA	4.164563
9992	NA	3.8157175
9994	NA	3.699718
9995	NA	3.8806279
9996	NA	3.9602103
