pair_ID	entailment_judgment	relatedness_score
6	NA	1.5224322
7	NA	2.209267
8	NA	2.1105297
10	NA	2.957854
11	NA	2.9716115
13	NA	1.0
15	NA	1.4903365
16	NA	1.0
17	NA	1.0
19	NA	2.8959224
20	NA	2.6239364
21	NA	2.8976116
22	NA	2.8636312
23	NA	2.7573416
27	NA	1.9834003
29	NA	2.315474
31	NA	2.4640732
32	NA	2.7174852
33	NA	2.738692
34	NA	2.717749
36	NA	2.0239615
37	NA	2.1487744
38	NA	1.791182
39	NA	2.2721317
41	NA	2.869875
43	NA	2.9118035
46	NA	1.9655347
48	NA	1.9859583
50	NA	1.9542892
51	NA	2.029714
52	NA	2.8315136
53	NA	2.7997522
54	NA	2.2804778
57	NA	2.192448
59	NA	2.2224758
60	NA	2.2223628
61	NA	1.4922312
63	NA	2.887428
64	NA	2.298881
66	NA	2.5002306
67	NA	2.6516664
68	NA	2.490363
69	NA	2.3887088
71	NA	2.3500636
74	NA	2.8877428
75	NA	2.837455
76	NA	2.6470892
80	NA	1.689848
86	NA	1.6478105
89	NA	2.943104
92	NA	1.601807
95	NA	1.6253258
96	NA	1.0
101	NA	2.9874246
102	NA	2.2411563
103	NA	1.687232
104	NA	1.7555964
106	NA	1.6972048
108	NA	2.7085934
109	NA	2.0388598
110	NA	2.5982604
111	NA	2.4559624
114	NA	1.0
115	NA	1.0
118	NA	2.7960675
121	NA	2.9297242
123	NA	2.2485864
125	NA	2.0528212
128	NA	2.2114513
132	NA	2.6378677
134	NA	2.7325327
135	NA	1.976728
137	NA	1.9600725
138	NA	2.26533
142	NA	2.2653635
143	NA	2.1791503
144	NA	1.8066529
145	NA	1.0
147	NA	1.8202952
149	NA	2.8123655
151	NA	2.7703478
152	NA	1.4554547
153	NA	2.5326576
154	NA	1.5099221
155	NA	2.514001
156	NA	2.2516649
157	NA	2.7640038
158	NA	2.8960044
160	NA	2.685217
162	NA	2.2093573
165	NA	2.1615782
166	NA	2.1570842
167	NA	2.6368947
168	NA	2.863873
169	NA	2.9471335
171	NA	2.9023707
172	NA	2.5913594
174	NA	2.527058
175	NA	2.6183357
177	NA	2.5241706
178	NA	2.72105
179	NA	2.5837784
180	NA	2.883188
181	NA	2.615918
182	NA	2.665313
187	NA	1.6483921
189	NA	1.66297
190	NA	1.7780787
191	NA	2.7587519
193	NA	2.9068036
195	NA	2.5913901
196	NA	2.474651
198	NA	2.2807546
199	NA	2.5176353
203	NA	2.6565726
204	NA	1.9441438
206	NA	2.090307
207	NA	1.7469735
208	NA	2.0854108
209	NA	2.8320029
210	NA	2.3261852
212	NA	2.7345653
213	NA	1.5336707
214	NA	1.6199112
220	NA	2.859176
221	NA	2.6533587
222	NA	3.0
229	NA	2.9966855
230	NA	1.7758759
231	NA	2.917315
235	NA	1.6246693
239	NA	2.0012388
242	NA	2.7105923
243	NA	2.682967
244	NA	2.5076869
245	NA	2.6482196
246	NA	1.9671412
247	NA	2.161879
250	NA	2.160903
251	NA	1.7524918
252	NA	2.128052
255	NA	2.9066145
261	NA	2.3742476
262	NA	2.870183
263	NA	2.9344816
264	NA	2.7698216
267	NA	2.0706472
268	NA	2.086043
270	NA	2.06404
271	NA	2.3718321
274	NA	2.803695
275	NA	2.6554184
278	NA	1.9834117
281	NA	2.0374694
282	NA	2.9576845
284	NA	2.3188338
288	NA	2.4303968
290	NA	2.4294167
292	NA	2.1801467
294	NA	2.892658
295	NA	1.4800806
297	NA	1.5609307
298	NA	1.0
299	NA	1.0
300	NA	2.7364173
306	NA	1.8543695
307	NA	2.1588194
308	NA	2.1303039
314	NA	2.8782322
316	NA	2.1762505
318	NA	2.400589
319	NA	2.1137412
320	NA	2.0437472
321	NA	2.2283282
322	NA	2.9887915
324	NA	2.6579065
325	NA	2.0706356
326	NA	2.2800684
328	NA	2.2550826
330	NA	2.2443476
334	NA	2.9676952
336	NA	2.1928883
337	NA	1.6076862
343	NA	2.602472
345	NA	1.9434465
348	NA	2.097617
349	NA	2.3393142
350	NA	2.3334963
352	NA	2.570483
353	NA	2.8830478
355	NA	2.2659395
356	NA	2.1072922
357	NA	2.2120824
359	NA	1.8495597
364	NA	2.7188363
365	NA	2.8378615
368	NA	2.605822
369	NA	2.5488336
371	NA	2.9663723
376	NA	2.6153953
383	NA	2.7032776
385	NA	2.8286629
386	NA	2.5421767
388	NA	2.6224585
389	NA	2.6181426
399	NA	2.0782673
400	NA	2.2609332
401	NA	2.4079785
405	NA	2.736356
406	NA	1.0
407	NA	1.0
408	NA	1.0
411	NA	2.8647416
412	NA	2.5583842
414	NA	2.7555957
416	NA	2.249923
418	NA	2.4010873
419	NA	2.6136858
420	NA	2.2471697
421	NA	2.3833055
424	NA	2.716533
425	NA	2.1710534
426	NA	2.7227755
429	NA	2.4851966
430	NA	2.4731097
431	NA	2.363752
432	NA	2.5179312
433	NA	2.8116565
437	NA	2.2654848
443	NA	2.6506338
444	NA	2.3889453
445	NA	2.2275805
448	NA	2.430213
452	NA	2.4739752
453	NA	2.5016205
455	NA	2.00845
456	NA	2.2459416
458	NA	1.4649668
459	NA	1.7550808
460	NA	1.8701341
463	NA	2.532316
464	NA	2.8313901
466	NA	2.6342945
467	NA	2.4992523
468	NA	2.1959386
469	NA	2.8508167
471	NA	2.535254
472	NA	2.508013
474	NA	2.2929077
478	NA	1.7734475
479	NA	1.908439
480	NA	1.7838387
481	NA	2.2104747
482	NA	2.9050333
483	NA	2.0463746
487	NA	2.5909512
488	NA	2.3210928
490	NA	2.552368
492	NA	2.6441684
493	NA	2.6705391
495	NA	2.6847053
498	NA	2.342948
501	NA	2.1163378
502	NA	2.6699347
503	NA	2.7407393
504	NA	2.4384346
509	NA	2.4285243
510	NA	2.3681154
511	NA	2.287943
512	NA	2.4617867
517	NA	2.517323
518	NA	2.9925637
519	NA	2.9332726
521	NA	2.4934576
523	NA	1.9617012
525	NA	2.1826992
532	NA	2.6222048
533	NA	2.67513
534	NA	2.5305502
536	NA	2.3711958
537	NA	2.4652631
539	NA	2.5277393
540	NA	2.4923203
543	NA	2.5565946
544	NA	2.7096436
546	NA	2.8924613
547	NA	2.0838513
549	NA	2.0595646
553	NA	2.3003566
554	NA	2.8812342
558	NA	2.9082255
559	NA	2.7034307
562	NA	2.0832841
563	NA	1.9968214
566	NA	1.992614
567	NA	2.9281473
569	NA	2.5843306
571	NA	2.681897
572	NA	2.8080359
573	NA	2.6869864
574	NA	2.4234407
575	NA	2.593222
576	NA	2.6170123
577	NA	2.593231
578	NA	2.4621074
579	NA	2.672283
580	NA	2.9605696
582	NA	2.8563375
583	NA	2.684195
584	NA	2.8677542
585	NA	2.4343731
589	NA	2.415881
590	NA	2.5618634
591	NA	2.8882773
593	NA	2.8729541
594	NA	2.701487
595	NA	2.4315898
596	NA	2.035357
598	NA	2.2413256
600	NA	2.9115796
602	NA	2.3624954
607	NA	2.1774497
608	NA	2.016161
610	NA	2.0190992
612	NA	2.2401085
613	NA	2.9997792
614	NA	2.8164623
615	NA	2.576292
616	NA	2.4963167
618	NA	2.193856
620	NA	2.16775
623	NA	2.2963579
624	NA	2.346629
627	NA	2.347588
633	NA	2.0312004
635	NA	1.8935375
636	NA	1.5270782
639	NA	2.9187546
640	NA	2.93257
642	NA	2.8459125
644	NA	2.358211
652	NA	2.7391028
654	NA	2.361792
656	NA	2.8179853
658	NA	2.2401443
659	NA	2.125598
662	NA	2.3305142
664	NA	2.220285
665	NA	2.841381
666	NA	2.4793873
667	NA	2.9059348
669	NA	2.7697368
670	NA	2.2330782
673	NA	2.2455094
674	NA	2.1578069
675	NA	2.129085
677	NA	2.9474487
681	NA	2.5924659
682	NA	2.1886864
683	NA	1.9105957
684	NA	1.8360971
686	NA	2.1031296
688	NA	2.1924558
694	NA	2.7628057
695	NA	2.547839
700	NA	2.5920894
701	NA	2.5085588
705	NA	2.0943377
706	NA	2.1952162
707	NA	2.2513769
708	NA	1.678347
710	NA	1.5691545
711	NA	2.1610348
712	NA	2.1678288
713	NA	2.6952095
714	NA	2.4762204
716	NA	2.9098866
719	NA	1.6405228
720	NA	1.6120563
721	NA	1.0
724	NA	1.0
726	NA	2.7486408
739	NA	2.8152504
740	NA	2.2448463
742	NA	2.5348346
743	NA	1.0
744	NA	1.699803
750	NA	1.8283107
751	NA	1.7349668
753	NA	2.9036276
755	NA	2.1503143
756	NA	2.102281
758	NA	2.3078153
763	NA	2.766197
767	NA	2.2616217
770	NA	2.0999427
771	NA	2.1119735
773	NA	2.8082294
775	NA	2.7097762
776	NA	2.2571414
778	NA	2.26916
779	NA	2.3761573
781	NA	2.7834578
782	NA	2.5972657
786	NA	2.5238361
787	NA	2.2801523
788	NA	1.9597101
790	NA	1.955161
794	NA	2.892913
795	NA	2.9572043
798	NA	2.5270314
800	NA	1.497185
801	NA	2.4591289
803	NA	2.2440395
805	NA	2.8403854
806	NA	2.9361248
807	NA	2.6752765
808	NA	2.7236774
809	NA	2.2739952
810	NA	2.076042
814	NA	2.1931381
815	NA	2.1747954
817	NA	2.9605896
818	NA	2.7496471
819	NA	2.7323864
821	NA	2.0227394
823	NA	1.5802075
826	NA	1.9136356
828	NA	2.912409
829	NA	2.8582487
832	NA	2.4986775
833	NA	2.0508978
834	NA	1.6969117
835	NA	2.0644577
837	NA	2.0884297
838	NA	2.155187
840	NA	2.759621
842	NA	2.5552986
843	NA	2.8844273
847	NA	2.2071671
849	NA	2.41747
850	NA	2.2835424
853	NA	2.8606648
854	NA	2.0661345
856	NA	2.9991162
861	NA	1.7057474
863	NA	2.3715537
865	NA	2.3145027
871	NA	1.6564023
875	NA	2.0614266
877	NA	2.857788
884	NA	1.0
885	NA	1.8191662
886	NA	1.7309604
890	NA	2.824551
891	NA	2.15998
894	NA	2.4099765
896	NA	2.35599
897	NA	1.9973092
900	NA	2.8502777
901	NA	2.7979512
903	NA	2.5840123
905	NA	2.4744775
907	NA	2.4431865
911	NA	2.4676738
912	NA	2.851309
914	NA	2.9915473
916	NA	2.5365825
918	NA	1.4249275
919	NA	1.611216
921	NA	1.0
923	NA	2.6290286
924	NA	2.8255546
925	NA	2.4964676
926	NA	2.6970265
928	NA	2.1010902
929	NA	2.215613
930	NA	2.7717187
934	NA	2.913268
937	NA	2.8860915
938	NA	2.633134
939	NA	2.36605
941	NA	2.2011817
942	NA	2.0137455
946	NA	2.0449233
951	NA	2.837241
952	NA	2.3646038
954	NA	1.6997038
955	NA	1.8634651
958	NA	1.698028
964	NA	2.641141
965	NA	2.719102
966	NA	2.4846694
968	NA	2.2441132
969	NA	2.4163938
971	NA	2.3926678
972	NA	2.4197428
974	NA	2.5678318
976	NA	2.9278774
977	NA	2.8693945
981	NA	1.7050765
982	NA	2.2497218
983	NA	1.8501076
986	NA	2.964326
990	NA	2.9565358
992	NA	2.161947
993	NA	2.146056
995	NA	2.098498
997	NA	1.946393
999	NA	2.877139
1001	NA	2.9336274
1003	NA	2.4348962
1005	NA	2.4571652
1006	NA	2.3581212
1011	NA	2.6074457
1012	NA	2.31064
1013	NA	2.4858701
1014	NA	2.3894823
1015	NA	2.3933692
1017	NA	2.113658
1020	NA	2.2732031
1023	NA	2.4603715
1024	NA	2.7983727
1025	NA	2.6527014
1027	NA	2.0275846
1030	NA	2.2292595
1032	NA	2.8203287
1034	NA	2.5119636
1035	NA	2.9986908
1036	NA	2.7146173
1040	NA	1.53044
1041	NA	1.0
1042	NA	1.4955636
1051	NA	2.015739
1056	NA	2.020847
1058	NA	2.888584
1059	NA	2.9081697
1060	NA	2.7348459
1062	NA	2.652543
1063	NA	2.510994
1066	NA	2.3889163
1067	NA	2.4070542
1070	NA	2.5017138
1071	NA	2.838814
1072	NA	2.6600716
1073	NA	2.9967167
1075	NA	2.6267712
1077	NA	2.605753
1078	NA	2.4473343
1079	NA	2.6488464
1081	NA	2.7614167
1085	NA	3.0
1086	NA	2.8739083
1089	NA	2.565652
1098	NA	2.8324482
1100	NA	1.7334975
1101	NA	1.4889623
1103	NA	1.8931475
1106	NA	2.8926394
1107	NA	2.8651254
1110	NA	2.5632396
1113	NA	1.5000154
1114	NA	1.576114
1116	NA	1.6094002
1121	NA	2.1451435
1123	NA	2.7512681
1124	NA	2.1846228
1126	NA	2.8610349
1127	NA	2.830739
1130	NA	2.7648647
1131	NA	3.0
1132	NA	1.7998163
1134	NA	1.8652254
1136	NA	1.8033786
1138	NA	1.8652254
1139	NA	2.3887362
1140	NA	2.067458
1141	NA	2.9181376
1142	NA	2.4305925
1143	NA	2.2269363
1144	NA	1.736541
1146	NA	1.0
1148	NA	2.588836
1150	NA	2.809817
1151	NA	2.4179642
1152	NA	2.6112878
1156	NA	2.789732
1158	NA	2.7316134
1159	NA	2.668594
1160	NA	2.7072003
1163	NA	2.3042922
1164	NA	2.487869
1166	NA	2.6291592
1168	NA	2.64111
1171	NA	2.091174
1172	NA	2.6004531
1173	NA	2.0917454
1174	NA	2.9436789
1176	NA	2.650507
1181	NA	2.3385146
1183	NA	2.1678543
1185	NA	2.952473
1186	NA	2.7916803
1187	NA	2.8818836
1189	NA	2.7026558
1197	NA	2.433906
1198	NA	2.5578058
1199	NA	2.589341
1201	NA	2.403825
1203	NA	2.2530851
1204	NA	2.6058488
1208	NA	2.9803917
1209	NA	2.8160982
1210	NA	1.76801
1211	NA	1.6892939
1216	NA	2.161741
1217	NA	2.2032497
1218	NA	2.637006
1220	NA	1.7847568
1223	NA	2.152264
1224	NA	2.8893592
1225	NA	2.1584988
1226	NA	2.6833835
1229	NA	2.1212113
1231	NA	2.1381357
1233	NA	2.788882
1234	NA	2.5673578
1235	NA	2.1028774
1238	NA	2.5956137
1243	NA	2.154465
1245	NA	2.1490462
1247	NA	2.083219
1250	NA	2.9349592
1252	NA	1.9716796
1253	NA	2.9601147
1254	NA	2.8407588
1256	NA	2.392941
1257	NA	2.5403068
1258	NA	1.6186118
1260	NA	2.7857153
1261	NA	2.8393219
1262	NA	2.5212963
1263	NA	1.9180115
1264	NA	2.6204998
1265	NA	1.0
1267	NA	2.0542855
1269	NA	2.7198803
1272	NA	2.7589881
1277	NA	2.71773
1278	NA	2.5254874
1279	NA	2.7211757
1281	NA	1.9661376
1285	NA	2.562137
1286	NA	2.5043721
1288	NA	2.4195876
1289	NA	2.8407621
1290	NA	2.8198307
1295	NA	2.8432205
1296	NA	2.2176585
1298	NA	2.5660784
1299	NA	2.3179822
1300	NA	2.13536
1301	NA	2.7462478
1304	NA	2.6398954
1306	NA	1.7514802
1307	NA	2.5496132
1309	NA	2.5020568
1310	NA	2.1464474
1312	NA	2.714998
1313	NA	1.9069402
1314	NA	1.0
1315	NA	1.5655316
1316	NA	1.0
1320	NA	3.0
1322	NA	1.0
1323	NA	3.0
1324	NA	2.522532
1325	NA	1.0
1327	NA	2.8711538
1330	NA	2.9438894
1331	NA	2.890053
1332	NA	2.878358
1334	NA	2.4836607
1337	NA	2.451889
1338	NA	2.3921282
1339	NA	2.4941473
1340	NA	2.2562752
1343	NA	2.2372725
1347	NA	2.144401
1348	NA	2.723309
1349	NA	2.6587408
1351	NA	2.9954731
1353	NA	2.6501718
1356	NA	2.3490098
1357	NA	2.640986
1360	NA	2.3476043
1362	NA	2.4168675
1363	NA	2.5637488
1364	NA	1.9736891
1366	NA	2.281271
1367	NA	2.7073827
1369	NA	2.4978933
1370	NA	2.7882147
1374	NA	2.1262567
1375	NA	2.6110957
1377	NA	2.8063424
1382	NA	2.2727797
1383	NA	2.2573905
1391	NA	2.4179823
1392	NA	1.9880154
1393	NA	2.2176635
1394	NA	2.9219465
1395	NA	2.960434
1397	NA	1.7012386
1398	NA	2.9673436
1401	NA	2.963594
1402	NA	2.9680228
1406	NA	2.6499412
1411	NA	2.11538
1413	NA	2.4450395
1416	NA	2.911776
1418	NA	2.0042553
1420	NA	2.5562632
1422	NA	2.4969292
1423	NA	2.3068798
1424	NA	2.7493575
1425	NA	1.9952956
1426	NA	1.7016313
1428	NA	1.8863237
1430	NA	2.5329468
1433	NA	2.3580017
1436	NA	2.1491456
1437	NA	2.5911462
1439	NA	2.4436617
1440	NA	1.6942652
1441	NA	2.2628503
1442	NA	2.798138
1445	NA	2.1997209
1447	NA	2.792372
1449	NA	2.8683116
1450	NA	2.9519045
1451	NA	2.495259
1452	NA	2.1661625
1454	NA	1.8202343
1456	NA	2.278119
1457	NA	2.8001096
1459	NA	2.073181
1460	NA	2.8928504
1462	NA	2.447198
1465	NA	2.4100785
1468	NA	2.999335
1471	NA	1.4560959
1472	NA	2.3365169
1475	NA	2.8140748
1477	NA	2.7331247
1478	NA	2.77451
1485	NA	2.6532133
1490	NA	2.0366147
1491	NA	2.0065584
1492	NA	2.1976771
1496	NA	2.445802
1497	NA	2.5502203
1500	NA	2.069005
1502	NA	2.6391215
1507	NA	2.3061519
1508	NA	2.23058
1510	NA	2.0943706
1512	NA	1.0
1515	NA	1.4689655
1516	NA	1.0
1518	NA	1.0
1520	NA	2.5549212
1522	NA	2.7894874
1526	NA	2.4684808
1528	NA	2.5837152
1529	NA	2.6803322
1530	NA	2.6004286
1533	NA	2.0934033
1537	NA	1.789348
1539	NA	2.3572166
1540	NA	2.5386515
1542	NA	1.9986187
1543	NA	1.0
1544	NA	2.2634597
1546	NA	2.2103636
1548	NA	1.0
1554	NA	1.0
1555	NA	2.5044513
1556	NA	2.7131555
1560	NA	2.4457169
1561	NA	2.8908215
1562	NA	2.37909
1564	NA	2.718697
1567	NA	2.9068556
1568	NA	2.5223837
1569	NA	2.959892
1571	NA	1.9285119
1572	NA	2.2013528
1577	NA	2.2821393
1578	NA	2.577014
1579	NA	2.747505
1581	NA	2.081418
1583	NA	1.4142808
1589	NA	2.3475702
1590	NA	2.2851295
1593	NA	2.3665428
1594	NA	1.7759999
1596	NA	2.9307597
1597	NA	2.2687597
1598	NA	2.987526
1600	NA	2.012068
1602	NA	1.6519843
1603	NA	1.8199072
1605	NA	1.9823592
1611	NA	2.8991477
1613	NA	2.2284298
1616	NA	2.1915717
1617	NA	2.4265227
1619	NA	2.8201323
1620	NA	3.0
1622	NA	2.3296156
1623	NA	1.496444
1624	NA	2.3765998
1630	NA	2.7545686
1633	NA	1.9280653
1634	NA	1.9269395
1636	NA	2.4326558
1637	NA	1.9856768
1638	NA	1.9228282
1642	NA	2.632552
1644	NA	1.7475488
1645	NA	2.5403852
1654	NA	2.0105796
1656	NA	2.6115942
1658	NA	2.6801364
1662	NA	2.2522273
1664	NA	2.9778166
1665	NA	2.2414367
1666	NA	2.182659
1667	NA	2.9127755
1672	NA	1.0
1674	NA	1.0
1678	NA	2.627871
1679	NA	1.0
1681	NA	2.5208921
1683	NA	2.5165398
1684	NA	2.3293393
1685	NA	2.6051679
1686	NA	2.0127008
1688	NA	1.0
1689	NA	2.687841
1692	NA	2.209492
1693	NA	2.723238
1695	NA	2.721904
1696	NA	2.0042202
1698	NA	2.273359
1699	NA	2.4038436
1701	NA	1.6952132
1704	NA	2.984591
1709	NA	2.5091348
1710	NA	2.5400398
1713	NA	2.1707284
1717	NA	1.8992801
1718	NA	2.0844126
1720	NA	1.9056585
1722	NA	2.5279555
1725	NA	2.5334606
1726	NA	2.879797
1727	NA	2.5559251
1728	NA	1.9262637
1730	NA	1.9993439
1731	NA	1.5898731
1732	NA	1.0
1734	NA	2.5370529
1735	NA	2.343712
1737	NA	2.714434
1738	NA	1.0
1739	NA	1.0
1740	NA	1.0
1742	NA	1.0
1743	NA	2.6631248
1744	NA	2.6013172
1745	NA	2.8273106
1746	NA	2.6914062
1748	NA	2.371964
1749	NA	2.2171476
1750	NA	2.0648735
1752	NA	2.185602
1758	NA	2.2200143
1760	NA	1.953008
1761	NA	2.1625113
1762	NA	1.7642887
1763	NA	1.962606
1764	NA	2.2343915
1767	NA	2.7542799
1768	NA	2.8512442
1769	NA	2.908242
1770	NA	2.5450058
1774	NA	2.022149
1775	NA	1.0
1778	NA	3.0
1779	NA	2.6051538
1785	NA	2.185466
1786	NA	2.266813
1788	NA	2.266813
1790	NA	2.3171248
1793	NA	1.520285
1794	NA	1.687256
1795	NA	1.7236363
1796	NA	1.0
1797	NA	1.4214963
1799	NA	1.8432463
1800	NA	2.152132
1801	NA	2.278568
1802	NA	2.6411877
1803	NA	2.9036605
1804	NA	2.5918822
1805	NA	2.4001598
1806	NA	2.2114809
1810	NA	1.9922515
1813	NA	2.5374188
1816	NA	2.764219
1817	NA	1.9593834
1819	NA	1.7032126
1821	NA	1.0
1824	NA	1.6507894
1826	NA	2.9191043
1827	NA	2.4711647
1828	NA	2.87308
1831	NA	2.7637465
1833	NA	1.5385497
1834	NA	1.7446738
1835	NA	1.9134057
1836	NA	1.8951335
1837	NA	1.9043624
1838	NA	1.7888336
1843	NA	2.2914097
1845	NA	1.5806897
1848	NA	1.7629544
1850	NA	2.9120471
1855	NA	2.6002803
1856	NA	2.6921945
1857	NA	2.1052086
1858	NA	2.703771
1859	NA	2.9904182
1860	NA	2.260057
1862	NA	2.641771
1863	NA	1.6547654
1864	NA	1.0
1865	NA	1.9002906
1867	NA	1.0
1868	NA	1.5698129
1870	NA	1.6673582
1871	NA	1.5674082
1872	NA	2.1940694
1875	NA	2.6213622
1880	NA	1.0
1883	NA	1.9947478
1885	NA	2.9171698
1889	NA	2.5911896
1890	NA	1.9412372
1891	NA	2.5108826
1893	NA	1.9782225
1895	NA	2.0990107
1896	NA	2.2272494
1899	NA	2.5418243
1901	NA	1.4210562
1902	NA	1.7402077
1903	NA	1.41123
1905	NA	1.0
1906	NA	1.552824
1911	NA	1.8330306
1913	NA	2.798018
1914	NA	2.725146
1915	NA	1.7776865
1916	NA	1.0
1917	NA	2.0644536
1920	NA	1.9256424
1922	NA	2.2098904
1923	NA	2.6001775
1924	NA	2.1967907
1925	NA	2.7203038
1926	NA	2.8334029
1928	NA	1.5919961
1929	NA	1.0
1930	NA	1.7853034
1931	NA	1.593543
1932	NA	1.7980562
1933	NA	1.5375133
1937	NA	2.9975421
1938	NA	2.2859075
1941	NA	2.559819
1945	NA	2.8681116
1947	NA	2.7075555
1950	NA	1.9261603
1951	NA	1.6390811
1953	NA	2.973188
1956	NA	2.7588143
1957	NA	2.3647316
1958	NA	1.0
1959	NA	1.0
1960	NA	1.0
1962	NA	1.0
1965	NA	2.5465305
1966	NA	2.2112994
1968	NA	2.775019
1971	NA	2.16094
1973	NA	2.3722823
1976	NA	2.4361508
1977	NA	2.9889247
1979	NA	1.9028203
1980	NA	2.5316265
1982	NA	1.0
1983	NA	1.4342971
1985	NA	1.0
1986	NA	1.665133
1990	NA	2.3908203
1995	NA	2.4498072
1997	NA	2.5038471
1998	NA	2.5317893
2002	NA	2.4315913
2003	NA	2.2931566
2010	NA	2.6449783
2013	NA	2.4157305
2017	NA	2.9068394
2021	NA	2.0024762
2022	NA	1.0
2026	NA	2.1081977
2028	NA	2.7590346
2031	NA	2.778449
2032	NA	2.593304
2033	NA	2.2062354
2034	NA	1.6673186
2036	NA	2.0543377
2039	NA	2.0559378
2042	NA	2.4263887
2043	NA	2.8941205
2044	NA	2.4516485
2046	NA	2.1432133
2048	NA	1.6986036
2050	NA	1.425419
2053	NA	2.6707766
2054	NA	2.5836957
2057	NA	2.3269634
2060	NA	2.3045328
2062	NA	2.0320382
2063	NA	2.0532112
2065	NA	2.9529557
2069	NA	2.15873
2071	NA	2.6781318
2074	NA	2.295991
2077	NA	2.4704728
2083	NA	2.3125176
2085	NA	2.3249035
2093	NA	2.4249392
2095	NA	1.0
2099	NA	1.971701
2101	NA	2.9492462
2106	NA	2.6660943
2108	NA	2.4348278
2110	NA	2.3842294
2111	NA	1.8801208
2114	NA	2.5611825
2116	NA	2.5428898
2120	NA	2.2424493
2126	NA	2.4517407
2127	NA	2.9970133
2128	NA	2.4883792
2129	NA	2.6665328
2131	NA	2.294924
2133	NA	2.6910279
2134	NA	2.2942924
2135	NA	2.6961045
2137	NA	2.154465
2138	NA	2.5866365
2140	NA	2.6012764
2142	NA	1.6641401
2143	NA	1.6712229
2147	NA	1.6872324
2149	NA	3.0
2151	NA	2.7527475
2152	NA	2.8972366
2154	NA	2.65401
2155	NA	2.0226133
2156	NA	1.6555566
2158	NA	1.9451388
2159	NA	2.2310526
2160	NA	2.074893
2161	NA	1.9451388
2168	NA	2.7494512
2169	NA	2.7383842
2173	NA	2.631252
2174	NA	2.8658783
2177	NA	2.452752
2178	NA	2.3441179
2182	NA	2.995494
2185	NA	2.6634345
2186	NA	2.1926093
2187	NA	2.0479448
2189	NA	1.7122321
2190	NA	2.223092
2191	NA	2.8978298
2193	NA	2.5882764
2194	NA	2.854259
2197	NA	2.3619194
2200	NA	2.5127215
2201	NA	2.6529517
2204	NA	2.6094303
2206	NA	2.7152503
2209	NA	2.1509867
2211	NA	2.4751787
2214	NA	2.2995698
2216	NA	2.3652682
2219	NA	2.8039944
2220	NA	2.316511
2223	NA	2.1686354
2224	NA	2.2235794
2225	NA	2.2638607
2227	NA	2.1786776
2230	NA	2.6673436
2237	NA	2.784637
2241	NA	1.9670701
2244	NA	2.2625647
2245	NA	2.3998282
2246	NA	3.0
2248	NA	2.3927014
2249	NA	1.9090723
2254	NA	2.2006576
2255	NA	2.7551649
2256	NA	2.5435514
2257	NA	2.6987548
2258	NA	2.5730948
2262	NA	2.1844084
2265	NA	2.447326
2267	NA	2.8547704
2268	NA	2.5106223
2269	NA	2.51522
2270	NA	2.543643
2271	NA	1.936419
2273	NA	2.7035677
2276	NA	2.9611678
2278	NA	2.7689383
2279	NA	2.5117445
2280	NA	2.7304342
2283	NA	2.391138
2285	NA	2.838727
2290	NA	2.8798962
2292	NA	2.4986718
2293	NA	2.7829661
2294	NA	2.3916945
2295	NA	2.6822948
2296	NA	2.0475478
2298	NA	2.1697602
2300	NA	2.5637956
2301	NA	2.6627493
2306	NA	2.0612051
2312	NA	2.565001
2313	NA	2.8704407
2320	NA	2.4174054
2321	NA	2.363279
2323	NA	2.656215
2324	NA	2.4572594
2325	NA	2.6843057
2326	NA	2.2537766
2328	NA	2.6843057
2331	NA	2.880327
2335	NA	2.6291592
2336	NA	2.132254
2337	NA	2.7674205
2342	NA	1.5996195
2343	NA	1.6323217
2345	NA	1.5073286
2346	NA	2.9465077
2347	NA	2.8379316
2349	NA	2.7919106
2353	NA	2.0415814
2354	NA	1.9106951
2355	NA	1.9073851
2356	NA	1.9640015
2357	NA	2.6089208
2361	NA	2.405348
2367	NA	1.9239644
2370	NA	2.6323133
2371	NA	2.8742242
2372	NA	2.8387027
2373	NA	2.348416
2376	NA	2.6234396
2378	NA	2.40804
2379	NA	2.7404647
2380	NA	2.40445
2382	NA	2.2109823
2384	NA	2.146535
2387	NA	2.98845
2389	NA	2.6199713
2390	NA	2.7229981
2393	NA	2.2700357
2394	NA	2.7884743
2395	NA	2.668685
2396	NA	2.7892857
2398	NA	1.7412531
2399	NA	2.6242738
2403	NA	2.1847715
2406	NA	2.6551764
2408	NA	2.7860935
2411	NA	1.9329506
2412	NA	2.1137247
2416	NA	2.1039395
2417	NA	2.3716736
2418	NA	3.0
2419	NA	2.7926655
2420	NA	2.181093
2421	NA	2.1153126
2424	NA	2.4947338
2425	NA	2.181093
2427	NA	2.3874803
2428	NA	2.7722707
2432	NA	1.9057951
2433	NA	1.8404168
2434	NA	2.466172
2435	NA	2.7167892
2437	NA	2.8844688
2439	NA	2.604332
2442	NA	2.5296972
2443	NA	1.7026969
2444	NA	2.6779778
2446	NA	2.6232774
2448	NA	2.3526447
2449	NA	2.7709126
2451	NA	2.7323594
2452	NA	1.9115305
2453	NA	1.8050414
2454	NA	2.0101283
2460	NA	2.5557537
2461	NA	2.907493
2462	NA	2.5301898
2463	NA	2.7780437
2464	NA	2.1423712
2468	NA	1.8124968
2469	NA	2.8160152
2470	NA	2.5314193
2471	NA	2.6818137
2473	NA	1.0
2475	NA	1.0
2477	NA	2.9825902
2478	NA	2.4787881
2479	NA	2.5698814
2480	NA	2.807996
2481	NA	2.3165145
2482	NA	2.4725635
2483	NA	2.6043336
2484	NA	1.996033
2487	NA	2.7952461
2489	NA	2.4381142
2490	NA	2.712963
2492	NA	1.8712876
2493	NA	2.5294435
2498	NA	2.366065
2501	NA	1.0
2502	NA	2.543172
2503	NA	2.3505604
2504	NA	1.9957336
2507	NA	2.3725638
2511	NA	1.9643348
2512	NA	2.0678074
2513	NA	2.3651886
2516	NA	2.3637106
2517	NA	2.527495
2519	NA	2.5310743
2520	NA	2.708369
2522	NA	1.7615148
2523	NA	1.9654413
2524	NA	2.022044
2526	NA	1.0
2528	NA	2.9868245
2531	NA	2.3822408
2532	NA	2.4279165
2533	NA	2.1155019
2534	NA	2.4598756
2536	NA	2.4838011
2537	NA	2.818711
2541	NA	2.293593
2542	NA	2.0552177
2546	NA	2.431654
2547	NA	2.68635
2548	NA	2.474204
2550	NA	2.062087
2552	NA	2.3549554
2556	NA	2.7417862
2558	NA	2.3623226
2559	NA	2.1501095
2560	NA	1.7770284
2562	NA	1.8499541
2563	NA	2.3665996
2564	NA	2.9961617
2565	NA	2.5831194
2567	NA	2.4324574
2568	NA	1.0
2570	NA	1.0
2571	NA	1.0
2573	NA	2.8134735
2575	NA	2.5136306
2576	NA	2.7666018
2580	NA	2.281867
2581	NA	2.8368523
2584	NA	2.859977
2585	NA	2.2474184
2586	NA	2.3480518
2587	NA	1.511196
2595	NA	3.0
2598	NA	2.858815
2600	NA	2.6005058
2603	NA	2.1059716
2605	NA	2.7644625
2607	NA	2.5709407
2609	NA	2.9186862
2610	NA	2.7344716
2611	NA	2.0330203
2612	NA	2.9186862
2613	NA	2.9791439
2614	NA	2.219393
2616	NA	2.233515
2617	NA	1.656735
2618	NA	1.8311933
2620	NA	1.548464
2621	NA	2.182286
2624	NA	2.8129487
2629	NA	2.6966796
2631	NA	2.918502
2633	NA	2.7095065
2635	NA	2.6856444
2639	NA	1.0
2641	NA	2.530276
2642	NA	1.0
2644	NA	2.890184
2645	NA	2.1558516
2646	NA	2.1732
2647	NA	2.6428397
2648	NA	1.5103811
2649	NA	1.6192498
2652	NA	1.7929996
2653	NA	2.932625
2658	NA	2.043714
2659	NA	1.6626999
2661	NA	2.096508
2663	NA	2.1370628
2665	NA	2.414035
2667	NA	2.4313502
2669	NA	1.7265965
2671	NA	1.8355986
2674	NA	2.5979235
2676	NA	2.805425
2677	NA	2.6846535
2681	NA	2.425434
2683	NA	2.8685544
2685	NA	2.69731
2686	NA	2.8208163
2690	NA	2.4600198
2693	NA	2.4480362
2694	NA	2.4276865
2695	NA	2.9972262
2697	NA	2.4836702
2698	NA	2.2939126
2699	NA	2.500883
2700	NA	2.373828
2706	NA	1.7964743
2717	NA	2.2365649
2719	NA	2.2673285
2723	NA	2.7181697
2725	NA	2.5949183
2727	NA	1.7328489
2729	NA	1.7331402
2732	NA	1.9369779
2733	NA	2.636007
2736	NA	2.8571408
2737	NA	2.4342918
2740	NA	2.3012328
2742	NA	2.7364688
2743	NA	2.8431067
2745	NA	2.0548642
2746	NA	2.2698407
2747	NA	1.7666003
2749	NA	2.3837159
2750	NA	2.6389797
2753	NA	2.65466
2759	NA	2.3254719
2760	NA	2.9852788
2762	NA	2.5489314
2767	NA	2.6190748
2769	NA	2.852598
2771	NA	2.8416874
2773	NA	2.6653705
2780	NA	2.9168146
2781	NA	2.5156152
2782	NA	2.6090007
2785	NA	2.4081662
2786	NA	2.6723366
2790	NA	2.3822849
2793	NA	2.4324684
2794	NA	2.2152088
2796	NA	1.9641511
2798	NA	2.9956865
2801	NA	2.7307322
2804	NA	1.6708933
2805	NA	1.5098006
2806	NA	1.6738083
2808	NA	2.2917488
2810	NA	2.4371037
2814	NA	1.0
2816	NA	2.9119344
2819	NA	2.9721556
2820	NA	2.6208766
2823	NA	2.31034
2824	NA	1.9222146
2825	NA	2.2782464
2826	NA	2.261645
2830	NA	2.6989613
2831	NA	1.8889292
2832	NA	1.9854544
2833	NA	2.2548885
2834	NA	1.9516162
2835	NA	2.0453627
2836	NA	2.6775727
2840	NA	2.370016
2841	NA	1.9554689
2843	NA	2.037874
2846	NA	2.0285606
2847	NA	2.9935517
2848	NA	2.6904244
2849	NA	2.351498
2852	NA	1.6678323
2855	NA	2.8367577
2858	NA	2.3098345
2859	NA	1.7067804
2866	NA	2.6896005
2869	NA	2.387552
2871	NA	2.8708756
2872	NA	2.728997
2873	NA	2.271083
2876	NA	2.7041857
2877	NA	2.6190367
2878	NA	2.562153
2880	NA	2.8512626
2882	NA	2.4598544
2884	NA	2.7612042
2885	NA	2.0147007
2887	NA	2.4138632
2888	NA	1.9211137
2889	NA	2.4321084
2892	NA	1.9677608
2893	NA	2.5332687
2895	NA	2.236769
2897	NA	2.8053508
2901	NA	2.765009
2902	NA	2.5690613
2904	NA	2.5424523
2906	NA	2.4032662
2912	NA	2.0563385
2914	NA	1.9768285
2921	NA	2.6417692
2922	NA	2.5813224
2923	NA	2.5661113
2925	NA	2.7948399
2928	NA	2.8593774
2929	NA	2.7453098
2931	NA	2.2160587
2934	NA	2.3874052
2940	NA	2.7529535
2942	NA	2.4994073
2944	NA	2.4928174
2946	NA	2.5623717
2947	NA	2.5343206
2948	NA	2.7690215
2949	NA	2.017744
2950	NA	2.5776002
2953	NA	1.933584
2954	NA	2.3893566
2962	NA	2.016694
2963	NA	2.7299943
2973	NA	2.715509
2975	NA	2.9193087
2978	NA	2.9880621
2979	NA	1.9018618
2982	NA	2.2594774
2985	NA	2.2813704
2986	NA	2.609541
2987	NA	2.440633
2990	NA	2.5106337
2991	NA	2.0972164
2993	NA	1.9861008
2999	NA	2.649213
3000	NA	1.8421372
3001	NA	1.9993973
3003	NA	2.3963456
3004	NA	2.9520574
3006	NA	2.9952502
3008	NA	2.2431273
3009	NA	1.9267696
3011	NA	2.58235
3012	NA	2.1212409
3013	NA	1.8376029
3017	NA	2.8694706
3020	NA	2.1500685
3021	NA	2.3321981
3023	NA	2.320876
3025	NA	2.5711355
3026	NA	2.3514035
3028	NA	2.2849693
3029	NA	1.7330961
3030	NA	1.8039542
3032	NA	1.7615858
3034	NA	2.8392944
3035	NA	2.8249373
3037	NA	2.686283
3040	NA	2.7333715
3044	NA	2.8611596
3045	NA	2.8988893
3048	NA	2.6467175
3051	NA	2.8927035
3052	NA	2.479712
3053	NA	2.750836
3055	NA	2.664936
3056	NA	2.3482234
3057	NA	2.7788267
3058	NA	2.413749
3060	NA	3.0
3063	NA	2.8596442
3064	NA	2.8662946
3066	NA	2.3082323
3067	NA	2.3150141
3070	NA	2.3150141
3074	NA	2.998853
3075	NA	2.49626
3076	NA	2.6954427
3077	NA	2.7861912
3078	NA	2.405365
3080	NA	2.4605532
3082	NA	2.9919987
3083	NA	2.5790389
3084	NA	2.6191232
3086	NA	2.2092838
3087	NA	2.4942229
3088	NA	2.6295478
3089	NA	2.9915519
3090	NA	1.0
3093	NA	1.9442189
3095	NA	1.9455788
3096	NA	1.0
3099	NA	2.6782699
3101	NA	2.9638243
3103	NA	2.7982845
3104	NA	2.1647334
3106	NA	2.4855328
3108	NA	2.8103988
3109	NA	2.709134
3112	NA	2.7880943
3113	NA	1.9268063
3115	NA	2.1792457
3116	NA	1.6447765
3117	NA	2.3039203
3118	NA	2.9263558
3119	NA	2.59042
3120	NA	2.784817
3124	NA	2.470853
3125	NA	2.2979171
3127	NA	2.6208434
3128	NA	2.8133519
3131	NA	2.7629976
3133	NA	2.4540431
3135	NA	2.7588403
3136	NA	2.53944
3137	NA	2.673594
3138	NA	3.0
3139	NA	2.703699
3141	NA	1.0
3142	NA	1.0
3144	NA	1.0
3145	NA	1.0
3146	NA	1.0
3147	NA	2.996323
3148	NA	2.8017855
3149	NA	2.7622764
3151	NA	2.5729399
3152	NA	2.4360268
3154	NA	2.5888176
3155	NA	2.7332761
3159	NA	2.884346
3160	NA	2.0189276
3163	NA	2.870495
3167	NA	2.4628162
3168	NA	2.4767883
3169	NA	2.470486
3171	NA	2.4247944
3172	NA	1.9577032
3173	NA	1.7731686
3175	NA	2.323652
3176	NA	2.888597
3177	NA	2.9171891
3178	NA	2.9956627
3179	NA	2.8014052
3180	NA	2.8356473
3183	NA	2.768318
3184	NA	2.837144
3185	NA	2.8275397
3189	NA	2.6309295
3190	NA	2.372316
3191	NA	2.5046084
3193	NA	2.7180395
3194	NA	2.9434164
3195	NA	2.6408367
3196	NA	2.7966435
3197	NA	2.8331635
3198	NA	2.6446817
3199	NA	2.3869998
3204	NA	2.6349096
3205	NA	2.8937523
3206	NA	2.4658415
3207	NA	2.441812
3209	NA	2.4808843
3210	NA	2.6081421
3211	NA	2.6707475
3212	NA	2.8575015
3215	NA	2.7879395
3216	NA	2.561789
3219	NA	2.0709448
3220	NA	2.5843883
3225	NA	2.4848228
3226	NA	2.2860658
3229	NA	2.5785427
3231	NA	2.7802346
3233	NA	2.674115
3234	NA	2.0303693
3235	NA	2.2971854
3236	NA	2.2054722
3237	NA	2.1685371
3239	NA	2.7698731
3240	NA	2.4912438
3241	NA	3.0
3244	NA	1.0
3245	NA	2.212678
3246	NA	2.1116815
3247	NA	2.1897633
3249	NA	2.818951
3251	NA	2.7711432
3259	NA	2.5333266
3263	NA	2.8712897
3266	NA	2.7550364
3267	NA	2.5865228
3268	NA	2.5917947
3269	NA	2.8855965
3270	NA	2.4022694
3276	NA	2.4895318
3279	NA	2.2896812
3282	NA	2.125843
3284	NA	2.1497903
3289	NA	2.3799875
3290	NA	1.7992166
3293	NA	2.209487
3295	NA	2.6864893
3296	NA	2.7369232
3297	NA	2.8261979
3300	NA	2.5037491
3301	NA	2.4139836
3302	NA	2.6919043
3305	NA	2.5760212
3306	NA	2.984515
3307	NA	2.1775465
3308	NA	2.6359477
3309	NA	2.8897748
3310	NA	1.5441093
3312	NA	1.0
3315	NA	2.8499327
3317	NA	2.885239
3318	NA	2.777658
3320	NA	2.6156445
3323	NA	2.7450106
3326	NA	2.5347204
3328	NA	2.677263
3331	NA	2.049637
3333	NA	2.0074444
3334	NA	2.3282316
3335	NA	2.7836273
3337	NA	2.904403
3341	NA	2.322855
3343	NA	2.4160693
3348	NA	2.5889075
3350	NA	1.0
3352	NA	1.6696117
3354	NA	2.083026
3355	NA	3.0
3360	NA	2.6492896
3365	NA	2.2350388
3377	NA	2.7335277
3379	NA	1.9001629
3380	NA	2.075252
3381	NA	1.4091536
3383	NA	2.0504174
3387	NA	2.61786
3388	NA	2.3799987
3390	NA	2.1790392
3391	NA	1.7359283
3392	NA	2.4656997
3393	NA	2.7420406
3394	NA	2.7327044
3399	NA	1.0
3401	NA	1.0
3402	NA	2.8762515
3403	NA	2.9379241
3404	NA	2.5690084
3406	NA	2.349755
3408	NA	2.633472
3409	NA	2.6231542
3410	NA	2.6904457
3415	NA	2.9823666
3417	NA	2.7629735
3419	NA	2.7502198
3421	NA	2.752337
3423	NA	2.3642464
3430	NA	2.2094514
3431	NA	2.1205745
3434	NA	2.163274
3439	NA	2.490787
3441	NA	2.7052326
3442	NA	2.8505683
3445	NA	2.8888297
3446	NA	1.9395021
3447	NA	1.8547595
3449	NA	2.39424
3450	NA	1.8190036
3455	NA	2.4271605
3456	NA	2.4640532
3457	NA	2.4281256
3458	NA	2.1974204
3463	NA	2.5829027
3464	NA	2.7882338
3466	NA	2.6077254
3469	NA	2.4356122
3470	NA	2.091415
3473	NA	2.7067225
3474	NA	2.2363448
3475	NA	1.4334326
3476	NA	2.541778
3477	NA	2.1102269
3478	NA	2.0525277
3481	NA	2.7220008
3482	NA	2.7581234
3483	NA	2.9936614
3489	NA	2.1858623
3490	NA	1.9673944
3493	NA	2.3383214
3497	NA	3.0
3498	NA	2.8890004
3499	NA	2.552893
3502	NA	2.2544286
3506	NA	2.4222167
3509	NA	1.9557009
3513	NA	2.6951873
3515	NA	2.9513884
3519	NA	2.5101683
3520	NA	1.4217545
3521	NA	2.2456956
3522	NA	2.6896572
3523	NA	1.8752513
3524	NA	2.6310246
3525	NA	2.8191721
3526	NA	2.541725
3527	NA	2.4325361
3531	NA	1.5159575
3532	NA	2.5630221
3535	NA	2.5668793
3540	NA	2.257919
3545	NA	2.3748963
3550	NA	2.1373553
3551	NA	2.2813
3553	NA	3.0
3555	NA	2.348446
3557	NA	1.8419679
3558	NA	2.2263236
3559	NA	2.0245938
3560	NA	1.8831422
3562	NA	2.0658164
3563	NA	2.8139915
3564	NA	2.1186743
3570	NA	2.2924485
3573	NA	1.5371995
3575	NA	2.425639
3578	NA	2.6886835
3581	NA	2.5998008
3583	NA	2.6013994
3585	NA	2.272998
3587	NA	2.6823182
3588	NA	2.4719696
3590	NA	2.082097
3591	NA	2.0969172
3593	NA	2.5367703
3594	NA	2.455337
3595	NA	2.6061022
3596	NA	2.6997745
3597	NA	2.4003422
3599	NA	2.342478
3600	NA	2.8120081
3601	NA	2.0971386
3604	NA	2.56855
3605	NA	2.7682009
3606	NA	2.9085557
3608	NA	2.5388072
3609	NA	2.7215493
3610	NA	1.9039266
3612	NA	2.1759431
3613	NA	2.3486595
3615	NA	2.4870353
3616	NA	2.6134884
3617	NA	2.7771168
3619	NA	1.4412647
3621	NA	1.5960621
3622	NA	1.4795685
3628	NA	2.602701
3631	NA	2.2009282
3632	NA	2.1344874
3634	NA	2.1337717
3636	NA	2.2224915
3637	NA	2.4851582
3641	NA	2.4000113
3642	NA	1.6854326
3644	NA	2.8616166
3645	NA	2.686947
3648	NA	2.8763845
3652	NA	2.1339767
3654	NA	1.556184
3655	NA	1.7491618
3656	NA	1.7491618
3659	NA	2.8400922
3660	NA	2.724556
3662	NA	2.1371853
3663	NA	2.1411421
3664	NA	1.7713145
3665	NA	2.249176
3667	NA	2.9346128
3671	NA	2.226348
3674	NA	2.3258133
3675	NA	2.2541366
3676	NA	2.331878
3677	NA	2.8018792
3678	NA	1.6850779
3679	NA	2.8186011
3681	NA	2.4632301
3683	NA	1.6262473
3688	NA	2.7284923
3698	NA	2.950331
3700	NA	2.2896924
3704	NA	2.2566783
3706	NA	2.2896924
3714	NA	2.9262512
3715	NA	2.7005694
3716	NA	2.9789667
3717	NA	2.4428463
3722	NA	2.6132402
3723	NA	1.461784
3724	NA	2.0814836
3726	NA	1.6805563
3729	NA	2.5372286
3730	NA	2.4459174
3731	NA	2.7394006
3732	NA	1.9797022
3734	NA	1.0
3735	NA	1.7409592
3738	NA	1.0
3741	NA	2.8568017
3744	NA	2.4279144
3745	NA	2.5062792
3749	NA	2.837633
3754	NA	2.537949
3757	NA	2.1402545
3760	NA	2.554155
3763	NA	2.8309054
3764	NA	2.5894969
3768	NA	2.7924669
3769	NA	2.69572
3771	NA	2.8580854
3772	NA	2.6923544
3773	NA	2.6661158
3775	NA	2.4052882
3778	NA	2.54757
3782	NA	2.5719423
3786	NA	2.3415396
3787	NA	2.3019679
3791	NA	2.9678075
3792	NA	2.8854365
3793	NA	2.584365
3794	NA	2.6293263
3796	NA	2.1809876
3798	NA	2.3228908
3802	NA	2.65375
3806	NA	2.2621276
3808	NA	2.5745277
3810	NA	2.3041577
3811	NA	2.5707793
3813	NA	2.34993
3815	NA	2.804763
3816	NA	2.7805436
3817	NA	2.3420699
3818	NA	2.1906786
3819	NA	2.5981333
3822	NA	2.5419056
3824	NA	2.2339709
3829	NA	2.733565
3830	NA	2.5353231
3832	NA	2.6043272
3833	NA	2.3479261
3835	NA	2.8783176
3837	NA	2.710052
3841	NA	2.0564613
3842	NA	2.7032459
3843	NA	3.0
3848	NA	2.2788455
3849	NA	1.7086843
3850	NA	2.6637135
3851	NA	2.0155787
3854	NA	2.9997773
3858	NA	2.5530443
3859	NA	2.243491
3863	NA	2.300852
3865	NA	2.815176
3867	NA	2.878944
3875	NA	2.298008
3876	NA	2.989679
3877	NA	2.7264647
3878	NA	2.8544047
3879	NA	2.3252122
3881	NA	2.086759
3888	NA	2.6865888
3889	NA	2.8525856
3890	NA	2.6999867
3891	NA	1.7361104
3894	NA	2.5983403
3896	NA	2.5057948
3900	NA	2.2363694
3902	NA	2.5666456
3906	NA	1.8874387
3907	NA	2.7853594
3911	NA	2.7900798
3913	NA	2.2091277
3916	NA	1.5489709
3918	NA	1.742194
3919	NA	1.0
3923	NA	3.0
3925	NA	2.7446299
3926	NA	2.7209842
3927	NA	1.9426713
3928	NA	1.9701619
3931	NA	1.9811629
3932	NA	1.9898719
3933	NA	1.9898719
3937	NA	2.5531316
3944	NA	2.80728
3945	NA	2.744674
3946	NA	2.1492207
3950	NA	2.5810683
3952	NA	2.9176672
3953	NA	2.2872787
3954	NA	2.939849
3959	NA	1.9895469
3960	NA	2.580443
3962	NA	2.6297657
3963	NA	2.850405
3964	NA	2.9793003
3965	NA	2.8726475
3966	NA	2.3581626
3967	NA	2.3100889
3968	NA	1.9820296
3969	NA	2.5805368
3971	NA	2.5294425
3974	NA	2.4051383
3975	NA	2.3742893
3977	NA	1.9546245
3978	NA	2.4943337
3979	NA	1.5820755
3981	NA	2.827032
3983	NA	2.6400027
3988	NA	2.927964
3991	NA	2.4800925
3997	NA	1.7354866
4000	NA	2.456401
4003	NA	2.43099
4005	NA	2.6980987
4008	NA	2.7850432
4009	NA	2.622721
4010	NA	2.3886807
4016	NA	2.682801
4018	NA	2.4184604
4019	NA	2.4272518
4022	NA	2.6096883
4023	NA	2.599732
4024	NA	2.7414293
4025	NA	2.5449054
4026	NA	2.9215999
4027	NA	2.7638435
4029	NA	2.3965945
4030	NA	2.51704
4032	NA	2.0988011
4035	NA	2.64205
4039	NA	2.902281
4042	NA	2.1761608
4044	NA	2.459416
4048	NA	2.3931565
4051	NA	1.9542753
4052	NA	1.9714077
4053	NA	2.4217722
4055	NA	2.4379377
4057	NA	2.4458044
4059	NA	2.2497716
4064	NA	2.8498816
4070	NA	2.4907062
4073	NA	2.5534174
4075	NA	2.923857
4077	NA	2.7751806
4078	NA	2.694397
4080	NA	2.647314
4081	NA	2.811449
4082	NA	2.5118778
4089	NA	2.610363
4091	NA	1.6489903
4092	NA	1.4414128
4093	NA	1.9203278
4095	NA	1.559057
4096	NA	1.8245603
4097	NA	1.7830707
4098	NA	2.8176622
4099	NA	2.6318603
4101	NA	2.0095463
4103	NA	1.7567104
4104	NA	2.6640131
4106	NA	2.4933188
4107	NA	2.5775094
4110	NA	2.2517493
4111	NA	2.0744991
4116	NA	2.7158082
4121	NA	1.7832859
4122	NA	1.8262795
4124	NA	2.0490756
4128	NA	2.350166
4129	NA	2.7211456
4130	NA	2.8806071
4131	NA	2.652995
4138	NA	2.791824
4139	NA	2.2456784
4143	NA	1.0
4144	NA	1.5749271
4150	NA	2.2048676
4151	NA	2.1151078
4153	NA	2.3426113
4158	NA	2.3045473
4159	NA	1.8900555
4160	NA	2.3746047
4161	NA	2.30697
4166	NA	2.9035852
4167	NA	2.4507103
4169	NA	2.529771
4170	NA	2.4116828
4171	NA	2.5626872
4172	NA	2.896435
4175	NA	2.1343496
4177	NA	1.0
4180	NA	2.3730261
4182	NA	2.2509072
4184	NA	2.4631374
4186	NA	2.5598853
4188	NA	2.3957577
4189	NA	2.5338893
4190	NA	1.8444197
4192	NA	2.639509
4198	NA	2.264005
4200	NA	2.771838
4201	NA	2.746279
4203	NA	2.6932144
4204	NA	2.7871532
4206	NA	2.3058176
4208	NA	1.0
4210	NA	2.642925
4211	NA	2.1495676
4215	NA	1.5426356
4217	NA	1.0
4218	NA	1.6728356
4222	NA	2.8925614
4224	NA	1.6461629
4225	NA	1.6591947
4226	NA	1.0
4227	NA	1.8496755
4229	NA	2.7576206
4230	NA	2.4747963
4233	NA	1.7706606
4234	NA	1.6885822
4237	NA	2.5663078
4240	NA	2.4861083
4241	NA	1.9948903
4243	NA	1.7647561
4245	NA	2.154182
4249	NA	2.2753804
4250	NA	3.0
4255	NA	1.599031
4256	NA	2.4035738
4258	NA	2.8063152
4261	NA	2.3553278
4262	NA	1.7149385
4263	NA	1.9508702
4264	NA	1.8335392
4268	NA	2.9418724
4270	NA	2.6609845
4271	NA	2.5663059
4273	NA	2.1929862
4276	NA	2.843907
4278	NA	2.6010857
4281	NA	1.0
4285	NA	2.3137758
4286	NA	2.8346605
4292	NA	1.8353264
4293	NA	2.1607764
4294	NA	2.2917488
4296	NA	1.7846601
4297	NA	1.9845313
4298	NA	1.7315
4300	NA	1.4005524
4302	NA	2.6565244
4303	NA	2.0787833
4309	NA	1.0
4310	NA	2.0521195
4311	NA	2.8902397
4313	NA	2.8901541
4314	NA	2.7697852
4317	NA	2.6020653
4319	NA	2.7355328
4324	NA	2.5739245
4326	NA	2.4128406
4327	NA	2.3048794
4331	NA	2.32959
4332	NA	2.6814806
4333	NA	2.8685834
4334	NA	2.809191
4337	NA	2.6100826
4343	NA	2.2992296
4345	NA	1.7167594
4352	NA	1.6814029
4353	NA	2.4375076
4355	NA	1.8634297
4356	NA	1.6698955
4358	NA	1.0
4362	NA	2.7104244
4366	NA	2.1226993
4367	NA	2.0953798
4368	NA	1.9088056
4372	NA	2.8299143
4373	NA	2.4111173
4374	NA	2.0743651
4375	NA	2.0752096
4380	NA	2.6097767
4383	NA	2.2038662
4384	NA	2.840789
4389	NA	2.5513232
4391	NA	2.815267
4397	NA	2.5911195
4399	NA	2.3746994
4400	NA	2.6122572
4402	NA	2.4817636
4403	NA	2.673908
4404	NA	2.5744007
4405	NA	2.335116
4406	NA	2.8749275
4409	NA	2.882245
4413	NA	1.9023563
4415	NA	2.256639
4416	NA	2.7945764
4419	NA	2.7962275
4420	NA	2.023217
4421	NA	2.3159432
4422	NA	2.1716342
4423	NA	1.8160461
4424	NA	2.2880597
4425	NA	2.276207
4427	NA	2.5926385
4428	NA	2.6512642
4430	NA	1.788082
4433	NA	2.0098634
4434	NA	2.4528275
4435	NA	2.3889234
4436	NA	2.8514528
4437	NA	2.1138089
4438	NA	1.0
4441	NA	1.0
4444	NA	2.519157
4448	NA	2.0299194
4449	NA	2.1677432
4450	NA	1.7821132
4451	NA	2.138434
4452	NA	2.8304143
4453	NA	2.297102
4455	NA	2.7816908
4456	NA	1.8547137
4459	NA	1.5241958
4460	NA	1.9302927
4461	NA	2.467866
4462	NA	2.3697286
4463	NA	2.4178884
4465	NA	1.8889587
4466	NA	1.0
4467	NA	1.8338127
4470	NA	2.8196037
4474	NA	1.6498334
4475	NA	1.640506
4476	NA	2.0365431
4478	NA	1.766473
4479	NA	2.5930922
4480	NA	2.8107314
4482	NA	2.8254895
4483	NA	1.0
4484	NA	1.0
4485	NA	1.0
4488	NA	2.995319
4489	NA	2.2002265
4491	NA	2.3874211
4493	NA	2.3558257
4494	NA	2.9880457
4495	NA	2.1668448
4496	NA	2.9874468
4499	NA	2.5696092
4500	NA	2.7438555
4502	NA	1.9194925
4504	NA	1.8639474
4506	NA	1.6848316
4508	NA	2.7123463
4510	NA	2.8687932
4512	NA	2.3037167
4518	NA	2.3315856
4521	NA	2.4812906
4527	NA	2.3525648
4528	NA	2.2832134
4530	NA	2.0366023
4531	NA	1.9561186
4532	NA	2.5523124
4533	NA	1.8569486
4535	NA	2.5431802
4536	NA	2.8522878
4537	NA	2.983513
4538	NA	2.4612434
4539	NA	2.4016693
4542	NA	2.3042154
4543	NA	2.3847632
4547	NA	2.3424475
4548	NA	2.4847152
4550	NA	2.3875961
4552	NA	2.8069863
4554	NA	2.9781072
4555	NA	2.8630638
4557	NA	2.452301
4560	NA	2.5331213
4561	NA	2.5872579
4563	NA	2.1337693
4566	NA	1.9685595
4568	NA	1.5714706
4571	NA	2.764731
4572	NA	1.4195963
4575	NA	1.0
4576	NA	1.0
4577	NA	1.0
4578	NA	1.0
4582	NA	1.8451421
4584	NA	1.8451421
4586	NA	2.5910285
4587	NA	2.8007655
4589	NA	2.252628
4591	NA	2.1682446
4592	NA	2.7358007
4593	NA	1.0
4594	NA	1.5225742
4598	NA	2.6114028
4599	NA	2.445802
4600	NA	2.622414
4602	NA	2.611187
4603	NA	2.4993727
4604	NA	2.528256
4607	NA	2.5981755
4608	NA	2.3525648
4609	NA	2.7844617
4613	NA	2.5981755
4618	NA	2.9556699
4620	NA	2.2440774
4621	NA	2.2768326
4622	NA	2.1447403
4623	NA	1.7354974
4624	NA	2.3571413
4625	NA	2.5969687
4627	NA	2.976893
4628	NA	2.650075
4629	NA	1.4366363
4631	NA	1.5644987
4639	NA	2.1541584
4640	NA	2.4339736
4641	NA	2.1724086
4642	NA	2.791933
4645	NA	2.8747132
4647	NA	2.9018342
4649	NA	2.9095428
4654	NA	2.9071767
4655	NA	2.621312
4657	NA	1.785141
4658	NA	2.016994
4667	NA	2.484153
4670	NA	2.9899516
4672	NA	2.9076636
4675	NA	2.6984076
4676	NA	2.6468766
4677	NA	2.6388612
4678	NA	2.6403396
4682	NA	2.7475567
4684	NA	2.6127687
4690	NA	2.6085105
4691	NA	2.8495724
4692	NA	2.7606132
4693	NA	2.7646513
4694	NA	2.454726
4695	NA	2.4463573
4698	NA	2.312713
4703	NA	2.5495877
4704	NA	2.5677435
4705	NA	2.8363392
4706	NA	2.7704132
4708	NA	2.697415
4709	NA	2.6352
4714	NA	1.7969244
4715	NA	1.5825326
4719	NA	3.0
4721	NA	2.3141344
4722	NA	1.0
4723	NA	1.0
4726	NA	1.0
4727	NA	1.0
4730	NA	2.9433262
4732	NA	2.89933
4733	NA	2.487968
4736	NA	2.8770978
4737	NA	2.5246127
4738	NA	2.9103096
4739	NA	2.9640217
4741	NA	2.771556
4744	NA	2.4954085
4747	NA	2.4473293
4748	NA	2.753972
4749	NA	2.6925354
4750	NA	2.9380584
4751	NA	2.8800666
4754	NA	2.1586375
4757	NA	2.7673118
4758	NA	2.8837986
4765	NA	2.2612956
4768	NA	2.7758255
4770	NA	1.4438257
4772	NA	1.6209953
4773	NA	1.4947273
4775	NA	2.4394925
4778	NA	2.809543
4779	NA	2.8182652
4781	NA	2.5078392
4783	NA	2.797614
4784	NA	2.5196648
4785	NA	2.8619905
4786	NA	2.4591956
4787	NA	2.437718
4789	NA	1.4872017
4791	NA	1.9596905
4792	NA	2.1399574
4801	NA	2.645435
4804	NA	3.0
4809	NA	1.7984396
4818	NA	2.2001743
4827	NA	2.4229681
4828	NA	2.5723262
4829	NA	1.802607
4830	NA	2.521664
4833	NA	2.298803
4834	NA	2.0634289
4835	NA	2.9880457
4837	NA	2.741969
4838	NA	2.5175955
4840	NA	1.882756
4841	NA	2.7267885
4846	NA	2.0542758
4850	NA	2.0936134
4854	NA	2.4861083
4856	NA	1.641647
4861	NA	2.6198187
4862	NA	2.443497
4864	NA	1.9979641
4865	NA	1.0
4868	NA	2.3238082
4870	NA	1.9223555
4871	NA	2.034271
4873	NA	2.0164216
4875	NA	2.8764257
4876	NA	1.6235588
4878	NA	2.5475242
4884	NA	2.3845282
4887	NA	2.8996606
4889	NA	2.5065236
4890	NA	2.5649946
4892	NA	2.0672128
4893	NA	2.2244124
4894	NA	1.0
4895	NA	2.2947152
4896	NA	2.6112714
4897	NA	2.3978646
4899	NA	2.261599
4902	NA	2.3732772
4904	NA	2.6757338
4906	NA	2.5695262
4907	NA	2.7751052
4908	NA	2.4318235
4909	NA	2.3144083
4910	NA	1.8692855
4914	NA	2.6114028
4917	NA	2.5956056
4923	NA	2.9486644
4924	NA	2.8881795
4925	NA	2.8730166
4927	NA	2.2555032
4930	NA	2.3287988
4931	NA	2.3781593
4935	NA	2.9895027
4936	NA	2.833387
4939	NA	2.0739326
4943	NA	1.4672248
4945	NA	2.700886
4952	NA	2.137162
4955	NA	2.920716
4956	NA	2.9001715
4958	NA	2.6522717
4962	NA	2.5308986
4969	NA	2.2706544
4972	NA	2.9736855
4973	NA	2.7021213
4976	NA	1.0
4979	NA	1.0
4980	NA	1.0
4984	NA	2.7376637
4986	NA	2.1514053
4987	NA	1.9848688
4988	NA	1.0
4993	NA	2.7818007
4994	NA	1.8231443
4995	NA	1.7866447
4999	NA	2.9314485
5001	NA	2.9263003
5004	NA	2.6233222
5006	NA	2.6209486
5008	NA	2.888892
5009	NA	2.229184
5013	NA	1.8450884
5016	NA	2.6101534
5019	NA	2.7796152
5020	NA	2.7082334
5021	NA	2.8445723
5028	NA	2.7095237
5029	NA	2.821511
5034	NA	2.6858692
5035	NA	2.481873
5036	NA	2.620156
5038	NA	2.8505223
5041	NA	2.5281782
5042	NA	2.219393
5043	NA	1.9840326
5044	NA	1.501421
5054	NA	1.8310293
5055	NA	1.8914471
5057	NA	2.5804582
5059	NA	2.9959893
5061	NA	2.8987463
5062	NA	2.0564916
5063	NA	2.5580516
5065	NA	2.8902397
5066	NA	2.5698814
5067	NA	2.807996
5068	NA	2.9403872
5069	NA	2.455333
5070	NA	1.5610337
5071	NA	1.0
5075	NA	2.5542371
5076	NA	2.351293
5077	NA	2.5370338
5084	NA	2.6862936
5087	NA	2.5394952
5088	NA	2.1236508
5090	NA	2.2765036
5093	NA	2.920671
5094	NA	2.4780974
5095	NA	2.6841476
5098	NA	2.0691624
5099	NA	2.1550324
5101	NA	2.1456416
5103	NA	2.8927112
5104	NA	2.8229756
5106	NA	2.2459679
5108	NA	1.8398247
5111	NA	2.7980313
5112	NA	2.6729653
5118	NA	1.0
5120	NA	2.5800116
5122	NA	2.6531913
5126	NA	2.2060428
5128	NA	2.2269886
5129	NA	2.996806
5130	NA	2.4381948
5131	NA	2.836586
5138	NA	2.7166183
5140	NA	2.5963464
5143	NA	1.7829463
5144	NA	1.8959662
5146	NA	1.79639
5150	NA	2.328679
5151	NA	2.3249893
5152	NA	1.6261145
5156	NA	2.9084208
5157	NA	2.5258937
5158	NA	2.6169608
5159	NA	2.4554856
5162	NA	2.454466
5164	NA	2.458408
5165	NA	2.581625
5168	NA	2.7729478
5170	NA	1.5502509
5172	NA	1.0
5173	NA	1.5083294
5174	NA	2.5802758
5179	NA	2.286941
5180	NA	2.3606687
5181	NA	2.0252836
5182	NA	2.6112604
5183	NA	2.415602
5184	NA	2.9082744
5185	NA	2.9756076
5188	NA	2.0905
5190	NA	1.9258832
5192	NA	2.5436895
5193	NA	1.6582484
5194	NA	2.5683415
5196	NA	1.9553318
5200	NA	2.0213244
5202	NA	2.750902
5205	NA	2.0979488
5207	NA	2.0895307
5209	NA	2.1451619
5210	NA	2.8603017
5211	NA	2.2380826
5213	NA	2.704584
5214	NA	1.0
5217	NA	1.0
5218	NA	1.0
5221	NA	2.5479198
5222	NA	2.894411
5224	NA	2.0415616
5228	NA	2.450875
5229	NA	2.2162244
5230	NA	2.8706586
5233	NA	1.9261352
5235	NA	1.623733
5237	NA	2.755137
5240	NA	2.9030142
5241	NA	2.339589
5243	NA	2.4981792
5245	NA	2.312643
5250	NA	2.3173828
5252	NA	1.8470886
5255	NA	2.6043272
5257	NA	2.6396105
5259	NA	1.7350782
5265	NA	2.8557131
5266	NA	2.835195
5268	NA	2.7911263
5270	NA	2.4613864
5271	NA	2.646801
5272	NA	2.7880285
5273	NA	2.7106564
5274	NA	2.3953516
5275	NA	2.6406019
5279	NA	2.806815
5280	NA	1.9954108
5281	NA	2.5358448
5283	NA	2.3832371
5284	NA	2.9664807
5285	NA	2.446189
5286	NA	2.8918436
5287	NA	2.213195
5289	NA	2.3017657
5290	NA	2.834192
5292	NA	2.6937826
5293	NA	2.702348
5295	NA	2.0995922
5297	NA	2.3445702
5299	NA	2.1131146
5300	NA	2.1942286
5301	NA	1.813787
5302	NA	2.6345716
5305	NA	2.4520051
5307	NA	1.4862472
5308	NA	2.6895528
5309	NA	2.5390046
5312	NA	2.794874
5315	NA	2.2937284
5316	NA	2.1183643
5320	NA	2.059751
5322	NA	1.7809554
5323	NA	1.7794913
5326	NA	1.8233547
5328	NA	2.8260813
5330	NA	2.5353203
5331	NA	2.6178427
5332	NA	2.5353203
5336	NA	2.3581157
5337	NA	2.844101
5339	NA	2.7260838
5343	NA	2.0555563
5344	NA	2.3214867
5353	NA	2.817272
5354	NA	2.6458209
5355	NA	2.7600527
5360	NA	1.7787671
5364	NA	2.3315856
5365	NA	2.9957006
5366	NA	2.7637553
5367	NA	2.535685
5368	NA	2.2832556
5371	NA	2.535177
5375	NA	2.7434773
5381	NA	2.31463
5382	NA	2.7761185
5386	NA	2.2223747
5388	NA	2.6285508
5390	NA	2.8658705
5392	NA	2.8139484
5394	NA	2.0706012
5396	NA	2.0400496
5400	NA	2.542684
5402	NA	2.2565048
5403	NA	1.8587987
5408	NA	2.5720985
5410	NA	2.822726
5412	NA	2.3276992
5413	NA	2.195961
5416	NA	2.2942765
5417	NA	2.9046733
5418	NA	2.9236674
5421	NA	1.4771206
5422	NA	1.0
5424	NA	2.1041071
5425	NA	1.9272575
5428	NA	2.4715555
5430	NA	1.8450558
5431	NA	2.072691
5433	NA	1.7822922
5438	NA	2.659075
5441	NA	1.6515179
5442	NA	2.222327
5444	NA	2.4668546
5445	NA	2.0992217
5448	NA	2.4737694
5450	NA	2.5636714
5451	NA	1.989321
5452	NA	2.8839765
5453	NA	2.5040703
5465	NA	1.8117828
5469	NA	1.4382875
5470	NA	2.2223577
5472	NA	2.8568966
5473	NA	2.5470924
5475	NA	2.2098012
5479	NA	2.5137668
5481	NA	2.5915105
5482	NA	2.76711
5484	NA	2.5138783
5485	NA	2.5289404
5486	NA	2.237021
5488	NA	2.545606
5490	NA	1.8729086
5493	NA	1.7280927
5494	NA	2.2748964
5499	NA	2.773616
5506	NA	2.5209045
5508	NA	2.3021798
5509	NA	2.7359006
5511	NA	2.5465262
5515	NA	2.6770525
5516	NA	2.6410885
5517	NA	2.8722236
5519	NA	2.8662436
5524	NA	1.7738452
5527	NA	2.8085036
5528	NA	2.659776
5529	NA	2.7751
5536	NA	2.9134853
5539	NA	2.426932
5541	NA	2.5140383
5542	NA	2.5868804
5543	NA	2.8086472
5544	NA	2.3470879
5547	NA	1.9822495
5550	NA	1.7446915
5551	NA	2.3393397
5557	NA	1.7410595
5559	NA	1.8568952
5562	NA	2.310444
5564	NA	2.7162423
5566	NA	1.8179072
5567	NA	2.0531635
5570	NA	2.9507084
5571	NA	2.6752007
5572	NA	2.9406245
5573	NA	2.9522784
5574	NA	2.3319266
5576	NA	2.5065072
5577	NA	2.366226
5578	NA	2.4360402
5579	NA	2.4361765
5581	NA	2.8300557
5583	NA	2.6873026
5585	NA	1.9560405
5589	NA	2.647021
5590	NA	2.9633284
5592	NA	2.787089
5594	NA	2.4136157
5596	NA	2.7978377
5597	NA	2.3659496
5598	NA	1.9364669
5599	NA	2.3792422
5600	NA	1.6942652
5601	NA	2.0512
5605	NA	2.4997034
5606	NA	2.457694
5611	NA	1.8005197
5616	NA	2.6218715
5622	NA	2.416025
5625	NA	2.8973067
5626	NA	2.9807632
5628	NA	2.6028423
5629	NA	2.0480852
5630	NA	2.4236903
5631	NA	2.5324721
5635	NA	2.7279985
5636	NA	2.673674
5638	NA	2.202181
5639	NA	2.1572754
5644	NA	2.9546597
5648	NA	2.50686
5649	NA	2.460493
5650	NA	2.6555946
5652	NA	2.8428545
5654	NA	2.8029895
5655	NA	2.1679497
5658	NA	2.3101375
5660	NA	2.5529318
5661	NA	2.7920895
5662	NA	2.5737
5665	NA	2.2675285
5666	NA	1.9070443
5667	NA	2.3083663
5669	NA	2.911184
5670	NA	2.9127846
5672	NA	2.6832347
5673	NA	2.7155495
5674	NA	2.6109085
5681	NA	1.7173426
5682	NA	2.4307446
5684	NA	2.7077904
5685	NA	2.4530392
5686	NA	2.904826
5688	NA	2.803791
5689	NA	2.7642567
5690	NA	2.4116118
5692	NA	1.6131287
5699	NA	2.3675995
5700	NA	2.0313427
5702	NA	2.2477527
5703	NA	2.027709
5704	NA	2.4233975
5705	NA	2.7824175
5707	NA	2.8544712
5708	NA	2.2360337
5709	NA	2.8381813
5711	NA	2.631238
5713	NA	2.907074
5714	NA	2.6721535
5715	NA	2.4075725
5716	NA	2.736049
5719	NA	2.289018
5720	NA	2.3772523
5721	NA	1.8947258
5723	NA	2.6331139
5724	NA	2.6720417
5726	NA	2.6150193
5727	NA	2.1960855
5729	NA	2.6296294
5730	NA	2.534852
5731	NA	2.8356888
5734	NA	2.990754
5735	NA	2.7772837
5738	NA	2.1086674
5743	NA	2.9381566
5746	NA	2.2450442
5748	NA	2.4863136
5754	NA	2.0682788
5757	NA	1.6974294
5759	NA	2.452187
5760	NA	2.6680899
5763	NA	2.6128066
5766	NA	2.128988
5767	NA	1.929471
5769	NA	2.3384843
5771	NA	2.7687001
5774	NA	2.005053
5775	NA	1.4967986
5778	NA	2.281361
5780	NA	2.8925695
5782	NA	2.4715102
5783	NA	2.0037353
5784	NA	1.6063845
5785	NA	1.8490677
5786	NA	1.908246
5789	NA	2.3118656
5790	NA	2.6912575
5793	NA	2.6900086
5795	NA	2.227166
5796	NA	2.904219
5798	NA	2.2676036
5800	NA	2.177413
5802	NA	1.9619085
5803	NA	2.0253332
5804	NA	2.4462974
5805	NA	2.2168953
5807	NA	2.7785447
5808	NA	2.8858855
5809	NA	2.7912095
5814	NA	2.4558792
5817	NA	2.856754
5818	NA	2.367646
5827	NA	2.8299143
5830	NA	2.5651417
5831	NA	2.7064943
5832	NA	2.865947
5833	NA	2.7533278
5837	NA	2.3198814
5838	NA	1.800659
5840	NA	1.9148527
5843	NA	2.809193
5844	NA	2.7587597
5849	NA	2.809193
5854	NA	2.8058586
5856	NA	2.4450836
5858	NA	2.504224
5862	NA	2.6786594
5863	NA	2.9229603
5866	NA	2.2290413
5868	NA	2.3558161
5869	NA	2.2274504
5870	NA	2.9787567
5871	NA	2.6294174
5873	NA	1.0
5877	NA	1.4723816
5878	NA	2.700507
5880	NA	2.9647605
5881	NA	2.4802732
5884	NA	2.6301231
5888	NA	2.8393767
5889	NA	2.7530072
5891	NA	1.5129312
5892	NA	1.6508112
5893	NA	1.5280961
5896	NA	2.818902
5897	NA	2.455461
5903	NA	1.8924258
5908	NA	2.7547617
5910	NA	1.4816175
5912	NA	1.0
5913	NA	1.5389234
5915	NA	2.8166494
5916	NA	2.1599731
5917	NA	1.797652
5921	NA	2.2751038
5925	NA	2.3924847
5926	NA	2.6970716
5927	NA	1.0
5929	NA	1.0
5932	NA	2.5377505
5933	NA	2.633442
5934	NA	2.3953257
5935	NA	2.8111625
5939	NA	2.159654
5940	NA	2.5008287
5942	NA	2.7921748
5945	NA	2.8695438
5946	NA	2.541779
5949	NA	2.6595874
5950	NA	2.4486942
5951	NA	2.5591118
5953	NA	2.3387165
5954	NA	2.9992359
5957	NA	2.7262504
5958	NA	2.7363412
5959	NA	2.3242419
5961	NA	2.9963753
5962	NA	2.4812858
5963	NA	2.836066
5967	NA	1.6765697
5969	NA	2.0259757
5971	NA	1.9998431
5972	NA	2.9742744
5973	NA	2.8775349
5974	NA	2.5126684
5980	NA	2.5496912
5981	NA	2.3184042
5984	NA	2.607827
5985	NA	2.900368
5993	NA	2.580106
5994	NA	2.9961004
5995	NA	2.4973676
5997	NA	2.8220417
5998	NA	2.58694
5999	NA	2.3875635
6002	NA	2.5819356
6003	NA	2.9291785
6004	NA	2.8460703
6008	NA	2.1787312
6009	NA	2.0138707
6010	NA	2.3392537
6011	NA	2.1548183
6012	NA	2.3257396
6013	NA	2.2564397
6016	NA	2.5846882
6018	NA	2.6031706
6019	NA	2.688521
6021	NA	2.7195163
6023	NA	2.3324978
6024	NA	2.6894302
6025	NA	2.6226
6026	NA	2.6085865
6031	NA	2.14803
6033	NA	1.8185714
6034	NA	2.9832907
6036	NA	2.8774848
6039	NA	2.3004627
6040	NA	2.114823
6043	NA	2.0857937
6046	NA	2.7376947
6048	NA	2.4808183
6049	NA	2.2257292
6055	NA	2.7528293
6057	NA	2.7450016
6058	NA	1.5432786
6059	NA	1.6151488
6062	NA	1.6226721
6063	NA	2.5293555
6064	NA	2.7927933
6066	NA	2.9099839
6067	NA	2.896792
6069	NA	1.9811966
6070	NA	2.1305647
6071	NA	2.026774
6073	NA	2.0970116
6074	NA	2.9485242
6076	NA	2.9608405
6079	NA	2.2425432
6081	NA	2.4359615
6087	NA	2.1629217
6089	NA	2.4890122
6090	NA	2.3076324
6091	NA	2.302869
6094	NA	2.8937454
6097	NA	1.8790344
6100	NA	2.345854
6102	NA	2.7649434
6107	NA	2.358025
6110	NA	2.1215215
6111	NA	2.3561258
6113	NA	2.3606453
6114	NA	2.7705019
6115	NA	2.8081942
6116	NA	2.8182678
6118	NA	2.7051952
6121	NA	2.7252238
6124	NA	2.6486886
6125	NA	2.735943
6126	NA	2.8712962
6129	NA	2.7219906
6130	NA	2.528124
6132	NA	2.8878837
6134	NA	2.4068263
6138	NA	1.8993847
6139	NA	2.1260264
6140	NA	1.9234797
6141	NA	2.4959223
6142	NA	1.966238
6143	NA	2.5444067
6148	NA	1.0
6149	NA	1.9793956
6151	NA	2.0863538
6156	NA	1.6010923
6162	NA	2.7872052
6163	NA	2.9979904
6165	NA	2.531508
6166	NA	2.4740503
6167	NA	2.325439
6168	NA	2.3111184
6172	NA	2.8253803
6173	NA	2.4982717
6177	NA	1.9913011
6181	NA	1.9872478
6182	NA	2.1581547
6184	NA	2.9224324
6189	NA	1.9124211
6190	NA	1.8605093
6192	NA	3.0
6196	NA	1.7116158
6201	NA	2.863828
6204	NA	2.2198362
6207	NA	1.0
6210	NA	1.0
6216	NA	2.8047872
6217	NA	2.5701973
6220	NA	2.8383985
6221	NA	2.9698908
6222	NA	2.8206913
6223	NA	2.8824856
6226	NA	2.2628198
6227	NA	2.2432418
6229	NA	2.2678607
6230	NA	2.9964619
6235	NA	1.6152006
6237	NA	1.5925832
6238	NA	1.7853056
6240	NA	2.109125
6244	NA	2.1631079
6245	NA	1.7770176
6247	NA	1.8397148
6251	NA	2.6168816
6252	NA	2.200468
6254	NA	2.1848817
6255	NA	2.3604596
6256	NA	2.4706635
6257	NA	2.3908863
6260	NA	2.417843
6261	NA	2.9265308
6262	NA	2.8851278
6264	NA	2.4924011
6265	NA	2.6276171
6268	NA	2.9638145
6269	NA	2.454318
6270	NA	2.9987092
6271	NA	2.85877
6273	NA	2.3769116
6274	NA	2.30396
6275	NA	2.0869918
6276	NA	2.359641
6277	NA	2.8136344
6279	NA	2.8225274
6281	NA	2.8537788
6282	NA	2.4909556
6283	NA	2.6550908
6284	NA	2.4539483
6285	NA	2.6007404
6289	NA	2.4932687
6294	NA	1.0
6296	NA	1.0
6298	NA	2.2658558
6303	NA	2.5051086
6304	NA	1.8517208
6312	NA	2.1370757
6314	NA	2.1828327
6320	NA	2.0917645
6322	NA	2.136272
6323	NA	2.2411647
6324	NA	2.9984982
6325	NA	2.593001
6328	NA	2.9009857
6329	NA	2.4707656
6331	NA	2.3950646
6332	NA	2.138932
6339	NA	2.8415537
6340	NA	2.4012957
6341	NA	2.4811125
6343	NA	2.571469
6351	NA	2.1159976
6352	NA	2.4082367
6354	NA	2.5364
6355	NA	2.7656467
6356	NA	2.7655504
6361	NA	2.6375785
6364	NA	3.0
6365	NA	2.9847932
6367	NA	2.7577963
6369	NA	1.896426
6371	NA	2.0752387
6374	NA	1.9531466
6376	NA	2.4435894
6378	NA	2.241139
6379	NA	2.4871922
6380	NA	2.458281
6383	NA	2.4743094
6384	NA	1.9070829
6388	NA	2.8869486
6389	NA	2.8755615
6391	NA	1.5239083
6393	NA	1.8563607
6398	NA	2.9617648
6399	NA	2.363444
6400	NA	2.5993423
6401	NA	2.5545812
6403	NA	2.5475357
6406	NA	2.704459
6408	NA	2.8372557
6409	NA	2.0448492
6410	NA	2.169144
6413	NA	2.1040707
6414	NA	2.0620153
6415	NA	2.577454
6416	NA	2.251351
6418	NA	2.7535543
6422	NA	2.1503923
6425	NA	2.2538633
6427	NA	2.825392
6428	NA	2.7346609
6430	NA	2.6052883
6431	NA	2.0221472
6433	NA	2.1933124
6435	NA	2.0954242
6436	NA	2.1375413
6437	NA	2.8683176
6438	NA	2.4156668
6439	NA	2.9121327
6440	NA	2.7703276
6441	NA	2.135569
6442	NA	1.7864939
6445	NA	2.0802245
6446	NA	2.7248335
6449	NA	2.3784676
6451	NA	2.4974928
6453	NA	2.6428368
6455	NA	2.3324304
6456	NA	2.5183737
6457	NA	2.4703543
6459	NA	2.877593
6461	NA	2.646302
6462	NA	1.5428748
6464	NA	1.8828287
6465	NA	1.6643561
6466	NA	1.7941641
6472	NA	2.4385774
6473	NA	2.3544137
6474	NA	2.3487077
6475	NA	2.3699076
6476	NA	2.4027395
6479	NA	2.9811895
6481	NA	2.1192276
6483	NA	2.149048
6484	NA	2.0860138
6485	NA	2.106936
6486	NA	2.9475517
6487	NA	2.7013683
6490	NA	1.7934003
6492	NA	1.8010846
6493	NA	1.7818537
6494	NA	1.7881258
6498	NA	2.7417145
6501	NA	1.6380275
6502	NA	1.7274568
6503	NA	1.6126996
6504	NA	1.6639413
6505	NA	1.6629893
6507	NA	2.747494
6509	NA	2.79606
6512	NA	2.42493
6515	NA	2.7196026
6516	NA	2.7356005
6518	NA	2.9703722
6519	NA	2.9525807
6520	NA	2.1843047
6522	NA	2.0888329
6523	NA	1.9472877
6524	NA	2.0751708
6525	NA	2.3167048
6526	NA	2.9963157
6528	NA	2.7432728
6530	NA	2.6410625
6533	NA	2.4046335
6534	NA	2.3262532
6537	NA	2.8283455
6538	NA	2.6942587
6541	NA	2.6304085
6542	NA	2.4075854
6547	NA	2.5821552
6551	NA	2.0661824
6553	NA	1.7191141
6556	NA	2.518254
6560	NA	1.9747678
6561	NA	1.6783077
6562	NA	1.6283911
6564	NA	2.9424767
6570	NA	1.5743814
6571	NA	1.7840855
6573	NA	1.7366508
6574	NA	1.8009686
6581	NA	2.3793135
6583	NA	2.589655
6585	NA	2.512473
6586	NA	3.0
6587	NA	2.6009552
6594	NA	2.4931216
6596	NA	2.6642869
6601	NA	2.5058784
6602	NA	2.8590994
6608	NA	2.3337998
6609	NA	1.9995812
6611	NA	2.9410005
6612	NA	2.9195058
6613	NA	2.8789291
6616	NA	1.8009471
6621	NA	2.4658697
6622	NA	2.9284432
6623	NA	2.6415203
6624	NA	2.3732927
6627	NA	2.2494907
6628	NA	2.4932427
6629	NA	2.9188685
6630	NA	2.8695643
6633	NA	2.356401
6636	NA	2.4493275
6637	NA	2.438033
6639	NA	2.5157108
6641	NA	2.7908213
6642	NA	2.8048346
6643	NA	2.923968
6645	NA	2.1629245
6650	NA	1.9571122
6651	NA	2.9718661
6652	NA	2.9644063
6653	NA	2.811028
6654	NA	1.0
6655	NA	1.0
6660	NA	2.9602253
6661	NA	2.5522316
6662	NA	2.6687932
6663	NA	2.6940978
6666	NA	2.1340272
6667	NA	1.6750796
6668	NA	2.1587121
6672	NA	2.7558718
6676	NA	2.2893236
6677	NA	2.2752101
6679	NA	2.8536036
6680	NA	2.637987
6681	NA	2.0384362
6682	NA	2.29614
6685	NA	2.376965
6686	NA	2.46447
6689	NA	2.7220697
6690	NA	2.3101668
6691	NA	1.4955561
6693	NA	1.6264373
6699	NA	2.9117854
6702	NA	2.5683765
6703	NA	2.4051964
6704	NA	2.455815
6706	NA	2.850466
6707	NA	2.8895743
6708	NA	2.6665351
6710	NA	2.4662375
6712	NA	2.6341977
6713	NA	2.7314546
6716	NA	2.5995436
6718	NA	2.8746839
6719	NA	2.4189765
6722	NA	2.6823144
6724	NA	2.6808572
6726	NA	2.5843487
6727	NA	2.6058714
6730	NA	1.9713221
6732	NA	1.5394629
6734	NA	2.7418275
6737	NA	2.9202456
6739	NA	1.9601747
6741	NA	1.6528714
6743	NA	1.775227
6744	NA	1.9659008
6749	NA	2.4885309
6751	NA	1.9625584
6753	NA	2.479149
6755	NA	2.919174
6759	NA	2.1952808
6763	NA	2.9643786
6767	NA	2.9175613
6774	NA	2.931688
6776	NA	2.984559
6779	NA	2.6327126
6780	NA	2.6044595
6782	NA	2.6053019
6783	NA	2.997161
6785	NA	2.7815042
6786	NA	2.6284747
6787	NA	1.6749357
6788	NA	1.5629342
6790	NA	1.5660714
6792	NA	2.8020582
6793	NA	2.5093863
6794	NA	2.8115976
6795	NA	2.6699865
6796	NA	2.029113
6797	NA	2.1977692
6798	NA	1.8786024
6801	NA	2.9616983
6803	NA	2.6801133
6806	NA	1.7724597
6807	NA	2.1173792
6808	NA	2.0952735
6809	NA	1.9349198
6811	NA	1.9360907
6815	NA	2.9206169
6817	NA	2.0919483
6818	NA	2.414993
6820	NA	2.2727172
6821	NA	2.5517201
6823	NA	2.2988296
6826	NA	2.0611365
6827	NA	1.0
6828	NA	2.368284
6829	NA	1.9794759
6831	NA	2.1426053
6832	NA	2.8235736
6835	NA	2.8138769
6836	NA	1.5431153
6837	NA	1.0
6838	NA	1.0
6839	NA	1.0
6841	NA	2.750815
6842	NA	2.4551215
6844	NA	2.8730803
6846	NA	1.4688581
6848	NA	1.0
6850	NA	1.0
6852	NA	2.773729
6853	NA	2.9719336
6854	NA	2.800727
6856	NA	2.44594
6858	NA	2.4624557
6859	NA	2.5672648
6860	NA	2.5592096
6861	NA	2.931671
6864	NA	2.5938191
6867	NA	2.1798792
6871	NA	2.7230139
6872	NA	2.7257001
6873	NA	2.5815284
6874	NA	1.8562912
6876	NA	2.1897755
6878	NA	2.1726215
6881	NA	2.8815677
6882	NA	2.797262
6883	NA	2.0691469
6886	NA	1.888169
6888	NA	2.9405127
6889	NA	2.8611276
6891	NA	2.8904717
6892	NA	2.2890406
6893	NA	2.2362235
6895	NA	2.3591552
6898	NA	2.8598526
6900	NA	2.7976623
6904	NA	2.5578725
6906	NA	2.915888
6908	NA	2.8815463
6909	NA	2.8196347
6910	NA	2.5243227
6911	NA	2.6318464
6915	NA	3.0
6916	NA	2.4542725
6917	NA	2.9246612
6925	NA	2.6469133
6926	NA	2.9299226
6928	NA	2.9605937
6929	NA	2.8395996
6930	NA	1.9794822
6933	NA	1.8112336
6935	NA	2.7723887
6936	NA	2.6647968
6937	NA	2.8067057
6938	NA	2.999885
6939	NA	2.9833243
6941	NA	2.0896668
6943	NA	1.9018764
6944	NA	2.0896165
6949	NA	2.9520643
6951	NA	2.5478034
6952	NA	2.4455254
6953	NA	2.2685707
6954	NA	2.3417487
6956	NA	2.475746
6959	NA	2.777646
6960	NA	2.4880881
6962	NA	1.0
6963	NA	1.0
6965	NA	1.0
6967	NA	1.0
6972	NA	2.8743336
6973	NA	2.5716963
6976	NA	2.4881046
6977	NA	2.4284575
6984	NA	2.2856328
6985	NA	2.2943373
6986	NA	2.6441758
6988	NA	2.8017786
6989	NA	2.4542792
6990	NA	2.9966204
6999	NA	2.556
7003	NA	1.0
7010	NA	2.4497814
7011	NA	2.4362946
7012	NA	2.3851295
7014	NA	2.5979352
7015	NA	2.981107
7017	NA	2.935548
7023	NA	1.0
7024	NA	1.0
7029	NA	2.803316
7030	NA	2.1926758
7031	NA	1.7863277
7032	NA	2.0850227
7033	NA	2.1379526
7034	NA	1.9766697
7036	NA	1.6594794
7037	NA	2.6306167
7038	NA	2.9449105
7039	NA	2.9489436
7041	NA	2.3242714
7042	NA	2.350887
7046	NA	2.533827
7047	NA	2.6840444
7048	NA	2.9510825
7049	NA	2.9230564
7050	NA	2.3898766
7051	NA	2.342172
7052	NA	2.2803638
7053	NA	1.9662647
7055	NA	2.7714179
7057	NA	2.6611671
7059	NA	2.3276374
7062	NA	2.4309042
7065	NA	2.7628908
7067	NA	2.877463
7068	NA	2.0605423
7069	NA	2.370791
7071	NA	2.091115
7072	NA	2.2641733
7073	NA	2.817353
7075	NA	3.0
7076	NA	2.803307
7078	NA	2.4148593
7079	NA	2.6957438
7080	NA	2.549686
7089	NA	2.0995724
7091	NA	2.1380575
7095	NA	2.7988353
7096	NA	2.6248157
7097	NA	2.0986693
7098	NA	1.8086329
7102	NA	2.9476433
7106	NA	3.0
7107	NA	2.2153878
7109	NA	2.4219728
7111	NA	2.1043591
7112	NA	2.4219728
7113	NA	2.9908843
7114	NA	2.6765623
7115	NA	2.9591153
7117	NA	2.1976917
7122	NA	2.822301
7128	NA	2.6632016
7129	NA	2.691145
7130	NA	2.7953928
7131	NA	3.0
7132	NA	2.8974605
7134	NA	2.870351
7135	NA	2.6035814
7136	NA	2.7984905
7137	NA	2.5296247
7140	NA	2.7433968
7141	NA	2.9144
7142	NA	2.832387
7146	NA	2.752017
7147	NA	2.3247986
7148	NA	2.27054
7149	NA	2.2727911
7151	NA	2.314709
7152	NA	2.3221912
7154	NA	2.8473427
7157	NA	2.8010817
7158	NA	2.60843
7159	NA	2.337735
7160	NA	2.6290522
7162	NA	2.5693638
7163	NA	2.8701606
7167	NA	2.2959669
7168	NA	2.134293
7169	NA	2.1091034
7170	NA	2.2762177
7171	NA	2.1746817
7172	NA	2.283994
7173	NA	2.911814
7174	NA	2.8159096
7175	NA	2.7578692
7176	NA	2.6722434
7177	NA	2.0208673
7178	NA	2.0076904
7179	NA	2.2585216
7180	NA	2.259874
7181	NA	2.2526894
7182	NA	2.7408118
7183	NA	2.7171018
7184	NA	2.6950967
7187	NA	1.8391138
7188	NA	2.1168866
7190	NA	1.9828142
7191	NA	1.9995484
7192	NA	2.1431034
7193	NA	3.0
7194	NA	2.5318713
7195	NA	2.4866421
7197	NA	1.8485184
7198	NA	2.3232884
7199	NA	2.3750784
7201	NA	2.3750784
7202	NA	2.9568925
7203	NA	2.6848054
7206	NA	2.9433205
7207	NA	2.7424686
7212	NA	2.8183358
7215	NA	2.7623851
7216	NA	2.6059945
7220	NA	2.1953487
7223	NA	2.7421167
7225	NA	2.735335
7227	NA	2.0052228
7231	NA	1.5663015
7232	NA	1.948785
7233	NA	2.7637672
7236	NA	2.9876847
7238	NA	2.4408708
7243	NA	2.4810624
7244	NA	2.9711447
7245	NA	2.9711823
7247	NA	2.7476227
7248	NA	2.7218115
7249	NA	2.2283132
7250	NA	2.4378264
7251	NA	2.3190572
7253	NA	2.2203512
7254	NA	2.2227716
7255	NA	2.847572
7256	NA	2.8766375
7257	NA	2.8741167
7258	NA	2.7324867
7259	NA	2.8703935
7260	NA	2.401939
7261	NA	2.10607
7263	NA	2.4804847
7264	NA	2.3560798
7265	NA	2.4311285
7266	NA	2.9681895
7272	NA	2.4434676
7273	NA	2.2736468
7275	NA	2.6008053
7278	NA	2.8351157
7279	NA	2.1157367
7282	NA	1.9754556
7283	NA	2.1180909
7284	NA	2.922423
7285	NA	2.968436
7286	NA	2.9988217
7288	NA	2.7937756
7289	NA	1.5678384
7290	NA	1.4875523
7295	NA	2.9352179
7296	NA	2.885209
7297	NA	2.639934
7299	NA	2.002178
7301	NA	2.363633
7303	NA	2.3744116
7305	NA	2.8731399
7307	NA	2.88471
7308	NA	2.5495694
7310	NA	2.2760766
7312	NA	2.466903
7317	NA	2.9382446
7318	NA	2.814135
7321	NA	2.8486793
7323	NA	2.845678
7324	NA	2.8606691
7325	NA	2.9077172
7326	NA	2.7710197
7327	NA	2.9460323
7328	NA	2.1299684
7329	NA	1.8996041
7330	NA	1.9533398
7331	NA	1.7981051
7333	NA	2.091545
7336	NA	2.7525768
7337	NA	2.9375734
7338	NA	2.9037592
7339	NA	2.8935733
7341	NA	1.6659932
7342	NA	1.6624699
7345	NA	1.7984662
7348	NA	2.8421772
7351	NA	1.5479858
7354	NA	1.8560566
7355	NA	1.6806909
7357	NA	2.674109
7360	NA	2.5769348
7361	NA	2.0402343
7366	NA	2.7828636
7369	NA	2.882275
7373	NA	2.318949
7376	NA	2.276766
7377	NA	2.8341496
7378	NA	2.6256294
7379	NA	2.4541974
7380	NA	2.5669096
7382	NA	1.0
7384	NA	1.8828515
7385	NA	1.7350308
7387	NA	2.6172376
7393	NA	2.3379028
7395	NA	2.584373
7396	NA	2.2330823
7400	NA	2.315213
7401	NA	1.7811522
7403	NA	2.3399496
7405	NA	2.8973916
7406	NA	2.621921
7407	NA	2.6873877
7408	NA	1.0
7409	NA	1.0
7412	NA	1.4639969
7413	NA	2.8461137
7415	NA	2.839758
7421	NA	2.49878
7424	NA	2.9259374
7425	NA	2.8637104
7426	NA	2.8494296
7429	NA	2.333702
7430	NA	2.7291174
7431	NA	2.542495
7433	NA	2.8391623
7435	NA	2.9846623
7436	NA	2.8238614
7439	NA	2.3157833
7440	NA	2.51334
7442	NA	2.9099808
7443	NA	2.9947026
7447	NA	2.8276873
7449	NA	1.6260985
7450	NA	1.6280866
7453	NA	1.8075025
7456	NA	2.714729
7458	NA	1.9775616
7460	NA	2.1571972
7463	NA	2.3580353
7465	NA	2.375406
7467	NA	2.8780596
7469	NA	2.9496133
7473	NA	2.2768486
7478	NA	1.8129742
7480	NA	2.4727964
7482	NA	2.036071
7484	NA	1.9933728
7488	NA	2.6794517
7489	NA	2.8345919
7490	NA	2.3761623
7494	NA	2.5756955
7495	NA	2.969944
7498	NA	2.866936
7500	NA	2.597549
7502	NA	2.6311653
7510	NA	2.2664585
7512	NA	2.06274
7513	NA	2.349074
7514	NA	2.2665606
7515	NA	2.7371056
7517	NA	2.9487877
7518	NA	2.8660514
7519	NA	2.6156228
7520	NA	2.4744318
7521	NA	2.463162
7523	NA	2.5930636
7524	NA	2.868121
7528	NA	2.8055267
7529	NA	2.1182508
7530	NA	1.9581032
7531	NA	1.7533573
7535	NA	2.855757
7536	NA	2.8540409
7538	NA	3.0
7540	NA	2.1937695
7552	NA	2.9424489
7555	NA	2.7694216
7560	NA	2.5962718
7562	NA	2.4523299
7565	NA	2.4802773
7566	NA	2.9268825
7568	NA	2.9988792
7570	NA	2.702843
7571	NA	2.5387044
7574	NA	2.7064745
7575	NA	2.8438141
7578	NA	2.1646795
7579	NA	2.027414
7584	NA	1.4399292
7585	NA	1.7841778
7586	NA	2.7304983
7589	NA	2.8076646
7591	NA	1.9091306
7592	NA	2.2419972
7593	NA	2.3287897
7595	NA	2.7237298
7596	NA	2.3580773
7597	NA	2.2991843
7598	NA	2.805568
7600	NA	2.2009192
7601	NA	1.8810339
7602	NA	1.8603525
7604	NA	1.5079962
7605	NA	2.079967
7607	NA	2.680948
7610	NA	2.2193546
7614	NA	2.2678783
7615	NA	2.9403427
7617	NA	2.3915634
7620	NA	2.0203624
7621	NA	1.7401706
7623	NA	1.9352697
7624	NA	1.7365702
7626	NA	2.786016
7627	NA	2.8770537
7628	NA	2.9841294
7631	NA	2.6889188
7632	NA	2.5021412
7633	NA	2.6205618
7635	NA	2.8525538
7637	NA	2.9048052
7640	NA	2.060784
7644	NA	2.160662
7645	NA	2.1550245
7646	NA	2.952024
7650	NA	2.4817684
7655	NA	2.8278153
7656	NA	2.9296644
7661	NA	2.4752889
7663	NA	2.4629586
7664	NA	2.2128425
7671	NA	2.367913
7673	NA	2.3004029
7674	NA	2.3278384
7676	NA	2.7254984
7679	NA	2.8585956
7683	NA	1.6352293
7684	NA	1.8680657
7685	NA	1.880477
7686	NA	2.8595104
7690	NA	2.2599447
7691	NA	2.3303142
7693	NA	2.0277681
7694	NA	2.3038502
7695	NA	2.7050753
7696	NA	2.9107685
7698	NA	2.6854923
7704	NA	1.0
7705	NA	1.0
7706	NA	2.9310179
7708	NA	2.9953299
7709	NA	2.7980473
7710	NA	2.3724854
7713	NA	2.1903324
7715	NA	2.9148254
7717	NA	2.8117604
7721	NA	2.6422493
7725	NA	2.840977
7727	NA	3.0
7730	NA	1.740246
7735	NA	2.8512492
7736	NA	2.2901375
7737	NA	2.832205
7738	NA	2.8058562
7745	NA	2.611155
7748	NA	2.7231114
7749	NA	2.1133108
7750	NA	2.2224119
7756	NA	2.7718058
7758	NA	2.7468567
7759	NA	2.6621225
7761	NA	1.853221
7762	NA	2.1417117
7765	NA	2.0188882
7766	NA	2.7702732
7767	NA	2.8222702
7770	NA	2.47347
7773	NA	1.6268917
7774	NA	2.1510577
7775	NA	1.8795818
7783	NA	2.3096116
7786	NA	2.9590764
7788	NA	2.8106382
7789	NA	2.8098292
7791	NA	1.9787952
7796	NA	2.4872313
7797	NA	2.9465208
7799	NA	2.4221177
7800	NA	2.4246147
7801	NA	2.4749453
7802	NA	1.8130367
7803	NA	2.4056358
7806	NA	2.94057
7809	NA	2.186995
7812	NA	2.6963255
7814	NA	2.8039594
7815	NA	2.946905
7816	NA	2.9710464
7818	NA	1.9318187
7824	NA	2.8055463
7825	NA	2.7990017
7826	NA	2.3604152
7827	NA	2.2725294
7828	NA	2.1406705
7829	NA	1.993591
7830	NA	2.046121
7831	NA	2.7981093
7832	NA	2.6185281
7833	NA	2.836532
7835	NA	2.7476943
7837	NA	2.6757267
7840	NA	2.9932075
7842	NA	2.7561746
7843	NA	2.8865008
7845	NA	1.9571801
7846	NA	2.0257773
7848	NA	2.0322368
7850	NA	2.9180806
7852	NA	2.9047904
7853	NA	2.0587943
7854	NA	2.053846
7855	NA	1.6857249
7856	NA	1.9993101
7857	NA	2.0529642
7858	NA	2.8784056
7860	NA	2.915131
7862	NA	2.5655677
7863	NA	2.293532
7865	NA	2.6804318
7870	NA	2.8472154
7871	NA	2.9545224
7873	NA	2.6631029
7874	NA	2.552303
7879	NA	1.9322426
7880	NA	2.8759053
7882	NA	2.2443523
7883	NA	2.3114378
7885	NA	1.0
7886	NA	2.3545084
7894	NA	2.6758912
7895	NA	2.7522743
7897	NA	2.5354955
7901	NA	2.2163377
7904	NA	2.2621727
7905	NA	2.846977
7907	NA	2.9272668
7908	NA	2.9667134
7910	NA	2.5401049
7911	NA	2.5225441
7913	NA	2.4082792
7914	NA	2.476281
7915	NA	2.519821
7916	NA	2.721234
7918	NA	2.8818011
7919	NA	2.6484818
7920	NA	2.3856962
7922	NA	2.605704
7924	NA	2.67047
7928	NA	2.8929713
7929	NA	1.5906119
7930	NA	1.7636209
7931	NA	1.8449881
7941	NA	1.6967164
7942	NA	1.9061171
7943	NA	2.8036487
7944	NA	2.8438442
7945	NA	2.830671
7948	NA	2.03846
7952	NA	2.9402225
7955	NA	2.6612196
7956	NA	2.453432
7958	NA	2.4481385
7960	NA	2.4966018
7961	NA	2.9922016
7962	NA	2.845416
7965	NA	2.676183
7968	NA	2.300254
7969	NA	2.2403586
7970	NA	2.3785455
7974	NA	2.9724004
7975	NA	2.9501503
7978	NA	1.5585244
7979	NA	1.5699614
7982	NA	2.8900764
7983	NA	2.885485
7984	NA	2.8956943
7988	NA	2.2407823
7991	NA	2.555549
7992	NA	2.7731478
7994	NA	2.8865807
8000	NA	2.19904
8001	NA	2.750441
8003	NA	2.9156895
8004	NA	2.7894928
8007	NA	1.0
8008	NA	1.0
8009	NA	1.0
8011	NA	2.932797
8013	NA	2.8837757
8015	NA	1.9249681
8016	NA	2.1948862
8017	NA	1.9401968
8019	NA	2.6458032
8020	NA	2.7866917
8022	NA	2.9331033
8023	NA	2.7350004
8026	NA	2.6243033
8027	NA	2.7823753
8030	NA	2.8678157
8033	NA	2.0910525
8034	NA	2.1673033
8035	NA	1.6545997
8036	NA	2.150936
8042	NA	1.8320655
8043	NA	2.304936
8045	NA	2.0536597
8046	NA	2.8489888
8048	NA	2.9719517
8051	NA	2.104185
8052	NA	2.043292
8053	NA	2.2079878
8054	NA	2.2544706
8056	NA	2.8463328
8061	NA	1.9541446
8062	NA	2.0973969
8063	NA	2.1638212
8066	NA	2.883667
8070	NA	2.5266824
8074	NA	2.9627106
8075	NA	2.9052365
8078	NA	1.7218664
8080	NA	1.8067434
8081	NA	1.7936022
8082	NA	2.9929323
8083	NA	2.9911218
8085	NA	2.8180904
8086	NA	2.6846201
8087	NA	2.7526066
8088	NA	2.8278403
8097	NA	2.5710497
8098	NA	2.682896
8099	NA	2.6786804
8100	NA	2.518115
8101	NA	2.1947489
8102	NA	2.9818056
8103	NA	2.9642832
8106	NA	2.2656648
8107	NA	1.6409111
8111	NA	2.7052016
8113	NA	1.0
8114	NA	1.0
8115	NA	1.0
8116	NA	1.0
8117	NA	1.0
8118	NA	2.7785287
8123	NA	1.0
8125	NA	1.0
8128	NA	2.9244606
8131	NA	2.029212
8132	NA	2.0104196
8133	NA	1.8341949
8135	NA	2.0367978
8139	NA	2.9151149
8140	NA	2.3148572
8142	NA	2.08942
8144	NA	2.337139
8146	NA	2.9241555
8148	NA	2.9550145
8149	NA	2.3458815
8150	NA	2.2857516
8151	NA	2.2042725
8153	NA	2.3019164
8154	NA	2.8050861
8160	NA	1.8891432
8164	NA	2.9666333
8166	NA	2.9706588
8167	NA	2.595347
8169	NA	2.721636
8170	NA	2.7349277
8171	NA	2.7023628
8172	NA	2.657007
8174	NA	2.9824202
8176	NA	2.5913577
8178	NA	2.4209065
8181	NA	2.9615233
8182	NA	2.973985
8183	NA	2.7238371
8185	NA	2.6674712
8188	NA	2.9788804
8197	NA	2.0525293
8198	NA	1.9049916
8202	NA	2.6949008
8203	NA	2.5633862
8204	NA	2.5056646
8205	NA	2.548818
8207	NA	2.5845354
8208	NA	2.9648623
8209	NA	2.772811
8214	NA	2.3504388
8218	NA	2.6585107
8221	NA	1.6572607
8222	NA	1.6302943
8224	NA	1.6814321
8226	NA	2.8410327
8229	NA	2.9046934
8231	NA	2.5317833
8232	NA	2.3491476
8234	NA	2.6196923
8235	NA	2.791034
8236	NA	2.6865628
8237	NA	2.8222632
8238	NA	2.9727564
8239	NA	1.9963567
8240	NA	2.0242286
8241	NA	2.1363275
8242	NA	1.958103
8243	NA	2.1028721
8244	NA	2.9727914
8245	NA	2.89756
8250	NA	2.445622
8252	NA	2.4381583
8253	NA	2.9569364
8254	NA	2.9688761
8255	NA	2.833311
8256	NA	2.7962847
8257	NA	2.361804
8259	NA	2.2266054
8260	NA	2.1283836
8261	NA	2.177252
8262	NA	2.9329295
8265	NA	2.8761542
8268	NA	2.0493186
8270	NA	2.0171301
8271	NA	2.9258249
8273	NA	2.8262465
8275	NA	1.0
8278	NA	1.0
8279	NA	1.0
8280	NA	2.733805
8284	NA	2.3004284
8286	NA	2.0055463
8287	NA	2.1386566
8290	NA	2.4293156
8291	NA	2.8582072
8292	NA	2.9434457
8293	NA	1.9814428
8295	NA	2.2571344
8297	NA	2.2261007
8298	NA	2.011515
8299	NA	2.453543
8301	NA	2.7188249
8302	NA	2.5863178
8303	NA	2.5705152
8308	NA	2.811648
8309	NA	2.925543
8310	NA	2.8693063
8311	NA	1.5432605
8315	NA	1.5346702
8318	NA	2.332892
8319	NA	2.683849
8320	NA	1.5590807
8322	NA	1.0
8324	NA	2.112231
8332	NA	2.06808
8337	NA	2.8925133
8341	NA	2.6170456
8342	NA	2.5601432
8344	NA	2.9311829
8346	NA	2.927196
8348	NA	2.6321716
8350	NA	2.6901855
8353	NA	2.779097
8354	NA	2.8498118
8357	NA	2.3849437
8359	NA	2.4532351
8361	NA	2.915152
8364	NA	2.9383614
8365	NA	2.7152252
8369	NA	2.7549
8370	NA	2.9468832
8371	NA	2.0481658
8372	NA	2.9030395
8373	NA	2.8192177
8378	NA	2.1924686
8380	NA	2.7649872
8382	NA	2.9394958
8385	NA	2.4444785
8386	NA	2.152667
8387	NA	2.377911
8390	NA	2.9167874
8391	NA	2.8574495
8392	NA	1.7727162
8393	NA	1.6557503
8394	NA	1.8286949
8395	NA	1.902991
8397	NA	2.8106196
8399	NA	2.7284791
8401	NA	2.5088
8402	NA	2.1967628
8403	NA	2.2912846
8405	NA	2.5530083
8408	NA	2.8925111
8410	NA	2.5496998
8411	NA	2.658447
8413	NA	2.703878
8414	NA	2.7216024
8415	NA	2.9091175
8416	NA	2.8649433
8418	NA	2.8675015
8420	NA	2.4774048
8422	NA	2.1910193
8423	NA	2.4253223
8427	NA	2.3959608
8428	NA	1.9770367
8429	NA	1.440498
8432	NA	1.9219918
8433	NA	2.7490087
8436	NA	2.9469423
8438	NA	2.3246818
8439	NA	2.0196135
8440	NA	2.3724077
8442	NA	2.7813795
8443	NA	2.9202466
8445	NA	2.9318342
8447	NA	2.6762698
8448	NA	2.6077142
8450	NA	2.7515419
8454	NA	2.9036326
8463	NA	2.8495622
8464	NA	2.2360857
8465	NA	2.1425602
8466	NA	2.0204883
8467	NA	2.134177
8468	NA	2.2366095
8472	NA	2.9715905
8473	NA	2.4724803
8477	NA	2.5056608
8478	NA	2.9906223
8480	NA	2.8666937
8485	NA	2.6639147
8487	NA	2.8470216
8488	NA	2.8224642
8491	NA	2.1884267
8495	NA	2.338589
8496	NA	2.6412892
8497	NA	2.8245182
8498	NA	2.6469898
8499	NA	2.8306794
8503	NA	2.674129
8508	NA	2.94102
8509	NA	2.0254707
8510	NA	2.0864596
8513	NA	2.069061
8515	NA	2.7913084
8518	NA	2.6903586
8519	NA	2.6081486
8522	NA	2.7179408
8523	NA	2.8312087
8526	NA	2.9142246
8527	NA	2.032113
8531	NA	2.1246932
8533	NA	2.8635783
8534	NA	2.9177535
8535	NA	2.90488
8539	NA	2.1431649
8540	NA	2.1541047
8542	NA	2.7576406
8544	NA	2.9296398
8545	NA	2.3639722
8546	NA	2.3207688
8547	NA	1.9880006
8549	NA	2.291715
8550	NA	2.9800053
8552	NA	2.9189682
8553	NA	2.8426924
8554	NA	2.6500041
8556	NA	2.6799874
8557	NA	2.6510983
8559	NA	2.916263
8560	NA	2.799136
8565	NA	2.4038227
8568	NA	1.9175117
8570	NA	2.9924107
8573	NA	2.2552125
8575	NA	2.1301255
8577	NA	2.6733458
8579	NA	2.9369104
8580	NA	2.9349067
8583	NA	2.1629303
8585	NA	2.3585281
8587	NA	2.8674197
8591	NA	2.131443
8592	NA	2.0720508
8595	NA	2.9386787
8599	NA	1.6698472
8602	NA	2.2809708
8603	NA	2.3633235
8604	NA	2.8885016
8605	NA	2.970381
8612	NA	2.57737
8615	NA	2.8825855
8616	NA	2.897681
8617	NA	2.44488
8619	NA	2.2867596
8621	NA	2.3352864
8623	NA	2.486812
8625	NA	2.5809224
8628	NA	1.5108409
8634	NA	2.832917
8638	NA	2.4632106
8640	NA	2.9094555
8641	NA	2.9056718
8642	NA	2.7677083
8643	NA	2.7383106
8644	NA	2.8286116
8648	NA	2.4017692
8650	NA	2.3899472
8652	NA	2.8640797
8653	NA	2.9205945
8654	NA	2.791623
8655	NA	2.4907973
8659	NA	2.4688637
8661	NA	2.812288
8662	NA	2.738576
8666	NA	1.7477616
8667	NA	1.4700739
8670	NA	2.9219897
8671	NA	2.8799493
8672	NA	2.9469573
8673	NA	2.3713632
8677	NA	2.3467495
8681	NA	2.9441054
8682	NA	1.9597229
8687	NA	2.7012885
8688	NA	2.7515287
8693	NA	2.3210158
8694	NA	2.365987
8695	NA	2.590452
8698	NA	2.9555614
8701	NA	2.7080195
8703	NA	2.679764
8704	NA	2.7801435
8706	NA	2.9422967
8707	NA	2.8545706
8710	NA	2.436293
8711	NA	2.3215585
8713	NA	2.3520734
8715	NA	2.7692683
8717	NA	2.8549716
8718	NA	2.1625974
8720	NA	1.8946973
8721	NA	1.9201832
8722	NA	2.0654142
8723	NA	2.7786381
8725	NA	2.4683416
8726	NA	2.8511925
8729	NA	2.4376557
8730	NA	2.3201134
8731	NA	2.3489597
8732	NA	2.903762
8733	NA	2.7870655
8734	NA	2.8817596
8735	NA	2.9260015
8736	NA	2.4648607
8737	NA	2.5435066
8740	NA	2.664988
8744	NA	2.8887758
8745	NA	2.618539
8747	NA	2.5195453
8752	NA	2.8839724
8754	NA	2.1213577
8755	NA	2.117406
8758	NA	2.1165614
8761	NA	2.8924406
8762	NA	2.83736
8763	NA	2.2218156
8764	NA	1.8842107
8765	NA	2.1410446
8769	NA	2.7919734
8770	NA	2.5776782
8771	NA	2.7728689
8772	NA	1.8385522
8773	NA	2.0352345
8774	NA	1.7925615
8776	NA	2.0498257
8778	NA	2.9748614
8780	NA	2.805508
8782	NA	2.379707
8785	NA	2.4202542
8788	NA	2.9281425
8789	NA	2.8748577
8793	NA	2.535952
8795	NA	2.9076338
8797	NA	2.931917
8798	NA	2.509675
8799	NA	2.6882358
8802	NA	2.5564382
8803	NA	2.6925159
8804	NA	2.6312177
8807	NA	2.8898253
8808	NA	1.8023249
8809	NA	2.231921
8810	NA	2.6222231
8811	NA	2.3609035
8812	NA	2.3546271
8817	NA	2.8633642
8818	NA	2.6124132
8819	NA	2.5775778
8820	NA	2.3958957
8821	NA	2.6974587
8824	NA	2.9454734
8825	NA	2.923341
8826	NA	2.645524
8827	NA	2.4181268
8828	NA	2.3621366
8829	NA	2.4290814
8831	NA	2.9719028
8833	NA	2.940934
8835	NA	2.5537395
8837	NA	2.6185718
8839	NA	2.5967643
8840	NA	2.8339746
8843	NA	2.9675317
8845	NA	2.2661366
8847	NA	2.322832
8849	NA	2.8558762
8850	NA	2.8925743
8851	NA	2.890757
8853	NA	2.778303
8857	NA	2.6721184
8860	NA	2.970808
8861	NA	2.9724605
8863	NA	2.6677332
8864	NA	2.6671882
8865	NA	2.6842113
8866	NA	2.6847274
8868	NA	2.282411
8870	NA	2.7730312
8871	NA	2.191683
8872	NA	2.1704993
8874	NA	1.8981606
8877	NA	2.8534007
8880	NA	2.4635942
8881	NA	2.3492992
8882	NA	2.4163265
8883	NA	2.5659542
8884	NA	2.457802
8885	NA	2.979455
8886	NA	2.9772723
8887	NA	2.7135937
8889	NA	2.5195892
8890	NA	2.224245
8891	NA	2.2589407
8893	NA	2.2611785
8895	NA	2.6702206
8896	NA	2.953532
8897	NA	2.7327967
8898	NA	1.6109288
8899	NA	1.559775
8900	NA	1.0
8904	NA	2.9255416
8905	NA	2.88641
8906	NA	2.848916
8909	NA	2.030275
8910	NA	2.0852323
8911	NA	2.1467109
8912	NA	2.5492764
8919	NA	2.2013865
8920	NA	2.28753
8921	NA	2.8368254
8922	NA	2.8453257
8923	NA	2.8312368
8925	NA	2.2787354
8927	NA	2.204055
8928	NA	2.2447033
8929	NA	2.3846307
8930	NA	2.964321
8931	NA	2.8662846
8933	NA	2.9392362
8935	NA	2.2454662
8939	NA	2.8160672
8940	NA	2.9343417
8946	NA	1.8469524
8947	NA	1.9165256
8950	NA	2.8027003
8951	NA	2.8544252
8953	NA	2.7940083
8954	NA	2.8177478
8960	NA	2.7066576
8962	NA	2.3697271
8968	NA	3.0
8969	NA	2.9164681
8970	NA	2.6300871
8971	NA	2.579414
8974	NA	2.6300871
8975	NA	2.9055624
8979	NA	2.4992087
8981	NA	2.1064265
8984	NA	2.9739857
8985	NA	2.8126025
8989	NA	2.5194323
8990	NA	2.5521047
8991	NA	2.3329642
8993	NA	2.86472
8995	NA	2.880623
8997	NA	2.9573581
9002	NA	2.595271
9003	NA	2.5716887
9004	NA	2.84313
9007	NA	2.9198384
9008	NA	2.747069
9009	NA	2.7618563
9010	NA	2.7403507
9012	NA	2.8503535
9013	NA	2.884721
9016	NA	2.794629
9018	NA	2.1400564
9020	NA	2.2261128
9022	NA	2.8775434
9023	NA	2.567179
9025	NA	2.9596252
9026	NA	1.5569382
9027	NA	1.5997378
9032	NA	2.9285736
9034	NA	2.9356725
9042	NA	2.8650334
9043	NA	2.956296
9047	NA	2.4741492
9048	NA	2.523865
9049	NA	2.913228
9052	NA	2.8587062
9055	NA	2.1501968
9057	NA	2.1036122
9059	NA	2.7041962
9060	NA	2.7596054
9061	NA	2.8970208
9062	NA	2.438677
9063	NA	2.5472448
9064	NA	2.7874029
9065	NA	2.305527
9072	NA	1.7672569
9076	NA	2.6525135
9079	NA	2.980181
9081	NA	2.7544384
9082	NA	2.570949
9084	NA	2.758514
9087	NA	2.7291431
9088	NA	2.6787798
9089	NA	1.431708
9091	NA	1.5699188
9092	NA	1.5372622
9100	NA	2.2131526
9104	NA	2.9056203
9105	NA	2.7045124
9107	NA	1.8243285
9111	NA	1.9144485
9112	NA	2.515259
9114	NA	2.782983
9115	NA	2.7653918
9116	NA	2.0160897
9118	NA	2.4145515
9119	NA	1.9656141
9120	NA	2.009694
9121	NA	2.9479816
9122	NA	2.9224753
9123	NA	2.842301
9124	NA	2.852973
9128	NA	1.8691067
9130	NA	2.836461
9135	NA	2.6331615
9138	NA	2.707176
9143	NA	2.764138
9144	NA	2.631279
9145	NA	2.5744522
9149	NA	2.884906
9151	NA	2.9790642
9152	NA	2.4183154
9154	NA	2.504216
9157	NA	2.886622
9158	NA	2.754387
9162	NA	2.4669697
9163	NA	2.4986067
9164	NA	2.2749033
9165	NA	2.5525002
9166	NA	2.8505125
9168	NA	2.8879194
9170	NA	2.8250432
9173	NA	2.7440739
9174	NA	2.835519
9175	NA	2.8599648
9176	NA	2.0753832
9178	NA	2.6469526
9179	NA	1.855366
9180	NA	1.702003
9182	NA	1.0
9190	NA	2.418395
9191	NA	2.3485403
9195	NA	2.7772357
9197	NA	2.0172572
9199	NA	2.0682795
9201	NA	2.056437
9202	NA	2.746549
9203	NA	2.8292587
9204	NA	2.8626435
9205	NA	2.957673
9207	NA	2.5677166
9209	NA	2.5105448
9210	NA	2.5940351
9214	NA	2.8275774
9216	NA	1.6113626
9217	NA	1.4243052
9218	NA	1.4083564
9219	NA	1.7053587
9220	NA	2.9013486
9221	NA	2.958671
9225	NA	1.4883074
9226	NA	1.89093
9227	NA	1.8131969
9228	NA	1.815315
9229	NA	2.7517102
9231	NA	2.9887073
9232	NA	2.9333587
9234	NA	2.7924032
9237	NA	2.865073
9243	NA	2.1221066
9244	NA	2.1529446
9245	NA	2.1757524
9246	NA	2.2117999
9248	NA	2.9068816
9251	NA	1.5525516
9252	NA	1.541185
9253	NA	1.5713919
9256	NA	2.9582167
9257	NA	2.911972
9258	NA	2.9305148
9260	NA	2.520884
9261	NA	2.5143073
9263	NA	2.507342
9265	NA	2.9687817
9266	NA	2.9817994
9267	NA	1.9773229
9268	NA	2.9296389
9270	NA	1.8660026
9271	NA	1.7690371
9276	NA	2.8263526
9277	NA	2.9132972
9278	NA	2.1646867
9279	NA	2.2438035
9282	NA	2.245521
9283	NA	2.8523421
9286	NA	2.9202888
9289	NA	2.38535
9290	NA	2.4468448
9291	NA	2.5701091
9294	NA	2.916653
9296	NA	1.8895441
9298	NA	1.7143071
9301	NA	2.9618497
9302	NA	2.9996133
9304	NA	2.6231034
9306	NA	1.7044586
9310	NA	2.9429917
9311	NA	2.4861507
9312	NA	2.915225
9316	NA	1.8172071
9317	NA	1.0
9318	NA	1.7577933
9320	NA	2.8111224
9321	NA	2.699224
9322	NA	2.9059067
9324	NA	2.0711489
9325	NA	2.0309234
9331	NA	2.9662342
9332	NA	2.963405
9333	NA	2.9675117
9334	NA	2.5486655
9339	NA	2.9305663
9340	NA	2.963373
9341	NA	2.8966482
9345	NA	2.1903956
9346	NA	2.119521
9347	NA	2.163336
9348	NA	2.707025
9352	NA	1.7719214
9353	NA	1.6593674
9355	NA	1.6203084
9357	NA	2.906018
9358	NA	2.9215572
9360	NA	2.8540912
9363	NA	2.55407
9364	NA	2.6613274
9365	NA	2.6615458
9366	NA	2.9734993
9372	NA	2.3320253
9376	NA	2.8095496
9378	NA	2.9456532
9379	NA	1.8045601
9381	NA	1.9484159
9382	NA	1.9530774
9383	NA	1.7952694
9384	NA	2.5126739
9390	NA	1.0
9392	NA	1.0
9396	NA	2.8889422
9397	NA	2.5385427
9398	NA	2.5854564
9399	NA	2.4501066
9403	NA	2.6148174
9404	NA	2.905738
9405	NA	2.9682915
9406	NA	1.8560005
9409	NA	2.0939367
9410	NA	1.8929127
9411	NA	2.7342236
9415	NA	2.1439288
9416	NA	2.177589
9417	NA	2.327441
9418	NA	2.2108076
9419	NA	2.2220564
9420	NA	2.9286435
9421	NA	2.9865901
9422	NA	2.8966188
9428	NA	2.625196
9429	NA	2.776045
9432	NA	2.9908817
9440	NA	2.9722097
9441	NA	2.951819
9443	NA	2.4225774
9446	NA	2.5503342
9450	NA	2.874666
9454	NA	2.1670017
9458	NA	2.7945642
9459	NA	2.9212162
9460	NA	2.9503512
9463	NA	2.206345
9464	NA	2.1975482
9466	NA	2.2424035
9468	NA	2.9674053
9470	NA	2.6472409
9472	NA	1.8648183
9474	NA	1.6985444
9476	NA	2.9514472
9477	NA	2.9442859
9478	NA	1.0
9479	NA	2.8953178
9480	NA	1.0
9481	NA	2.6858718
9483	NA	2.6881828
9484	NA	2.6828077
9485	NA	2.9118366
9486	NA	2.4256413
9487	NA	2.7860124
9491	NA	2.2073817
9494	NA	2.9078171
9498	NA	1.9783802
9501	NA	1.7711419
9503	NA	2.9510508
9505	NA	2.8370333
9507	NA	2.4493027
9508	NA	2.4101691
9509	NA	2.4838347
9511	NA	2.4552996
9513	NA	2.899281
9514	NA	2.8775077
9518	NA	2.466125
9519	NA	2.4267883
9520	NA	2.5314517
9521	NA	2.497564
9522	NA	2.7642517
9523	NA	2.2998445
9527	NA	2.1996315
9528	NA	2.3608356
9533	NA	2.7110553
9534	NA	1.9284372
9536	NA	1.8037249
9539	NA	2.929577
9543	NA	2.3238463
9546	NA	2.244311
9547	NA	2.2715666
9548	NA	2.2753341
9550	NA	2.8315191
9552	NA	2.7247403
9553	NA	2.5630095
9559	NA	2.8995407
9560	NA	2.8140967
9564	NA	2.223975
9566	NA	2.6872945
9568	NA	2.9114895
9573	NA	2.397867
9575	NA	2.8675606
9582	NA	2.2929256
9585	NA	2.500407
9586	NA	2.8826036
9587	NA	2.7643359
9588	NA	2.7428474
9589	NA	1.8887426
9590	NA	1.9633594
9595	NA	2.3713946
9596	NA	2.6333444
9597	NA	2.805424
9598	NA	2.8663301
9601	NA	2.473973
9603	NA	2.1593213
9606	NA	2.93565
9608	NA	2.3758824
9611	NA	2.0686133
9612	NA	2.3513453
9613	NA	2.9106846
9614	NA	2.8857052
9618	NA	1.8007094
9619	NA	1.9650327
9620	NA	2.1639926
9621	NA	2.0663383
9622	NA	2.920538
9625	NA	2.963772
9626	NA	2.3600237
9628	NA	2.3784082
9629	NA	2.3409486
9630	NA	2.4109995
9633	NA	2.9298434
9634	NA	2.9573414
9637	NA	2.7134874
9640	NA	2.8035827
9642	NA	2.7693846
9647	NA	1.8450409
9648	NA	1.9374045
9649	NA	1.9789748
9652	NA	2.943108
9654	NA	2.9654288
9655	NA	2.431043
9658	NA	2.5404515
9660	NA	2.8617973
9661	NA	2.9228845
9663	NA	2.8934183
9664	NA	2.8265386
9670	NA	2.9576993
9671	NA	2.8806243
9672	NA	2.93042
9673	NA	2.1342876
9674	NA	2.1914408
9679	NA	2.974457
9681	NA	2.8696625
9682	NA	2.328398
9683	NA	2.2106643
9685	NA	2.3237379
9686	NA	2.3208094
9688	NA	2.5384321
9690	NA	2.8397248
9693	NA	2.4873219
9696	NA	2.8324106
9705	NA	2.9331903
9707	NA	2.9377813
9711	NA	2.5991735
9712	NA	2.456821
9714	NA	2.8562174
9716	NA	2.5226052
9724	NA	2.8530567
9725	NA	2.9209182
9727	NA	2.1739867
9728	NA	1.9062157
9729	NA	1.9775305
9732	NA	2.9077039
9734	NA	2.9634964
9735	NA	2.9827042
9737	NA	2.3748183
9739	NA	2.2801554
9740	NA	2.3577416
9741	NA	2.879046
9742	NA	2.9502363
9743	NA	2.970079
9750	NA	2.96358
9751	NA	2.973364
9754	NA	2.3066254
9755	NA	2.2503765
9756	NA	2.2850304
9761	NA	1.9806128
9762	NA	1.7097006
9767	NA	2.086126
9768	NA	1.9335301
9772	NA	1.0
9775	NA	2.35066
9777	NA	1.9990892
9779	NA	1.4446318
9781	NA	2.385505
9782	NA	1.0
9783	NA	1.5419294
9785	NA	1.4536357
9787	NA	1.5043687
9790	NA	1.8577386
9791	NA	1.6603148
9792	NA	2.1035335
9793	NA	1.7190531
9794	NA	2.2034109
9796	NA	1.65043
9797	NA	2.1753805
9798	NA	2.4110801
9802	NA	2.6255023
9804	NA	1.8001225
9807	NA	1.8419771
9808	NA	1.6296043
9809	NA	1.5355299
9810	NA	1.9603468
9812	NA	1.6022923
9813	NA	2.1627557
9818	NA	1.4455686
9819	NA	1.7575629
9823	NA	1.0
9824	NA	1.566157
9826	NA	1.0
9828	NA	2.0794299
9830	NA	1.6776266
9831	NA	1.0
9832	NA	1.7797492
9833	NA	1.7349473
9834	NA	1.0
9835	NA	1.0
9837	NA	2.1979294
9842	NA	1.766667
9845	NA	1.0
9848	NA	1.0
9849	NA	2.1252925
9850	NA	1.4106861
9852	NA	1.7840288
9854	NA	1.0
9855	NA	2.2339976
9857	NA	1.0
9858	NA	2.0447798
9861	NA	1.6384027
9862	NA	1.8003396
9865	NA	1.0
9866	NA	2.1251037
9867	NA	1.9763924
9871	NA	1.0
9872	NA	1.0
9873	NA	1.4507241
9881	NA	1.9517318
9883	NA	1.0
9887	NA	1.9891074
9888	NA	1.0
9890	NA	1.693242
9891	NA	1.46596
9892	NA	1.7387079
9894	NA	1.0
9896	NA	1.4952172
9898	NA	1.0
9899	NA	1.0
9901	NA	1.966182
9902	NA	1.9262981
9906	NA	1.9395223
9908	NA	1.9809492
9909	NA	1.4479654
9910	NA	1.6927758
9913	NA	1.0
9917	NA	2.083679
9918	NA	1.0
9920	NA	1.0
9923	NA	2.359968
9924	NA	1.6452231
9925	NA	1.7466557
9928	NA	1.6883657
9929	NA	1.80785
9930	NA	1.5581032
9932	NA	1.6150309
9933	NA	1.0
9937	NA	1.0
9941	NA	1.0
9944	NA	1.0
9945	NA	1.0
9946	NA	1.0
9950	NA	1.9558014
9952	NA	1.5704702
9953	NA	2.054007
9954	NA	2.161295
9956	NA	1.0
9957	NA	1.0
9958	NA	1.7896218
9959	NA	1.5360972
9961	NA	1.8871967
9962	NA	1.9115052
9964	NA	1.61094
9965	NA	1.6197866
9966	NA	1.0
9969	NA	1.8084948
9970	NA	2.2725542
9971	NA	1.0
9972	NA	1.0
9977	NA	1.0
9978	NA	1.950689
9979	NA	1.6974565
9986	NA	1.5043204
9987	NA	2.0214777
9989	NA	1.5312145
9990	NA	1.8841728
9991	NA	2.037583
9992	NA	1.0
9994	NA	1.0
9995	NA	1.0
9996	NA	1.5489428
