pair_ID	relatedness_score	entailment_judgment
6	2.3	NA
7	2.5	NA
8	4.4	NA
10	4.8	NA
11	4.7	NA
13	3.5	NA
15	1.4	NA
16	1.3	NA
17	1.3	NA
19	4.8	NA
20	3.5	NA
21	2.6	NA
22	3.7	NA
23	3.8	NA
27	2.4	NA
29	2.5	NA
31	4.6	NA
32	4.6	NA
33	4.8	NA
34	3.6	NA
36	1.5	NA
37	3.5	NA
38	3.5	NA
39	2.5	NA
41	3.6	NA
43	3.6	NA
46	3.4	NA
48	1.4	NA
50	1.3	NA
51	3.4	NA
52	4.8	NA
53	3.7	NA
54	3.6	NA
57	4.6	NA
59	4.6	NA
60	4.6	NA
61	1.5	NA
63	4.7	NA
64	4.7	NA
66	4.6	NA
67	3.8	NA
68	4.7	NA
69	4.7	NA
71	3.6	NA
74	4.8	NA
75	3.7	NA
76	4.6	NA
80	2.5	NA
86	2.4	NA
89	4.7	NA
92	1.5	NA
95	1.5	NA
96	1.5	NA
101	4.7	NA
102	3.6	NA
103	4.5	NA
104	3.5	NA
106	3.6	NA
108	3.6	NA
109	2.5	NA
110	4.7	NA
111	2.4	NA
114	1.4	NA
115	1.4	NA
118	4.7	NA
121	4.8	NA
123	2.4	NA
125	2.4	NA
128	2.4	NA
132	4.7	NA
134	4.7	NA
135	1.4	NA
137	3.5	NA
138	3.5	NA
142	4.5	NA
143	4.7	NA
144	2.4	NA
145	1.4	NA
147	1.4	NA
149	4.7	NA
151	4.8	NA
152	2.5	NA
153	4.7	NA
154	2.5	NA
155	3.6	NA
156	4.7	NA
157	4.7	NA
158	4.7	NA
160	4.6	NA
162	4.5	NA
165	1.5	NA
166	3.5	NA
167	4.7	NA
168	3.7	NA
169	3.7	NA
171	3.7	NA
172	3.6	NA
174	4.6	NA
175	4.6	NA
177	3.6	NA
178	5	NA
179	3.7	NA
180	4.6	NA
181	3.6	NA
182	4.8	NA
187	2.5	NA
189	2.4	NA
190	2.6	NA
191	5	NA
193	4.7	NA
195	4.7	NA
196	4.6	NA
198	4.6	NA
199	3.7	NA
203	3.6	NA
204	3.6	NA
206	3.5	NA
207	3.4	NA
208	3.6	NA
209	4.6	NA
210	3.5	NA
212	3.7	NA
213	1.4	NA
214	1.4	NA
220	4.7	NA
221	4.7	NA
222	4.6	NA
229	4.7	NA
230	3.4	NA
231	3.7	NA
235	1.3	NA
239	1.4	NA
242	4.7	NA
243	3.6	NA
244	4.7	NA
245	4.7	NA
246	3.6	NA
247	3.6	NA
250	3.6	NA
251	3.6	NA
252	3.6	NA
255	4.8	NA
261	2.6	NA
262	3.7	NA
263	4.7	NA
264	4.7	NA
267	3.6	NA
268	3.6	NA
270	2.5	NA
271	3.6	NA
274	4.7	NA
275	4.7	NA
278	3.5	NA
281	3.5	NA
282	4.8	NA
284	3.7	NA
288	4.6	NA
290	4.6	NA
292	4.5	NA
294	3.7	NA
295	2.4	NA
297	2.4	NA
298	1.4	NA
299	2.4	NA
300	4.7	NA
306	2.5	NA
307	2.5	NA
308	2.4	NA
314	4.7	NA
316	1.4	NA
318	1.4	NA
319	1.4	NA
320	1.4	NA
321	1.4	NA
322	4.8	NA
324	4.7	NA
325	3.6	NA
326	1.4	NA
328	2.4	NA
330	1.4	NA
334	3.7	NA
336	4.5	NA
337	1.4	NA
343	3.7	NA
345	2.5	NA
348	3.4	NA
349	2.5	NA
350	2.6	NA
352	3.6	NA
353	3.7	NA
355	3.6	NA
356	1.5	NA
357	3.5	NA
359	2.4	NA
364	4.8	NA
365	4.8	NA
368	4.7	NA
369	4.7	NA
371	4.7	NA
376	2.5	NA
383	4.6	NA
385	4.7	NA
386	4.6	NA
388	3.6	NA
389	3.6	NA
399	3.4	NA
400	3.6	NA
401	3.5	NA
405	3.6	NA
406	3.4	NA
407	1.4	NA
408	4.5	NA
411	4.7	NA
412	4.6	NA
414	3.7	NA
416	2.5	NA
418	3.5	NA
419	4.6	NA
420	4.6	NA
421	4.6	NA
424	4.7	NA
425	3.6	NA
426	3.6	NA
429	3.6	NA
430	4.7	NA
431	3.6	NA
432	3.7	NA
433	4.8	NA
437	2.5	NA
443	4.6	NA
444	4.5	NA
445	4.5	NA
448	3.5	NA
452	4.5	NA
453	3.7	NA
455	1.6	NA
456	4.6	NA
458	2.4	NA
459	2.4	NA
460	3.5	NA
463	4.5	NA
464	3.8	NA
466	3.7	NA
467	3.6	NA
468	1.3	NA
469	4.7	NA
471	3.5	NA
472	3.6	NA
474	3.6	NA
478	2.5	NA
479	2.6	NA
480	3.4	NA
481	1.6	NA
482	4.7	NA
483	3.6	NA
487	2.5	NA
488	3.5	NA
490	3.5	NA
492	4.5	NA
493	2.5	NA
495	4.5	NA
498	2.5	NA
501	2.5	NA
502	4.7	NA
503	3.7	NA
504	4.6	NA
509	2.5	NA
510	2.6	NA
511	3.5	NA
512	4.6	NA
517	2.6	NA
518	4.8	NA
519	4.8	NA
521	2.5	NA
523	4.5	NA
525	3.4	NA
532	3.7	NA
533	3.6	NA
534	3.4	NA
536	1.4	NA
537	2.5	NA
539	1.4	NA
540	3.5	NA
543	3.5	NA
544	4.7	NA
546	4.7	NA
547	2.5	NA
549	3.5	NA
553	2.6	NA
554	4.8	NA
558	4.8	NA
559	4.6	NA
562	2.5	NA
563	3.5	NA
566	3.5	NA
567	3.7	NA
569	4.6	NA
571	3.6	NA
572	2.7	NA
573	1.5	NA
574	2.4	NA
575	1.6	NA
576	2.6	NA
577	4.5	NA
578	4.5	NA
579	1.5	NA
580	4.8	NA
582	4.6	NA
583	4.7	NA
584	4.7	NA
585	3.5	NA
589	4.5	NA
590	3.6	NA
591	4.8	NA
593	3.8	NA
594	3.6	NA
595	3.5	NA
596	2.5	NA
598	3.5	NA
600	4.8	NA
602	3.6	NA
607	2.5	NA
608	2.5	NA
610	2.5	NA
612	2.5	NA
613	3.8	NA
614	4.7	NA
615	4.6	NA
616	4.7	NA
618	2.6	NA
620	3.5	NA
623	3.6	NA
624	3.5	NA
627	4.6	NA
633	3.6	NA
635	2.5	NA
636	3.5	NA
639	4.7	NA
640	3.7	NA
642	4.7	NA
644	2.5	NA
652	4.7	NA
654	3.5	NA
656	4.8	NA
658	2.5	NA
659	2.6	NA
662	3.6	NA
664	3.6	NA
665	3.8	NA
666	3.6	NA
667	4.7	NA
669	5	NA
670	2.5	NA
673	2.6	NA
674	2.6	NA
675	2.5	NA
677	4.8	NA
681	3.5	NA
682	2.5	NA
683	3.4	NA
684	1.4	NA
686	4.5	NA
688	4.5	NA
694	4.7	NA
695	2.6	NA
700	3.6	NA
701	2.6	NA
705	4.7	NA
706	4.6	NA
707	2.5	NA
708	2.5	NA
710	1.4	NA
711	1.4	NA
712	3.5	NA
713	5	NA
714	3.6	NA
716	3.7	NA
719	3.4	NA
720	3.5	NA
721	1.5	NA
724	3.4	NA
726	3.6	NA
739	3.7	NA
740	3.6	NA
742	4.6	NA
743	2.4	NA
744	3.4	NA
750	1.4	NA
751	4.6	NA
753	4.7	NA
755	3.5	NA
756	1.4	NA
758	3.5	NA
763	3.7	NA
767	1.5	NA
770	4.5	NA
771	3.5	NA
773	4.7	NA
775	4.8	NA
776	2.5	NA
778	3.5	NA
779	3.5	NA
781	3.7	NA
782	4.7	NA
786	2.5	NA
787	2.5	NA
788	2.5	NA
790	2.5	NA
794	4.8	NA
795	3.7	NA
798	4.7	NA
800	2.4	NA
801	3.5	NA
803	3.6	NA
805	4.6	NA
806	4.6	NA
807	2.5	NA
808	4.6	NA
809	3.6	NA
810	2.4	NA
814	2.5	NA
815	2.4	NA
817	4.8	NA
818	4.7	NA
819	3.5	NA
821	2.4	NA
823	1.4	NA
826	2.4	NA
828	4.7	NA
829	2.6	NA
832	3.6	NA
833	3.5	NA
834	3.4	NA
835	3.6	NA
837	3.5	NA
838	2.5	NA
840	3.7	NA
842	5	NA
843	4.7	NA
847	2.5	NA
849	1.5	NA
850	2.5	NA
853	4.7	NA
854	3.5	NA
856	4.8	NA
861	3.5	NA
863	4.6	NA
865	3.5	NA
871	2.5	NA
875	1.5	NA
877	4.8	NA
884	3.5	NA
885	1.5	NA
886	3.5	NA
890	4.7	NA
891	3.5	NA
894	2.6	NA
896	1.4	NA
897	1.5	NA
900	4.8	NA
901	3.6	NA
903	4.6	NA
905	4.6	NA
907	3.6	NA
911	3.6	NA
912	4.8	NA
914	4.7	NA
916	4.6	NA
918	1.4	NA
919	2.5	NA
921	3.5	NA
923	4.6	NA
924	5	NA
925	3.5	NA
926	4.8	NA
928	4.7	NA
929	3.7	NA
930	4.6	NA
934	4.7	NA
937	4.7	NA
938	3.6	NA
939	3.7	NA
941	3.5	NA
942	3.5	NA
946	3.5	NA
951	4.6	NA
952	4.5	NA
954	1.4	NA
955	3.6	NA
958	3.6	NA
964	3.5	NA
965	4.7	NA
966	3.5	NA
968	2.5	NA
969	2.5	NA
971	4.5	NA
972	3.5	NA
974	3.5	NA
976	3.7	NA
977	4.7	NA
981	2.4	NA
982	2.5	NA
983	2.4	NA
986	3.7	NA
990	4.8	NA
992	3.6	NA
993	1.5	NA
995	1.5	NA
997	1.4	NA
999	4.8	NA
1001	4.7	NA
1003	2.5	NA
1005	2.5	NA
1006	2.5	NA
1011	4.7	NA
1012	3.6	NA
1013	4.5	NA
1014	3.5	NA
1015	1.4	NA
1017	2.5	NA
1020	3.5	NA
1023	2.6	NA
1024	5	NA
1025	4.6	NA
1027	3.5	NA
1030	3.5	NA
1032	3.9	NA
1034	3.5	NA
1035	4.7	NA
1036	4.7	NA
1040	1.4	NA
1041	3.4	NA
1042	3.4	NA
1051	2.5	NA
1056	2.6	NA
1058	4.7	NA
1059	4.7	NA
1060	4.5	NA
1062	3.7	NA
1063	3.5	NA
1066	3.5	NA
1067	3.6	NA
1070	3.6	NA
1071	3.6	NA
1072	3.5	NA
1073	4.7	NA
1075	3.6	NA
1077	4.6	NA
1078	3.5	NA
1079	3.6	NA
1081	3.6	NA
1085	4.8	NA
1086	4.8	NA
1089	2.6	NA
1098	4.7	NA
1100	1.4	NA
1101	1.4	NA
1103	1.4	NA
1106	4.7	NA
1107	4.7	NA
1110	4.6	NA
1113	2.5	NA
1114	3.5	NA
1116	2.5	NA
1121	4.7	NA
1123	4.7	NA
1124	3.6	NA
1126	4.8	NA
1127	4.8	NA
1130	3.7	NA
1131	3.7	NA
1132	3.5	NA
1134	1.5	NA
1136	3.5	NA
1138	3.5	NA
1139	1.5	NA
1140	3.5	NA
1141	4.7	NA
1142	3.6	NA
1143	1.4	NA
1144	1.4	NA
1146	1.4	NA
1148	4.7	NA
1150	4.7	NA
1151	3.6	NA
1152	4.7	NA
1156	2.7	NA
1158	4.6	NA
1159	4.8	NA
1160	3.7	NA
1163	3.6	NA
1164	3.6	NA
1166	5	NA
1168	5	NA
1171	3.6	NA
1172	5	NA
1173	3.6	NA
1174	4.7	NA
1176	4.7	NA
1181	3.5	NA
1183	1.5	NA
1185	4.8	NA
1186	4.8	NA
1187	3.8	NA
1189	4.7	NA
1197	3.6	NA
1198	4.7	NA
1199	3.5	NA
1201	3.6	NA
1203	3.6	NA
1204	4.6	NA
1208	4.8	NA
1209	4.7	NA
1210	2.6	NA
1211	2.6	NA
1216	3.6	NA
1217	4.7	NA
1218	4.7	NA
1220	3.6	NA
1223	3.5	NA
1224	3.7	NA
1225	3.6	NA
1226	4.7	NA
1229	3.5	NA
1231	3.5	NA
1233	3.6	NA
1234	3.7	NA
1235	3.5	NA
1238	4.6	NA
1243	3.6	NA
1245	3.6	NA
1247	1.5	NA
1250	3.6	NA
1252	3.6	NA
1253	4.6	NA
1254	3.6	NA
1256	3.5	NA
1257	3.5	NA
1258	1.4	NA
1260	3.7	NA
1261	4.7	NA
1262	4.6	NA
1263	2.4	NA
1264	3.5	NA
1265	1.4	NA
1267	3.5	NA
1269	1.5	NA
1272	4.7	NA
1277	2.5	NA
1278	3.5	NA
1279	3.6	NA
1281	3.6	NA
1285	3.5	NA
1286	3.5	NA
1288	3.6	NA
1289	4.7	NA
1290	4.7	NA
1295	3.6	NA
1296	3.6	NA
1298	4.7	NA
1299	4.6	NA
1300	3.6	NA
1301	4.6	NA
1304	3.6	NA
1306	3.5	NA
1307	4.7	NA
1309	3.7	NA
1310	3.6	NA
1312	3.8	NA
1313	1.5	NA
1314	1.5	NA
1315	1.5	NA
1316	1.5	NA
1320	3.7	NA
1322	2.5	NA
1323	3.7	NA
1324	4.6	NA
1325	2.5	NA
1327	4.6	NA
1330	3.6	NA
1331	4.8	NA
1332	4.7	NA
1334	4.6	NA
1337	4.6	NA
1338	4.6	NA
1339	4.6	NA
1340	3.6	NA
1343	3.5	NA
1347	3.6	NA
1348	4.7	NA
1349	4.6	NA
1351	4.8	NA
1353	4.6	NA
1356	3.5	NA
1357	3.6	NA
1360	4.5	NA
1362	4.5	NA
1363	3.6	NA
1364	1.4	NA
1366	3.6	NA
1367	4.7	NA
1369	4.8	NA
1370	4.7	NA
1374	3.6	NA
1375	4.7	NA
1377	4.7	NA
1382	4.7	NA
1383	4.7	NA
1391	1.5	NA
1392	1.5	NA
1393	1.5	NA
1394	4.6	NA
1395	3.6	NA
1397	3.5	NA
1398	3.6	NA
1401	3.6	NA
1402	3.6	NA
1406	4.7	NA
1411	1.4	NA
1413	3.6	NA
1416	4.6	NA
1418	1.5	NA
1420	4.5	NA
1422	4.7	NA
1423	4.7	NA
1424	4.7	NA
1425	1.5	NA
1426	1.5	NA
1428	1.5	NA
1430	4.7	NA
1433	3.6	NA
1436	3.6	NA
1437	3.6	NA
1439	4.6	NA
1440	3.6	NA
1441	4.6	NA
1442	3.6	NA
1445	1.5	NA
1447	2.5	NA
1449	3.7	NA
1450	4.7	NA
1451	4.7	NA
1452	1.5	NA
1454	1.4	NA
1456	1.5	NA
1457	4.6	NA
1459	2.5	NA
1460	3.6	NA
1462	1.5	NA
1465	1.5	NA
1468	4.8	NA
1471	1.4	NA
1472	2.5	NA
1475	4.7	NA
1477	4.7	NA
1478	4.7	NA
1485	4.7	NA
1490	4.5	NA
1491	1.6	NA
1492	3.6	NA
1496	3.6	NA
1497	3.6	NA
1500	2.6	NA
1502	4.6	NA
1507	2.4	NA
1508	1.4	NA
1510	2.4	NA
1512	2.4	NA
1515	1.3	NA
1516	1.3	NA
1518	1.4	NA
1520	3.6	NA
1522	4.7	NA
1526	1.6	NA
1528	3.6	NA
1529	4.6	NA
1530	3.6	NA
1533	1.4	NA
1537	1.4	NA
1539	3.6	NA
1540	4.7	NA
1542	3.6	NA
1543	2.5	NA
1544	2.6	NA
1546	3.7	NA
1548	3.4	NA
1554	1.5	NA
1555	3.7	NA
1556	4.7	NA
1560	4.5	NA
1561	3.7	NA
1562	1.6	NA
1564	3.6	NA
1567	4.7	NA
1568	5	NA
1569	4.7	NA
1571	4.5	NA
1572	1.6	NA
1577	2.6	NA
1578	5	NA
1579	4.7	NA
1581	3.5	NA
1583	2.3	NA
1589	4.7	NA
1590	4.6	NA
1593	3.6	NA
1594	3.5	NA
1596	4.8	NA
1597	1.5	NA
1598	4.7	NA
1600	3.6	NA
1602	2.5	NA
1603	2.4	NA
1605	3.5	NA
1611	4.7	NA
1613	2.6	NA
1616	2.6	NA
1617	4.6	NA
1619	3.6	NA
1620	4.7	NA
1622	1.5	NA
1623	1.5	NA
1624	1.5	NA
1630	4.7	NA
1633	3.5	NA
1634	3.4	NA
1636	1.6	NA
1637	3.5	NA
1638	1.6	NA
1642	2.5	NA
1644	3.6	NA
1645	3.6	NA
1654	3.6	NA
1656	5	NA
1658	4.7	NA
1662	4.5	NA
1664	4.7	NA
1665	1.5	NA
1666	4.6	NA
1667	5	NA
1672	1.4	NA
1674	1.3	NA
1678	4.7	NA
1679	3.6	NA
1681	3.7	NA
1683	4.6	NA
1684	3.6	NA
1685	4.6	NA
1686	3.6	NA
1688	2.5	NA
1689	4.7	NA
1692	4.6	NA
1693	4.7	NA
1695	1.4	NA
1696	4.5	NA
1698	1.5	NA
1699	4.6	NA
1701	2.5	NA
1704	4.7	NA
1709	1.5	NA
1710	1.5	NA
1713	3.6	NA
1717	1.5	NA
1718	1.5	NA
1720	3.4	NA
1722	4.5	NA
1725	5	NA
1726	3.7	NA
1727	4.7	NA
1728	1.5	NA
1730	1.5	NA
1731	1.5	NA
1732	3.5	NA
1734	3.6	NA
1735	2.6	NA
1737	4.6	NA
1738	1.5	NA
1739	1.5	NA
1740	1.5	NA
1742	1.5	NA
1743	4.5	NA
1744	3.7	NA
1745	4.7	NA
1746	3.6	NA
1748	3.5	NA
1749	3.5	NA
1750	1.4	NA
1752	3.5	NA
1758	3.6	NA
1760	4.5	NA
1761	4.6	NA
1762	1.4	NA
1763	3.6	NA
1764	4.5	NA
1767	4.5	NA
1768	4.7	NA
1769	3.7	NA
1770	4.6	NA
1774	4.5	NA
1775	3.5	NA
1778	4.7	NA
1779	3.6	NA
1785	1.5	NA
1786	3.6	NA
1788	3.6	NA
1790	3.6	NA
1793	3.5	NA
1794	4.5	NA
1795	3.5	NA
1796	1.4	NA
1797	1.5	NA
1799	1.4	NA
1800	2.4	NA
1801	3.5	NA
1802	4.7	NA
1803	3.7	NA
1804	4.7	NA
1805	4.6	NA
1806	4.6	NA
1810	2.5	NA
1813	4.6	NA
1816	4.7	NA
1817	3.6	NA
1819	4.5	NA
1821	3.5	NA
1824	1.5	NA
1826	4.7	NA
1827	3.7	NA
1828	3.6	NA
1831	4.6	NA
1833	2.4	NA
1834	2.5	NA
1835	2.4	NA
1836	2.4	NA
1837	2.5	NA
1838	2.5	NA
1843	3.6	NA
1845	1.3	NA
1848	1.4	NA
1850	4.8	NA
1855	3.5	NA
1856	4.6	NA
1857	3.5	NA
1858	3.6	NA
1859	4.7	NA
1860	3.6	NA
1862	4.7	NA
1863	3.4	NA
1864	1.4	NA
1865	1.5	NA
1867	1.4	NA
1868	3.5	NA
1870	1.4	NA
1871	3.5	NA
1872	4.6	NA
1875	4.6	NA
1880	3.5	NA
1883	4.6	NA
1885	5	NA
1889	3.6	NA
1890	2.5	NA
1891	4.6	NA
1893	2.5	NA
1895	3.5	NA
1896	3.6	NA
1899	4.6	NA
1901	2.6	NA
1902	3.4	NA
1903	1.4	NA
1905	1.3	NA
1906	1.4	NA
1911	1.4	NA
1913	4.7	NA
1914	1.5	NA
1915	1.5	NA
1916	1.5	NA
1917	4.6	NA
1920	2.4	NA
1922	4.7	NA
1923	3.6	NA
1924	4.6	NA
1925	5	NA
1926	3.7	NA
1928	4.5	NA
1929	1.5	NA
1930	4.3	NA
1931	1.5	NA
1932	1.5	NA
1933	1.4	NA
1937	4.7	NA
1938	3.6	NA
1941	4.6	NA
1945	4.7	NA
1947	4.6	NA
1950	1.6	NA
1951	3.6	NA
1953	4.7	NA
1956	4.7	NA
1957	3.6	NA
1958	1.4	NA
1959	1.4	NA
1960	1.4	NA
1962	1.4	NA
1965	3.7	NA
1966	4.5	NA
1968	4.7	NA
1971	3.5	NA
1973	4.6	NA
1976	4.6	NA
1977	4.7	NA
1979	4.6	NA
1980	4.7	NA
1982	1.4	NA
1983	1.4	NA
1985	1.4	NA
1986	1.5	NA
1990	2.5	NA
1995	3.7	NA
1997	3.7	NA
1998	3.7	NA
2002	4.6	NA
2003	1.5	NA
2010	4.6	NA
2013	1.6	NA
2017	4.7	NA
2021	3.5	NA
2022	2.4	NA
2026	3.5	NA
2028	4.7	NA
2031	4.7	NA
2032	3.6	NA
2033	4.5	NA
2034	2.5	NA
2036	2.5	NA
2039	2.5	NA
2042	4.4	NA
2043	4.8	NA
2044	3.6	NA
2046	1.6	NA
2048	1.5	NA
2050	1.5	NA
2053	3.6	NA
2054	4.6	NA
2057	3.6	NA
2060	4.7	NA
2062	2.5	NA
2063	4.4	NA
2065	4.8	NA
2069	3.5	NA
2071	3.7	NA
2074	3.6	NA
2077	3.5	NA
2083	4.5	NA
2085	3.5	NA
2093	4.7	NA
2095	1.4	NA
2099	3.5	NA
2101	4.8	NA
2106	4.6	NA
2108	1.5	NA
2110	1.5	NA
2111	1.5	NA
2114	4.6	NA
2116	3.5	NA
2120	1.5	NA
2126	4.6	NA
2127	4.7	NA
2128	3.6	NA
2129	4.7	NA
2131	3.6	NA
2133	3.7	NA
2134	4.6	NA
2135	4.7	NA
2137	3.6	NA
2138	5	NA
2140	4.7	NA
2142	1.5	NA
2143	1.5	NA
2147	3.5	NA
2149	3.7	NA
2151	4.6	NA
2152	3.7	NA
2154	4.6	NA
2155	2.5	NA
2156	1.4	NA
2158	3.6	NA
2159	3.5	NA
2160	2.5	NA
2161	3.6	NA
2168	3.6	NA
2169	3.6	NA
2173	3.6	NA
2174	4.7	NA
2177	3.6	NA
2178	4.5	NA
2182	4.7	NA
2185	4.7	NA
2186	4.6	NA
2187	4.6	NA
2189	3.5	NA
2190	4.6	NA
2191	4.7	NA
2193	4.7	NA
2194	4.8	NA
2197	1.4	NA
2200	2.5	NA
2201	3.5	NA
2204	4.6	NA
2206	3.6	NA
2209	4.5	NA
2211	2.6	NA
2214	3.5	NA
2216	3.6	NA
2219	4.7	NA
2220	3.6	NA
2223	3.6	NA
2224	1.5	NA
2225	4.6	NA
2227	3.6	NA
2230	4.7	NA
2237	4.6	NA
2241	2.5	NA
2244	3.6	NA
2245	2.5	NA
2246	3.7	NA
2248	4.6	NA
2249	3.6	NA
2254	4.6	NA
2255	3.7	NA
2256	3.6	NA
2257	4.8	NA
2258	3.4	NA
2262	2.5	NA
2265	3.6	NA
2267	3.7	NA
2268	3.6	NA
2269	3.6	NA
2270	3.6	NA
2271	3.6	NA
2273	5	NA
2276	4.7	NA
2278	3.6	NA
2279	4.5	NA
2280	3.6	NA
2283	3.6	NA
2285	4.7	NA
2290	5	NA
2292	3.6	NA
2293	4.7	NA
2294	3.6	NA
2295	3.6	NA
2296	2.6	NA
2298	3.6	NA
2300	4.7	NA
2301	3.6	NA
2306	2.5	NA
2312	1.6	NA
2313	4.7	NA
2320	3.6	NA
2321	3.7	NA
2323	4.6	NA
2324	3.5	NA
2325	4.7	NA
2326	3.6	NA
2328	4.7	NA
2331	4.6	NA
2335	5	NA
2336	3.6	NA
2337	4.7	NA
2342	2.5	NA
2343	1.5	NA
2345	4.6	NA
2346	4.7	NA
2347	4.7	NA
2349	4.8	NA
2353	2.5	NA
2354	2.6	NA
2355	1.5	NA
2356	2.5	NA
2357	4.6	NA
2361	4.6	NA
2367	3.5	NA
2370	5	NA
2371	4.7	NA
2372	4.6	NA
2373	3.6	NA
2376	3.7	NA
2378	4.6	NA
2379	4.6	NA
2380	4.6	NA
2382	1.5	NA
2384	2.5	NA
2387	3.7	NA
2389	4.8	NA
2390	4.7	NA
2393	3.7	NA
2394	3.6	NA
2395	3.6	NA
2396	4.7	NA
2398	3.7	NA
2399	5	NA
2403	4.6	NA
2406	4.7	NA
2408	4.6	NA
2411	1.4	NA
2412	1.5	NA
2416	3.6	NA
2417	3.6	NA
2418	4.7	NA
2419	4.7	NA
2420	3.5	NA
2421	3.5	NA
2424	2.6	NA
2425	3.5	NA
2427	3.5	NA
2428	4.8	NA
2432	1.5	NA
2433	1.5	NA
2434	4.6	NA
2435	4.6	NA
2437	3.7	NA
2439	3.7	NA
2442	4.6	NA
2443	2.4	NA
2444	4.6	NA
2446	4.7	NA
2448	4.6	NA
2449	4.7	NA
2451	4.6	NA
2452	1.5	NA
2453	1.5	NA
2454	2.5	NA
2460	3.6	NA
2461	4.7	NA
2462	3.7	NA
2463	4.7	NA
2464	3.5	NA
2468	4.6	NA
2469	2.7	NA
2470	4.6	NA
2471	3.6	NA
2473	1.5	NA
2475	1.5	NA
2477	4.8	NA
2478	3.6	NA
2479	5	NA
2480	4.7	NA
2481	4.6	NA
2482	2.6	NA
2483	2.6	NA
2484	2.6	NA
2487	3.6	NA
2489	3.6	NA
2490	3.6	NA
2492	3.5	NA
2493	3.6	NA
2498	4.7	NA
2501	1.5	NA
2502	1.6	NA
2503	1.5	NA
2504	1.5	NA
2507	3.6	NA
2511	4.5	NA
2512	2.5	NA
2513	3.5	NA
2516	4.6	NA
2517	4.7	NA
2519	4.8	NA
2520	4.7	NA
2522	3.6	NA
2523	3.6	NA
2524	3.6	NA
2526	2.5	NA
2528	3.7	NA
2531	3.6	NA
2532	3.7	NA
2533	3.6	NA
2534	3.7	NA
2536	4.7	NA
2537	3.7	NA
2541	4.6	NA
2542	4.6	NA
2546	3.6	NA
2547	3.6	NA
2548	4.8	NA
2550	4.7	NA
2552	3.6	NA
2556	3.7	NA
2558	3.6	NA
2559	3.6	NA
2560	2.6	NA
2562	3.6	NA
2563	4.7	NA
2564	4.6	NA
2565	4.6	NA
2567	3.5	NA
2568	3.5	NA
2570	1.5	NA
2571	3.5	NA
2573	4.6	NA
2575	4.5	NA
2576	4.7	NA
2580	3.5	NA
2581	4.6	NA
2584	3.7	NA
2585	3.6	NA
2586	4.6	NA
2587	2.5	NA
2595	3.6	NA
2598	4.5	NA
2600	4.6	NA
2603	3.6	NA
2605	4.7	NA
2607	4.6	NA
2609	3.7	NA
2610	4.7	NA
2611	3.6	NA
2612	3.6	NA
2613	4.7	NA
2614	3.6	NA
2616	4.6	NA
2617	4.5	NA
2618	3.5	NA
2620	2.4	NA
2621	3.5	NA
2624	4.6	NA
2629	2.4	NA
2631	3.6	NA
2633	4.8	NA
2635	4.8	NA
2639	3.5	NA
2641	4.6	NA
2642	2.4	NA
2644	3.7	NA
2645	3.6	NA
2646	1.4	NA
2647	4.7	NA
2648	1.5	NA
2649	1.5	NA
2652	3.6	NA
2653	3.7	NA
2658	1.5	NA
2659	1.5	NA
2661	1.5	NA
2663	1.5	NA
2665	3.6	NA
2667	4.6	NA
2669	3.5	NA
2671	3.5	NA
2674	4.7	NA
2676	4.7	NA
2677	4.7	NA
2681	4.6	NA
2683	4.7	NA
2685	3.8	NA
2686	4.8	NA
2690	3.6	NA
2693	3.6	NA
2694	3.6	NA
2695	3.7	NA
2697	3.6	NA
2698	2.5	NA
2699	3.6	NA
2700	3.6	NA
2706	1.5	NA
2717	2.5	NA
2719	4.5	NA
2723	3.6	NA
2725	4.6	NA
2727	2.5	NA
2729	1.5	NA
2732	1.5	NA
2733	5	NA
2736	4.7	NA
2737	3.5	NA
2740	3.5	NA
2742	4.7	NA
2743	4.7	NA
2745	3.6	NA
2746	1.5	NA
2747	2.5	NA
2749	4.6	NA
2750	5	NA
2753	4.7	NA
2759	3.6	NA
2760	4.7	NA
2762	3.5	NA
2767	3.6	NA
2769	4.6	NA
2771	3.7	NA
2773	4.6	NA
2780	4.8	NA
2781	4.6	NA
2782	5	NA
2785	4.7	NA
2786	4.7	NA
2790	3.5	NA
2793	4.6	NA
2794	3.4	NA
2796	3.4	NA
2798	4.7	NA
2801	4.7	NA
2804	2.5	NA
2805	1.4	NA
2806	2.5	NA
2808	3.5	NA
2810	4.6	NA
2814	1.5	NA
2816	3.7	NA
2819	3.8	NA
2820	3.6	NA
2823	2.5	NA
2824	1.4	NA
2825	2.6	NA
2826	2.5	NA
2830	4.7	NA
2831	2.4	NA
2832	1.5	NA
2833	2.4	NA
2834	1.5	NA
2835	1.5	NA
2836	3.7	NA
2840	3.7	NA
2841	3.5	NA
2843	2.5	NA
2846	3.6	NA
2847	4.6	NA
2848	4.6	NA
2849	3.5	NA
2852	2.4	NA
2855	4.6	NA
2858	3.5	NA
2859	3.5	NA
2866	3.6	NA
2869	4.5	NA
2871	4.7	NA
2872	4.8	NA
2873	3.6	NA
2876	5	NA
2877	4.7	NA
2878	4.8	NA
2880	5	NA
2882	3.6	NA
2884	4.7	NA
2885	4.5	NA
2887	3.6	NA
2888	3.6	NA
2889	4.7	NA
2892	4.5	NA
2893	4.7	NA
2895	4.6	NA
2897	4.6	NA
2901	4.6	NA
2902	3.6	NA
2904	3.6	NA
2906	2.6	NA
2912	3.5	NA
2914	1.5	NA
2921	2.7	NA
2922	2.7	NA
2923	2.7	NA
2925	2.7	NA
2928	3.7	NA
2929	4.7	NA
2931	2.5	NA
2934	2.5	NA
2940	3.6	NA
2942	3.7	NA
2944	3.6	NA
2946	4.6	NA
2947	4.6	NA
2948	4.7	NA
2949	3.6	NA
2950	1.5	NA
2953	1.5	NA
2954	1.5	NA
2962	3.7	NA
2963	4.7	NA
2973	3.5	NA
2975	4.7	NA
2978	4.7	NA
2979	3.5	NA
2982	3.6	NA
2985	3.6	NA
2986	3.6	NA
2987	3.6	NA
2990	4.6	NA
2991	3.5	NA
2993	3.5	NA
2999	3.6	NA
3000	3.5	NA
3001	1.5	NA
3003	3.6	NA
3004	4.8	NA
3006	3.8	NA
3008	4.6	NA
3009	4.5	NA
3011	3.5	NA
3012	3.5	NA
3013	2.4	NA
3017	4.8	NA
3020	3.5	NA
3021	4.6	NA
3023	3.6	NA
3025	4.7	NA
3026	5	NA
3028	4.6	NA
3029	4.5	NA
3030	4.5	NA
3032	4.6	NA
3034	3.7	NA
3035	4.7	NA
3037	4.6	NA
3040	4.7	NA
3044	4.7	NA
3045	4.7	NA
3048	4.7	NA
3051	4.8	NA
3052	3.6	NA
3053	4.6	NA
3055	4.5	NA
3056	1.6	NA
3057	4.7	NA
3058	3.6	NA
3060	4.7	NA
3063	4.8	NA
3064	3.8	NA
3066	4.6	NA
3067	4.6	NA
3070	4.6	NA
3074	3.7	NA
3075	3.6	NA
3076	3.6	NA
3077	2.5	NA
3078	2.6	NA
3080	4.6	NA
3082	4.6	NA
3083	4.6	NA
3084	2.4	NA
3086	2.4	NA
3087	3.5	NA
3088	4.6	NA
3089	4.6	NA
3090	3.5	NA
3093	1.6	NA
3095	2.5	NA
3096	2.4	NA
3099	3.6	NA
3101	4.8	NA
3103	3.6	NA
3104	3.6	NA
3106	3.6	NA
3108	4.6	NA
3109	5	NA
3112	3.6	NA
3113	4.6	NA
3115	4.6	NA
3116	2.5	NA
3117	2.5	NA
3118	3.7	NA
3119	4.6	NA
3120	4.7	NA
3124	3.5	NA
3125	2.6	NA
3127	4.7	NA
3128	3.5	NA
3131	1.4	NA
3133	2.4	NA
3135	1.4	NA
3136	4.7	NA
3137	3.7	NA
3138	4.7	NA
3139	4.6	NA
3141	3.5	NA
3142	1.5	NA
3144	1.4	NA
3145	1.5	NA
3146	1.5	NA
3147	4.7	NA
3148	3.6	NA
3149	4.7	NA
3151	3.6	NA
3152	3.6	NA
3154	3.6	NA
3155	3.7	NA
3159	4.7	NA
3160	3.5	NA
3163	4.6	NA
3167	3.6	NA
3168	3.6	NA
3169	4.8	NA
3171	3.6	NA
3172	3.5	NA
3173	4.5	NA
3175	4.6	NA
3176	4.7	NA
3177	3.7	NA
3178	4.7	NA
3179	4.7	NA
3180	4.6	NA
3183	3.6	NA
3184	3.6	NA
3185	5	NA
3189	1.5	NA
3190	1.5	NA
3191	2.6	NA
3193	2.6	NA
3194	4.7	NA
3195	4.7	NA
3196	4.8	NA
3197	3.7	NA
3198	3.6	NA
3199	4.6	NA
3204	3.6	NA
3205	4.8	NA
3206	3.7	NA
3207	4.6	NA
3209	4.5	NA
3210	3.6	NA
3211	3.6	NA
3212	5	NA
3215	4.7	NA
3216	4.6	NA
3219	2.4	NA
3220	4.6	NA
3225	3.6	NA
3226	1.6	NA
3229	3.6	NA
3231	4.7	NA
3233	4.7	NA
3234	1.6	NA
3235	3.6	NA
3236	3.6	NA
3237	3.5	NA
3239	5	NA
3240	4.7	NA
3241	4.7	NA
3244	1.4	NA
3245	4.7	NA
3246	3.7	NA
3247	4.7	NA
3249	3.7	NA
3251	3.6	NA
3259	5	NA
3263	5	NA
3266	3.6	NA
3267	3.6	NA
3268	4.7	NA
3269	4.8	NA
3270	3.6	NA
3276	3.6	NA
3279	3.5	NA
3282	3.5	NA
3284	4.6	NA
3289	3.6	NA
3290	2.5	NA
3293	1.4	NA
3295	4.8	NA
3296	3.7	NA
3297	4.7	NA
3300	2.5	NA
3301	2.5	NA
3302	4.6	NA
3305	4.6	NA
3306	4.7	NA
3307	3.5	NA
3308	4.8	NA
3309	4.7	NA
3310	2.6	NA
3312	2.5	NA
3315	4.7	NA
3317	3.7	NA
3318	3.7	NA
3320	4.6	NA
3323	3.5	NA
3326	4.5	NA
3328	4.8	NA
3331	1.5	NA
3333	1.5	NA
3334	2.6	NA
3335	4.8	NA
3337	4.7	NA
3341	3.5	NA
3343	3.6	NA
3348	4.7	NA
3350	3.5	NA
3352	2.4	NA
3354	4.6	NA
3355	4.7	NA
3360	3.6	NA
3365	3.6	NA
3377	4.7	NA
3379	1.5	NA
3380	1.5	NA
3381	3.5	NA
3383	1.6	NA
3387	4.7	NA
3388	3.5	NA
3390	3.4	NA
3391	3.4	NA
3392	3.6	NA
3393	4.8	NA
3394	3.8	NA
3399	1.5	NA
3401	1.5	NA
3402	4.7	NA
3403	4.6	NA
3404	5	NA
3406	2.5	NA
3408	4.7	NA
3409	4.6	NA
3410	4.7	NA
3415	3.7	NA
3417	3.6	NA
3419	3.6	NA
3421	3.6	NA
3423	3.6	NA
3430	3.5	NA
3431	3.5	NA
3434	3.6	NA
3439	4.6	NA
3441	4.6	NA
3442	3.7	NA
3445	3.6	NA
3446	1.5	NA
3447	4.6	NA
3449	4.6	NA
3450	4.6	NA
3455	3.7	NA
3456	4.6	NA
3457	4.6	NA
3458	3.6	NA
3463	3.6	NA
3464	3.7	NA
3466	5	NA
3469	4.7	NA
3470	1.5	NA
3473	3.6	NA
3474	3.5	NA
3475	1.4	NA
3476	1.4	NA
3477	1.5	NA
3478	1.5	NA
3481	3.5	NA
3482	4.6	NA
3483	3.8	NA
3489	3.6	NA
3490	3.4	NA
3493	4.7	NA
3497	3.7	NA
3498	4.7	NA
3499	3.6	NA
3502	3.6	NA
3506	4.5	NA
3509	2.5	NA
3513	4.7	NA
3515	4.6	NA
3519	3.6	NA
3520	3.5	NA
3521	3.6	NA
3522	4.7	NA
3523	3.5	NA
3524	4.6	NA
3525	4.7	NA
3526	2.6	NA
3527	3.5	NA
3531	1.5	NA
3532	4.6	NA
3535	4.6	NA
3540	1.6	NA
3545	3.5	NA
3550	3.5	NA
3551	3.5	NA
3553	4.7	NA
3555	4.7	NA
3557	1.4	NA
3558	3.6	NA
3559	1.5	NA
3560	1.4	NA
3562	3.6	NA
3563	3.7	NA
3564	4.6	NA
3570	4.5	NA
3573	1.4	NA
3575	4.7	NA
3578	4.7	NA
3581	3.7	NA
3583	3.7	NA
3585	3.6	NA
3587	3.7	NA
3588	3.6	NA
3590	4.5	NA
3591	3.6	NA
3593	4.8	NA
3594	2.5	NA
3595	5	NA
3596	4.7	NA
3597	1.5	NA
3599	4.6	NA
3600	4.5	NA
3601	4.6	NA
3604	4.6	NA
3605	3.6	NA
3606	4.7	NA
3608	5	NA
3609	4.8	NA
3610	3.6	NA
3612	4.5	NA
3613	2.6	NA
3615	4.7	NA
3616	4.6	NA
3617	4.6	NA
3619	4.5	NA
3621	4.6	NA
3622	4.5	NA
3628	3.6	NA
3631	1.5	NA
3632	3.5	NA
3634	3.5	NA
3636	3.6	NA
3637	4.6	NA
3641	3.6	NA
3642	3.5	NA
3644	2.7	NA
3645	2.6	NA
3648	4.7	NA
3652	3.4	NA
3654	1.3	NA
3655	2.3	NA
3656	2.3	NA
3659	4.6	NA
3660	3.6	NA
3662	1.5	NA
3663	1.5	NA
3664	1.5	NA
3665	1.5	NA
3667	4.7	NA
3671	4.5	NA
3674	3.5	NA
3675	4.5	NA
3676	3.5	NA
3677	4.7	NA
3678	1.5	NA
3679	5	NA
3681	4.7	NA
3683	1.5	NA
3688	4.7	NA
3698	3.7	NA
3700	4.6	NA
3704	4.5	NA
3706	4.6	NA
3714	4.7	NA
3715	3.7	NA
3716	4.8	NA
3717	3.6	NA
3722	4.7	NA
3723	1.5	NA
3724	3.5	NA
3726	2.4	NA
3729	4.7	NA
3730	3.6	NA
3731	5	NA
3732	3.6	NA
3734	3.5	NA
3735	3.5	NA
3738	3.5	NA
3741	4.7	NA
3744	3.6	NA
3745	4.5	NA
3749	3.7	NA
3754	3.6	NA
3757	1.5	NA
3760	3.6	NA
3763	4.7	NA
3764	4.6	NA
3768	4.7	NA
3769	3.6	NA
3771	4.7	NA
3772	4.6	NA
3773	4.7	NA
3775	3.5	NA
3778	3.5	NA
3782	3.6	NA
3786	3.5	NA
3787	3.4	NA
3791	4.6	NA
3792	4.7	NA
3793	3.7	NA
3794	3.6	NA
3796	2.5	NA
3798	4.7	NA
3802	3.5	NA
3806	2.6	NA
3808	2.6	NA
3810	4.6	NA
3811	3.6	NA
3813	3.6	NA
3815	4.5	NA
3816	3.8	NA
3817	4.6	NA
3818	3.6	NA
3819	5	NA
3822	3.7	NA
3824	3.6	NA
3829	4.7	NA
3830	3.6	NA
3832	5	NA
3833	3.6	NA
3835	4.7	NA
3837	4.7	NA
3841	3.6	NA
3842	3.7	NA
3843	4.8	NA
3848	3.6	NA
3849	2.5	NA
3850	4.6	NA
3851	1.5	NA
3854	4.7	NA
3858	4.7	NA
3859	1.6	NA
3863	1.5	NA
3865	4.8	NA
3867	4.8	NA
3875	3.5	NA
3876	4.7	NA
3877	3.5	NA
3878	4.7	NA
3879	4.6	NA
3881	3.5	NA
3888	3.6	NA
3889	2.5	NA
3890	3.6	NA
3891	1.5	NA
3894	4.7	NA
3896	4.6	NA
3900	3.6	NA
3902	3.6	NA
3906	2.4	NA
3907	4.6	NA
3911	4.6	NA
3913	3.4	NA
3916	3.5	NA
3918	3.5	NA
3919	1.4	NA
3923	3.6	NA
3925	4.6	NA
3926	4.7	NA
3927	3.5	NA
3928	1.4	NA
3931	3.5	NA
3932	3.6	NA
3933	3.5	NA
3937	3.6	NA
3944	4.7	NA
3945	4.7	NA
3946	4.7	NA
3950	4.7	NA
3952	5	NA
3953	3.5	NA
3954	4.7	NA
3959	2.4	NA
3960	4.7	NA
3962	4.7	NA
3963	4.7	NA
3964	3.7	NA
3965	4.7	NA
3966	3.6	NA
3967	4.6	NA
3968	3.5	NA
3969	4.6	NA
3971	4.6	NA
3974	3.5	NA
3975	3.5	NA
3977	3.5	NA
3978	3.6	NA
3979	3.5	NA
3981	5	NA
3983	5	NA
3988	3.6	NA
3991	3.6	NA
3997	1.5	NA
4000	1.6	NA
4003	3.5	NA
4005	4.7	NA
4008	4.7	NA
4009	3.6	NA
4010	3.6	NA
4016	3.6	NA
4018	4.6	NA
4019	2.6	NA
4022	2.6	NA
4023	3.7	NA
4024	4.7	NA
4025	4.6	NA
4026	4.7	NA
4027	4.7	NA
4029	4.7	NA
4030	4.6	NA
4032	2.6	NA
4035	2.6	NA
4039	4.6	NA
4042	4.5	NA
4044	4.5	NA
4048	3.6	NA
4051	4.6	NA
4052	1.5	NA
4053	4.6	NA
4055	3.6	NA
4057	3.6	NA
4059	3.6	NA
4064	4.8	NA
4070	3.5	NA
4073	3.6	NA
4075	3.7	NA
4077	4.7	NA
4078	5	NA
4080	4.7	NA
4081	4.7	NA
4082	5	NA
4089	4.6	NA
4091	1.5	NA
4092	2.5	NA
4093	2.6	NA
4095	2.4	NA
4096	4.5	NA
4097	4.6	NA
4098	4.7	NA
4099	3.7	NA
4101	3.7	NA
4103	2.5	NA
4104	2.6	NA
4106	2.7	NA
4107	4.5	NA
4110	3.6	NA
4111	4.5	NA
4116	4.6	NA
4121	1.4	NA
4122	2.5	NA
4124	2.6	NA
4128	3.6	NA
4129	4.7	NA
4130	4.6	NA
4131	4.6	NA
4138	4.7	NA
4139	4.6	NA
4143	3.5	NA
4144	3.5	NA
4150	3.6	NA
4151	1.5	NA
4153	3.6	NA
4158	4.5	NA
4159	1.5	NA
4160	3.5	NA
4161	3.5	NA
4166	3.8	NA
4167	3.6	NA
4169	3.5	NA
4170	3.6	NA
4171	4.6	NA
4172	3.7	NA
4175	3.6	NA
4177	1.4	NA
4180	1.6	NA
4182	3.6	NA
4184	3.6	NA
4186	3.6	NA
4188	1.5	NA
4189	1.6	NA
4190	1.5	NA
4192	2.5	NA
4198	1.5	NA
4200	3.6	NA
4201	4.7	NA
4203	4.6	NA
4204	3.8	NA
4206	3.6	NA
4208	3.6	NA
4210	5	NA
4211	3.6	NA
4215	1.5	NA
4217	1.4	NA
4218	1.5	NA
4222	4.7	NA
4224	1.3	NA
4225	4.4	NA
4226	2.3	NA
4227	4.4	NA
4229	3.7	NA
4230	4.6	NA
4233	1.4	NA
4234	4.5	NA
4237	4.5	NA
4240	4.6	NA
4241	1.5	NA
4243	4.6	NA
4245	4.6	NA
4249	4.5	NA
4250	3.5	NA
4255	1.4	NA
4256	2.5	NA
4258	3.7	NA
4261	1.6	NA
4262	1.5	NA
4263	4.5	NA
4264	1.5	NA
4268	4.7	NA
4270	4.7	NA
4271	4.7	NA
4273	3.6	NA
4276	3.8	NA
4278	4.8	NA
4281	3.6	NA
4285	3.6	NA
4286	3.7	NA
4292	3.6	NA
4293	4.6	NA
4294	3.5	NA
4296	2.5	NA
4297	4.6	NA
4298	3.5	NA
4300	1.4	NA
4302	4.7	NA
4303	3.6	NA
4309	1.4	NA
4310	1.5	NA
4311	3.7	NA
4313	3.7	NA
4314	3.7	NA
4317	1.5	NA
4319	3.6	NA
4324	4.6	NA
4326	3.5	NA
4327	4.6	NA
4331	3.5	NA
4332	4.7	NA
4333	3.7	NA
4334	3.7	NA
4337	1.6	NA
4343	3.6	NA
4345	3.6	NA
4352	3.5	NA
4353	4.6	NA
4355	1.4	NA
4356	1.4	NA
4358	1.3	NA
4362	3.6	NA
4366	3.6	NA
4367	1.5	NA
4368	3.5	NA
4372	4.7	NA
4373	5	NA
4374	3.6	NA
4375	2.5	NA
4380	5	NA
4383	3.6	NA
4384	5	NA
4389	5	NA
4391	4.7	NA
4397	4.6	NA
4399	3.6	NA
4400	5	NA
4402	3.6	NA
4403	4.7	NA
4404	5	NA
4405	3.6	NA
4406	5	NA
4409	4.8	NA
4413	3.5	NA
4415	3.5	NA
4416	4.7	NA
4419	4.7	NA
4420	3.5	NA
4421	3.6	NA
4422	3.5	NA
4423	2.5	NA
4424	3.5	NA
4425	3.5	NA
4427	4.6	NA
4428	4.6	NA
4430	2.5	NA
4433	3.6	NA
4434	4.7	NA
4435	3.6	NA
4436	4.7	NA
4437	3.6	NA
4438	1.5	NA
4441	1.4	NA
4444	3.6	NA
4448	1.5	NA
4449	1.5	NA
4450	1.4	NA
4451	1.5	NA
4452	4.8	NA
4453	3.7	NA
4455	4.7	NA
4456	3.5	NA
4459	2.5	NA
4460	4.6	NA
4461	4.7	NA
4462	3.6	NA
4463	4.6	NA
4465	3.6	NA
4466	1.4	NA
4467	1.5	NA
4470	4.7	NA
4474	1.5	NA
4475	1.5	NA
4476	1.5	NA
4478	1.6	NA
4479	4.7	NA
4480	4.7	NA
4482	3.7	NA
4483	1.5	NA
4484	1.5	NA
4485	1.5	NA
4488	3.7	NA
4489	3.6	NA
4491	3.6	NA
4493	3.6	NA
4494	3.7	NA
4495	1.5	NA
4496	3.7	NA
4499	5	NA
4500	4.7	NA
4502	3.5	NA
4504	1.5	NA
4506	4.5	NA
4508	3.6	NA
4510	3.7	NA
4512	1.6	NA
4518	3.6	NA
4521	4.5	NA
4527	3.6	NA
4528	4.7	NA
4530	1.6	NA
4531	1.5	NA
4532	1.6	NA
4533	1.5	NA
4535	4.8	NA
4536	4.7	NA
4537	4.8	NA
4538	3.6	NA
4539	4.6	NA
4542	4.5	NA
4543	3.5	NA
4547	3.6	NA
4548	1.5	NA
4550	5	NA
4552	3.7	NA
4554	3.7	NA
4555	4.7	NA
4557	1.4	NA
4560	3.6	NA
4561	3.6	NA
4563	3.5	NA
4566	3.5	NA
4568	4.5	NA
4571	4.8	NA
4572	2.3	NA
4575	1.4	NA
4576	1.5	NA
4577	1.4	NA
4578	2.3	NA
4582	1.5	NA
4584	1.5	NA
4586	5	NA
4587	4.7	NA
4589	4.6	NA
4591	4.5	NA
4592	4.7	NA
4593	3.4	NA
4594	3.5	NA
4598	5	NA
4599	2.6	NA
4600	3.6	NA
4602	3.6	NA
4603	1.5	NA
4604	5	NA
4607	5	NA
4608	3.6	NA
4609	4.7	NA
4613	5	NA
4618	3.7	NA
4620	3.5	NA
4621	3.6	NA
4622	4.6	NA
4623	3.6	NA
4624	3.6	NA
4625	2.6	NA
4627	4.6	NA
4628	4.6	NA
4629	1.4	NA
4631	1.3	NA
4639	3.5	NA
4640	4.6	NA
4641	3.5	NA
4642	4.7	NA
4645	4.7	NA
4647	4.7	NA
4649	4.7	NA
4654	4.7	NA
4655	4.7	NA
4657	1.4	NA
4658	1.5	NA
4667	4.6	NA
4670	3.7	NA
4672	4.7	NA
4675	4.6	NA
4676	3.7	NA
4677	4.6	NA
4678	4.6	NA
4682	4.7	NA
4684	4.6	NA
4690	4.6	NA
4691	4.7	NA
4692	4.6	NA
4693	4.6	NA
4694	3.5	NA
4695	3.5	NA
4698	3.5	NA
4703	4.8	NA
4704	4.7	NA
4705	4.7	NA
4706	4.8	NA
4708	4.6	NA
4709	3.8	NA
4714	4.6	NA
4715	3.4	NA
4719	3.7	NA
4721	3.6	NA
4722	1.5	NA
4723	1.4	NA
4726	1.5	NA
4727	1.5	NA
4730	4.8	NA
4732	4.6	NA
4733	3.5	NA
4736	4.6	NA
4737	4.7	NA
4738	4.8	NA
4739	4.7	NA
4741	4.7	NA
4744	4.6	NA
4747	4.6	NA
4748	4.6	NA
4749	3.7	NA
4750	4.7	NA
4751	3.6	NA
4754	2.4	NA
4757	4.8	NA
4758	3.7	NA
4765	1.5	NA
4768	4.7	NA
4770	1.5	NA
4772	1.5	NA
4773	1.5	NA
4775	4.5	NA
4778	3.7	NA
4779	4.7	NA
4781	4.5	NA
4783	4.7	NA
4784	5	NA
4785	3.8	NA
4786	1.5	NA
4787	3.6	NA
4789	1.4	NA
4791	1.4	NA
4792	3.5	NA
4801	4.7	NA
4804	3.7	NA
4809	3.5	NA
4818	3.6	NA
4827	4.7	NA
4828	4.7	NA
4829	3.5	NA
4830	4.7	NA
4833	1.5	NA
4834	3.6	NA
4835	3.7	NA
4837	1.6	NA
4838	1.6	NA
4840	1.4	NA
4841	1.6	NA
4846	1.5	NA
4850	1.5	NA
4854	3.6	NA
4856	3.5	NA
4861	4.6	NA
4862	4.7	NA
4864	1.5	NA
4865	1.3	NA
4868	1.5	NA
4870	3.6	NA
4871	5	NA
4873	5	NA
4875	3.7	NA
4876	3.5	NA
4878	4.5	NA
4884	4.6	NA
4887	4.7	NA
4889	3.5	NA
4890	4.6	NA
4892	2.4	NA
4893	2.5	NA
4894	1.4	NA
4895	3.5	NA
4896	3.6	NA
4897	3.6	NA
4899	3.6	NA
4902	1.5	NA
4904	1.6	NA
4906	4.6	NA
4907	4.6	NA
4908	3.7	NA
4909	1.4	NA
4910	1.4	NA
4914	5	NA
4917	3.7	NA
4923	4.7	NA
4924	4.7	NA
4925	4.7	NA
4927	1.6	NA
4930	1.5	NA
4931	1.5	NA
4935	4.7	NA
4936	4.7	NA
4939	3.6	NA
4943	3.5	NA
4945	4.6	NA
4952	1.5	NA
4955	4.7	NA
4956	4.8	NA
4958	3.5	NA
4962	1.5	NA
4969	1.5	NA
4972	4.6	NA
4973	4.6	NA
4976	1.4	NA
4979	1.4	NA
4980	1.4	NA
4984	3.6	NA
4986	1.5	NA
4987	1.5	NA
4988	1.4	NA
4993	4.7	NA
4994	1.5	NA
4995	1.5	NA
4999	4.7	NA
5001	4.7	NA
5004	2.5	NA
5006	4.6	NA
5008	4.6	NA
5009	3.6	NA
5013	3.5	NA
5016	3.6	NA
5019	3.7	NA
5020	4.6	NA
5021	3.7	NA
5028	3.7	NA
5029	4.7	NA
5034	4.7	NA
5035	4.7	NA
5036	3.6	NA
5038	4.8	NA
5041	4.5	NA
5042	3.6	NA
5043	3.5	NA
5044	2.5	NA
5054	1.5	NA
5055	1.5	NA
5057	4.6	NA
5059	3.7	NA
5061	3.7	NA
5062	1.5	NA
5063	4.6	NA
5065	3.7	NA
5066	5	NA
5067	4.7	NA
5068	4.6	NA
5069	4.6	NA
5070	1.4	NA
5071	1.4	NA
5075	5	NA
5076	3.6	NA
5077	4.5	NA
5084	4.7	NA
5087	4.7	NA
5088	1.5	NA
5090	1.5	NA
5093	4.7	NA
5094	4.7	NA
5095	4.6	NA
5098	1.5	NA
5099	1.6	NA
5101	1.6	NA
5103	3.7	NA
5104	3.7	NA
5106	3.6	NA
5108	4.5	NA
5111	4.7	NA
5112	3.7	NA
5118	2.2	NA
5120	5	NA
5122	5	NA
5126	5	NA
5128	1.6	NA
5129	4.7	NA
5130	3.7	NA
5131	4.6	NA
5138	3.7	NA
5140	3.6	NA
5143	1.5	NA
5144	1.5	NA
5146	1.5	NA
5150	3.6	NA
5151	1.5	NA
5152	1.4	NA
5156	4.7	NA
5157	3.6	NA
5158	4.6	NA
5159	4.6	NA
5162	3.5	NA
5164	2.5	NA
5165	3.7	NA
5168	4.7	NA
5170	1.5	NA
5172	1.4	NA
5173	1.5	NA
5174	5	NA
5179	4.7	NA
5180	5	NA
5181	3.6	NA
5182	4.7	NA
5183	2.5	NA
5184	4.7	NA
5185	4.7	NA
5188	1.4	NA
5190	1.5	NA
5192	2.6	NA
5193	3.5	NA
5194	4.6	NA
5196	1.4	NA
5200	1.5	NA
5202	3.6	NA
5205	2.5	NA
5207	2.5	NA
5209	3.6	NA
5210	5	NA
5211	3.6	NA
5213	4.7	NA
5214	1.5	NA
5217	1.4	NA
5218	1.4	NA
5221	3.6	NA
5222	3.8	NA
5224	2.5	NA
5228	1.7	NA
5229	3.5	NA
5230	4.6	NA
5233	3.5	NA
5235	1.4	NA
5237	4.7	NA
5240	4.8	NA
5241	3.5	NA
5243	3.5	NA
5245	3.5	NA
5250	3.6	NA
5252	1.5	NA
5255	5	NA
5257	4.7	NA
5259	4.6	NA
5265	3.7	NA
5266	4.8	NA
5268	4.7	NA
5270	3.6	NA
5271	5	NA
5272	4.8	NA
5273	3.6	NA
5274	3.6	NA
5275	4.5	NA
5279	4.8	NA
5280	3.5	NA
5281	3.6	NA
5283	3.6	NA
5284	4.7	NA
5285	3.7	NA
5286	4.7	NA
5287	3.4	NA
5289	3.6	NA
5290	4.7	NA
5292	3.7	NA
5293	4.8	NA
5295	1.5	NA
5297	1.4	NA
5299	1.4	NA
5300	4.5	NA
5301	3.6	NA
5302	4.5	NA
5305	4.6	NA
5307	2.5	NA
5308	3.6	NA
5309	5	NA
5312	3.7	NA
5315	4.5	NA
5316	3.5	NA
5320	5	NA
5322	1.5	NA
5323	2.5	NA
5326	2.6	NA
5328	3.7	NA
5330	3.6	NA
5331	4.7	NA
5332	3.6	NA
5336	4.5	NA
5337	3.7	NA
5339	4.7	NA
5343	3.5	NA
5344	1.5	NA
5353	4.7	NA
5354	5	NA
5355	4.7	NA
5360	1.5	NA
5364	3.6	NA
5365	4.7	NA
5366	4.7	NA
5367	4.6	NA
5368	1.6	NA
5371	2.6	NA
5375	4.7	NA
5381	4.5	NA
5382	4.7	NA
5386	3.5	NA
5388	3.6	NA
5390	4.8	NA
5392	4.8	NA
5394	4.7	NA
5396	4.7	NA
5400	3.6	NA
5402	3.7	NA
5403	1.5	NA
5408	5	NA
5410	4.7	NA
5412	2.6	NA
5413	3.6	NA
5416	3.6	NA
5417	4.8	NA
5418	3.8	NA
5421	1.4	NA
5422	1.4	NA
5424	1.5	NA
5425	1.5	NA
5428	3.7	NA
5430	3.6	NA
5431	4.7	NA
5433	3.6	NA
5438	4.6	NA
5441	1.5	NA
5442	3.5	NA
5444	5	NA
5445	3.6	NA
5448	5	NA
5450	1.5	NA
5451	3.5	NA
5452	3.7	NA
5453	4.7	NA
5465	3.6	NA
5469	2.5	NA
5470	3.6	NA
5472	3.7	NA
5473	5	NA
5475	1.5	NA
5479	1.5	NA
5481	4.7	NA
5482	4.8	NA
5484	4.7	NA
5485	5	NA
5486	2.6	NA
5488	2.7	NA
5490	3.6	NA
5493	2.5	NA
5494	1.5	NA
5499	3.7	NA
5506	1.6	NA
5508	2.6	NA
5509	4.7	NA
5511	4.7	NA
5515	3.6	NA
5516	4.6	NA
5517	4.7	NA
5519	3.7	NA
5524	3.5	NA
5527	4.6	NA
5528	4.7	NA
5529	3.5	NA
5536	2.7	NA
5539	2.6	NA
5541	4.6	NA
5542	2.6	NA
5543	4.7	NA
5544	3.6	NA
5547	2.5	NA
5550	1.5	NA
5551	3.6	NA
5557	1.5	NA
5559	1.5	NA
5562	3.6	NA
5564	3.7	NA
5566	3.5	NA
5567	1.4	NA
5570	3.7	NA
5571	3.8	NA
5572	4.8	NA
5573	3.8	NA
5574	3.5	NA
5576	4.6	NA
5577	2.5	NA
5578	2.6	NA
5579	4.8	NA
5581	3.7	NA
5583	3.6	NA
5585	3.5	NA
5589	3.7	NA
5590	4.7	NA
5592	4.6	NA
5594	5	NA
5596	4.7	NA
5597	3.6	NA
5598	3.4	NA
5599	4.7	NA
5600	3.6	NA
5601	1.5	NA
5605	4.6	NA
5606	4.6	NA
5611	1.5	NA
5616	3.7	NA
5622	2.5	NA
5625	3.6	NA
5626	3.7	NA
5628	3.7	NA
5629	3.4	NA
5630	4.5	NA
5631	3.6	NA
5635	4.7	NA
5636	3.7	NA
5638	2.5	NA
5639	4.5	NA
5644	4.8	NA
5648	2.5	NA
5649	2.6	NA
5650	3.6	NA
5652	4.7	NA
5654	4.7	NA
5655	1.6	NA
5658	1.6	NA
5660	4.8	NA
5661	4.7	NA
5662	3.6	NA
5665	2.6	NA
5666	4.6	NA
5667	3.6	NA
5669	4.7	NA
5670	3.7	NA
5672	4.7	NA
5673	4.7	NA
5674	4.7	NA
5681	3.5	NA
5682	2.5	NA
5684	3.6	NA
5685	3.6	NA
5686	4.7	NA
5688	4.7	NA
5689	4.8	NA
5690	3.6	NA
5692	2.5	NA
5699	4.7	NA
5700	4.6	NA
5702	5	NA
5703	3.5	NA
5704	3.6	NA
5705	4.7	NA
5707	4.7	NA
5708	3.6	NA
5709	1.6	NA
5711	1.6	NA
5713	4.6	NA
5714	4.7	NA
5715	3.5	NA
5716	4.7	NA
5719	4.6	NA
5720	4.6	NA
5721	3.5	NA
5723	3.6	NA
5724	4.7	NA
5726	4.7	NA
5727	5	NA
5729	3.6	NA
5730	3.7	NA
5731	3.7	NA
5734	4.6	NA
5735	3.6	NA
5738	1.5	NA
5743	4.8	NA
5746	3.6	NA
5748	2.7	NA
5754	1.6	NA
5757	3.5	NA
5759	4.6	NA
5760	4.7	NA
5763	3.7	NA
5766	2.4	NA
5767	1.4	NA
5769	1.5	NA
5771	4.7	NA
5774	3.7	NA
5775	3.6	NA
5778	4.7	NA
5780	3.8	NA
5782	4.7	NA
5783	1.5	NA
5784	1.5	NA
5785	1.5	NA
5786	1.5	NA
5789	3.6	NA
5790	4.6	NA
5793	3.6	NA
5795	3.6	NA
5796	3.7	NA
5798	2.5	NA
5800	3.6	NA
5802	1.4	NA
5803	1.6	NA
5804	2.5	NA
5805	1.6	NA
5807	3.7	NA
5808	4.7	NA
5809	4.7	NA
5814	1.6	NA
5817	4.8	NA
5818	3.6	NA
5827	4.7	NA
5830	4.6	NA
5831	4.8	NA
5832	3.7	NA
5833	4.7	NA
5837	1.6	NA
5838	1.4	NA
5840	1.4	NA
5843	3.7	NA
5844	4.8	NA
5849	3.7	NA
5854	3.8	NA
5856	4.6	NA
5858	3.6	NA
5862	4.7	NA
5863	3.8	NA
5866	3.5	NA
5868	4.5	NA
5869	4.8	NA
5870	3.6	NA
5871	4.7	NA
5873	3.6	NA
5877	4.7	NA
5878	4.8	NA
5880	4.7	NA
5881	3.6	NA
5884	4.7	NA
5888	3.7	NA
5889	4.7	NA
5891	1.4	NA
5892	2.4	NA
5893	1.4	NA
5896	4.8	NA
5897	3.7	NA
5903	4.6	NA
5908	4.7	NA
5910	1.5	NA
5912	2.4	NA
5913	3.5	NA
5915	4.7	NA
5916	4.5	NA
5917	3.6	NA
5921	1.5	NA
5925	4.6	NA
5926	3.6	NA
5927	1.4	NA
5929	1.4	NA
5932	4.5	NA
5933	4.6	NA
5934	3.6	NA
5935	3.8	NA
5939	3.6	NA
5940	4.6	NA
5942	4.7	NA
5945	3.6	NA
5946	4.5	NA
5949	3.5	NA
5950	3.5	NA
5951	3.5	NA
5953	3.6	NA
5954	3.7	NA
5957	3.6	NA
5958	3.6	NA
5959	3.6	NA
5961	3.8	NA
5962	3.6	NA
5963	3.7	NA
5967	1.3	NA
5969	1.4	NA
5971	1.4	NA
5972	3.7	NA
5973	3.8	NA
5974	3.5	NA
5980	3.6	NA
5981	2.5	NA
5984	4.7	NA
5985	4.8	NA
5993	4.7	NA
5994	4.7	NA
5995	2.6	NA
5997	4.8	NA
5998	3.6	NA
5999	3.6	NA
6002	3.6	NA
6003	4.8	NA
6004	3.6	NA
6008	3.5	NA
6009	3.5	NA
6010	2.5	NA
6011	3.4	NA
6012	1.5	NA
6013	2.5	NA
6016	3.6	NA
6018	4.6	NA
6019	3.7	NA
6021	3.7	NA
6023	1.5	NA
6024	3.7	NA
6025	4.8	NA
6026	3.7	NA
6031	2.6	NA
6033	3.5	NA
6034	5	NA
6036	4.8	NA
6039	3.5	NA
6040	3.6	NA
6043	3.5	NA
6046	3.6	NA
6048	3.6	NA
6049	1.5	NA
6055	4.6	NA
6057	3.7	NA
6058	2.5	NA
6059	2.4	NA
6062	3.5	NA
6063	4.6	NA
6064	4.7	NA
6066	5	NA
6067	4.6	NA
6069	3.4	NA
6070	1.5	NA
6071	1.4	NA
6073	2.4	NA
6074	4.8	NA
6076	4.7	NA
6079	3.5	NA
6081	3.5	NA
6087	3.6	NA
6089	3.6	NA
6090	3.6	NA
6091	3.6	NA
6094	4.7	NA
6097	3.5	NA
6100	4.6	NA
6102	4.7	NA
6107	2.5	NA
6110	3.5	NA
6111	2.5	NA
6113	3.5	NA
6114	4.7	NA
6115	3.6	NA
6116	4.6	NA
6118	4.6	NA
6121	3.6	NA
6124	3.5	NA
6125	4.6	NA
6126	4.7	NA
6129	4.5	NA
6130	3.4	NA
6132	3.8	NA
6134	3.6	NA
6138	2.3	NA
6139	2.6	NA
6140	3.5	NA
6141	4.5	NA
6142	2.6	NA
6143	4.8	NA
6148	1.5	NA
6149	3.6	NA
6151	1.6	NA
6156	1.4	NA
6162	4.5	NA
6163	3.8	NA
6165	4.6	NA
6166	4.6	NA
6167	4.6	NA
6168	3.5	NA
6172	3.7	NA
6173	4.6	NA
6177	1.4	NA
6181	1.4	NA
6182	1.4	NA
6184	3.7	NA
6189	3.5	NA
6190	3.5	NA
6192	4.7	NA
6196	2.5	NA
6201	4.7	NA
6204	4.5	NA
6207	1.4	NA
6210	2.4	NA
6216	2.5	NA
6217	3.5	NA
6220	3.6	NA
6221	4.8	NA
6222	4.7	NA
6223	4.7	NA
6226	2.4	NA
6227	3.4	NA
6229	3.5	NA
6230	3.7	NA
6235	2.4	NA
6237	2.4	NA
6238	2.5	NA
6240	4.5	NA
6244	2.6	NA
6245	1.5	NA
6247	2.5	NA
6251	3.6	NA
6252	4.6	NA
6254	2.5	NA
6255	3.6	NA
6256	4.6	NA
6257	4.6	NA
6260	3.7	NA
6261	4.7	NA
6262	3.6	NA
6264	4.5	NA
6265	4.6	NA
6268	4.8	NA
6269	3.5	NA
6270	4.8	NA
6271	4.7	NA
6273	3.6	NA
6274	3.6	NA
6275	1.4	NA
6276	3.6	NA
6277	4.7	NA
6279	3.6	NA
6281	4.7	NA
6282	4.7	NA
6283	3.5	NA
6284	3.6	NA
6285	3.6	NA
6289	4.7	NA
6294	3.3	NA
6296	3.3	NA
6298	4.5	NA
6303	3.6	NA
6304	2.4	NA
6312	3.5	NA
6314	2.5	NA
6320	2.5	NA
6322	2.5	NA
6323	2.6	NA
6324	4.7	NA
6325	4.6	NA
6328	2.8	NA
6329	3.5	NA
6331	3.5	NA
6332	1.4	NA
6339	4.7	NA
6340	4.6	NA
6341	3.4	NA
6343	3.5	NA
6351	3.5	NA
6352	3.7	NA
6354	3.7	NA
6355	4.6	NA
6356	4.7	NA
6361	4.6	NA
6364	4.7	NA
6365	4.7	NA
6367	3.7	NA
6369	2.5	NA
6371	2.5	NA
6374	3.5	NA
6376	4.6	NA
6378	3.5	NA
6379	3.6	NA
6380	3.5	NA
6383	3.5	NA
6384	3.6	NA
6388	4.7	NA
6389	4.8	NA
6391	2.4	NA
6393	2.4	NA
6398	3.6	NA
6399	3.5	NA
6400	1.6	NA
6401	1.5	NA
6403	3.5	NA
6406	3.5	NA
6408	4.6	NA
6409	3.5	NA
6410	1.5	NA
6413	1.4	NA
6414	1.5	NA
6415	5	NA
6416	3.6	NA
6418	4.7	NA
6422	1.4	NA
6425	3.4	NA
6427	3.6	NA
6428	4.7	NA
6430	3.6	NA
6431	2.5	NA
6433	3.5	NA
6435	2.5	NA
6436	3.5	NA
6437	4.8	NA
6438	4.6	NA
6439	3.7	NA
6440	4.7	NA
6441	4.5	NA
6442	1.4	NA
6445	4.5	NA
6446	4.7	NA
6449	3.5	NA
6451	3.5	NA
6453	1.5	NA
6455	3.5	NA
6456	3.6	NA
6457	4.7	NA
6459	4.8	NA
6461	3.6	NA
6462	1.4	NA
6464	1.4	NA
6465	3.5	NA
6466	3.5	NA
6472	3.6	NA
6473	3.6	NA
6474	4.6	NA
6475	3.5	NA
6476	4.6	NA
6479	4.7	NA
6481	3.6	NA
6483	3.6	NA
6484	2.5	NA
6485	3.6	NA
6486	3.8	NA
6487	4.6	NA
6490	1.4	NA
6492	1.4	NA
6493	1.4	NA
6494	1.4	NA
6498	4.6	NA
6501	1.5	NA
6502	3.5	NA
6503	1.5	NA
6504	3.5	NA
6505	3.5	NA
6507	3.6	NA
6509	4.8	NA
6512	2.6	NA
6515	3.6	NA
6516	4.6	NA
6518	4.7	NA
6519	4.8	NA
6520	1.5	NA
6522	2.5	NA
6523	3.5	NA
6524	2.5	NA
6525	3.5	NA
6526	4.7	NA
6528	4.8	NA
6530	3.6	NA
6533	3.6	NA
6534	3.5	NA
6537	4.5	NA
6538	3.6	NA
6541	4.6	NA
6542	4.5	NA
6547	3.6	NA
6551	2.4	NA
6553	3.4	NA
6556	3.6	NA
6560	3.5	NA
6561	3.5	NA
6562	3.5	NA
6564	4.7	NA
6570	2.4	NA
6571	2.4	NA
6573	3.5	NA
6574	3.6	NA
6581	2.5	NA
6583	3.6	NA
6585	4.6	NA
6586	4.7	NA
6587	4.7	NA
6594	3.6	NA
6596	3.6	NA
6601	3.5	NA
6602	4.7	NA
6608	3.4	NA
6609	2.4	NA
6611	4.8	NA
6612	4.8	NA
6613	4.8	NA
6616	2.4	NA
6621	3.7	NA
6622	3.7	NA
6623	3.5	NA
6624	1.5	NA
6627	1.5	NA
6628	2.6	NA
6629	3.8	NA
6630	3.8	NA
6633	3.6	NA
6636	3.6	NA
6637	3.6	NA
6639	3.6	NA
6641	3.4	NA
6642	4.6	NA
6643	4.7	NA
6645	2.4	NA
6650	3.6	NA
6651	4.8	NA
6652	3.8	NA
6653	3.6	NA
6654	2.5	NA
6655	2.5	NA
6660	4.8	NA
6661	3.5	NA
6662	4.7	NA
6663	4.8	NA
6666	2.5	NA
6667	1.3	NA
6668	2.5	NA
6672	3.6	NA
6676	2.5	NA
6677	2.5	NA
6679	4.6	NA
6680	4.8	NA
6681	3.7	NA
6682	3.6	NA
6685	3.5	NA
6686	3.6	NA
6689	4.6	NA
6690	3.6	NA
6691	3.4	NA
6693	3.4	NA
6699	5	NA
6702	3.6	NA
6703	2.6	NA
6704	3.7	NA
6706	3.6	NA
6707	4.8	NA
6708	3.6	NA
6710	3.5	NA
6712	3.5	NA
6713	3.6	NA
6716	5	NA
6718	4.6	NA
6719	3.7	NA
6722	3.7	NA
6724	4.7	NA
6726	3.5	NA
6727	3.6	NA
6730	3.5	NA
6732	1.4	NA
6734	4.8	NA
6737	3.8	NA
6739	3.6	NA
6741	2.5	NA
6743	3.5	NA
6744	3.6	NA
6749	3.6	NA
6751	3.4	NA
6753	3.6	NA
6755	3.7	NA
6759	2.5	NA
6763	4.7	NA
6767	4.8	NA
6774	4.8	NA
6776	3.8	NA
6779	3.6	NA
6780	3.6	NA
6782	3.6	NA
6783	4.8	NA
6785	4.6	NA
6786	4.7	NA
6787	3.5	NA
6788	3.4	NA
6790	3.5	NA
6792	5	NA
6793	4.6	NA
6794	4.7	NA
6795	4.6	NA
6796	1.5	NA
6797	2.5	NA
6798	2.5	NA
6801	5	NA
6803	4.6	NA
6806	2.5	NA
6807	3.5	NA
6808	3.5	NA
6809	3.5	NA
6811	2.5	NA
6815	3.7	NA
6817	1.4	NA
6818	3.5	NA
6820	3.5	NA
6821	4.8	NA
6823	3.5	NA
6826	3.5	NA
6827	3.5	NA
6828	3.6	NA
6829	1.5	NA
6831	3.6	NA
6832	4.8	NA
6835	3.7	NA
6836	3.4	NA
6837	1.4	NA
6838	3.4	NA
6839	3.4	NA
6841	4.8	NA
6842	3.5	NA
6844	3.6	NA
6846	2.4	NA
6848	2.4	NA
6850	2.3	NA
6852	4.6	NA
6853	4.6	NA
6854	4.6	NA
6856	4.6	NA
6858	4.6	NA
6859	4.5	NA
6860	4.6	NA
6861	5	NA
6864	3.6	NA
6867	4.6	NA
6871	3.7	NA
6872	4.8	NA
6873	3.7	NA
6874	3.5	NA
6876	3.5	NA
6878	3.5	NA
6881	4.7	NA
6882	4.7	NA
6883	3.5	NA
6886	3.6	NA
6888	5	NA
6889	3.6	NA
6891	4.6	NA
6892	3.5	NA
6893	3.5	NA
6895	3.4	NA
6898	4.8	NA
6900	4.6	NA
6904	4.7	NA
6906	4.7	NA
6908	4.7	NA
6909	4.7	NA
6910	3.5	NA
6911	3.4	NA
6915	4.7	NA
6916	3.6	NA
6917	4.7	NA
6925	3.6	NA
6926	4.8	NA
6928	4.7	NA
6929	3.7	NA
6930	3.6	NA
6933	1.4	NA
6935	4.7	NA
6936	4.7	NA
6937	4.7	NA
6938	4.8	NA
6939	4.7	NA
6941	2.4	NA
6943	2.4	NA
6944	2.4	NA
6949	3.7	NA
6951	4.6	NA
6952	3.6	NA
6953	1.4	NA
6954	3.6	NA
6956	3.6	NA
6959	4.8	NA
6960	3.7	NA
6962	1.4	NA
6963	1.4	NA
6965	1.4	NA
6967	1.4	NA
6972	3.7	NA
6973	3.5	NA
6976	3.5	NA
6977	3.5	NA
6984	2.5	NA
6985	2.6	NA
6986	4.6	NA
6988	4.8	NA
6989	4.7	NA
6990	4.7	NA
6999	4.5	NA
7003	2.4	NA
7010	4.6	NA
7011	3.5	NA
7012	2.7	NA
7014	4.6	NA
7015	3.7	NA
7017	4.6	NA
7023	1.4	NA
7024	1.5	NA
7029	4.7	NA
7030	3.5	NA
7031	3.5	NA
7032	3.6	NA
7033	4.7	NA
7034	3.5	NA
7036	4.6	NA
7037	4.6	NA
7038	4.8	NA
7039	4.8	NA
7041	3.4	NA
7042	3.3	NA
7046	4.6	NA
7047	3.5	NA
7048	4.8	NA
7049	4.8	NA
7050	4.6	NA
7051	4.6	NA
7052	3.6	NA
7053	3.4	NA
7055	4.8	NA
7057	4.6	NA
7059	2.5	NA
7062	3.5	NA
7065	4.7	NA
7067	4.8	NA
7068	1.4	NA
7069	1.4	NA
7071	1.4	NA
7072	1.4	NA
7073	5	NA
7075	4.8	NA
7076	3.6	NA
7078	3.5	NA
7079	3.6	NA
7080	3.6	NA
7089	1.5	NA
7091	2.4	NA
7095	3.7	NA
7096	4.7	NA
7097	3.5	NA
7098	3.6	NA
7102	4.7	NA
7106	3.7	NA
7107	3.6	NA
7109	3.6	NA
7111	3.5	NA
7112	3.6	NA
7113	4.7	NA
7114	3.5	NA
7115	3.7	NA
7117	4.5	NA
7122	4.7	NA
7128	4.7	NA
7129	4.6	NA
7130	4.7	NA
7131	3.8	NA
7132	3.7	NA
7134	3.7	NA
7135	3.7	NA
7136	4.6	NA
7137	4.6	NA
7140	4.6	NA
7141	4.7	NA
7142	4.7	NA
7146	3.7	NA
7147	3.6	NA
7148	3.5	NA
7149	3.5	NA
7151	3.6	NA
7152	3.5	NA
7154	4.7	NA
7157	4.6	NA
7158	4.6	NA
7159	3.6	NA
7160	4.6	NA
7162	4.5	NA
7163	4.7	NA
7167	2.5	NA
7168	2.5	NA
7169	1.5	NA
7170	2.6	NA
7171	1.5	NA
7172	2.6	NA
7173	4.7	NA
7174	3.7	NA
7175	3.6	NA
7176	3.7	NA
7177	1.5	NA
7178	3.5	NA
7179	2.5	NA
7180	1.5	NA
7181	3.5	NA
7182	4.7	NA
7183	4.7	NA
7184	4.7	NA
7187	1.6	NA
7188	3.5	NA
7190	1.4	NA
7191	3.5	NA
7192	3.5	NA
7193	4.7	NA
7194	3.6	NA
7195	4.7	NA
7197	3.6	NA
7198	1.5	NA
7199	4.6	NA
7201	4.6	NA
7202	4.7	NA
7203	3.5	NA
7206	4.7	NA
7207	4.6	NA
7212	4.6	NA
7215	4.7	NA
7216	4.6	NA
7220	3.5	NA
7223	4.8	NA
7225	4.8	NA
7227	3.5	NA
7231	2.5	NA
7232	2.5	NA
7233	4.6	NA
7236	4.7	NA
7238	3.5	NA
7243	3.5	NA
7244	4.8	NA
7245	4.7	NA
7247	3.7	NA
7248	5	NA
7249	2.5	NA
7250	2.5	NA
7251	3.5	NA
7253	3.6	NA
7254	3.6	NA
7255	3.7	NA
7256	3.7	NA
7257	4.7	NA
7258	3.6	NA
7259	4.7	NA
7260	3.5	NA
7261	3.5	NA
7263	1.5	NA
7264	4.5	NA
7265	4.5	NA
7266	4.8	NA
7272	3.6	NA
7273	3.5	NA
7275	4.7	NA
7278	4.7	NA
7279	3.5	NA
7282	3.5	NA
7283	3.5	NA
7284	4.8	NA
7285	4.7	NA
7286	4.7	NA
7288	4.7	NA
7289	2.4	NA
7290	2.4	NA
7295	4.7	NA
7296	4.7	NA
7297	4.7	NA
7299	3.5	NA
7301	3.5	NA
7303	3.6	NA
7305	3.8	NA
7307	4.8	NA
7308	3.6	NA
7310	3.4	NA
7312	4.6	NA
7317	4.7	NA
7318	3.6	NA
7321	2.7	NA
7323	2.7	NA
7324	4.8	NA
7325	3.8	NA
7326	4.6	NA
7327	4.7	NA
7328	4.6	NA
7329	3.5	NA
7330	4.5	NA
7331	3.6	NA
7333	3.5	NA
7336	4.7	NA
7337	4.7	NA
7338	4.6	NA
7339	4.6	NA
7341	1.4	NA
7342	1.4	NA
7345	3.4	NA
7348	4.8	NA
7351	3.5	NA
7354	3.5	NA
7355	2.5	NA
7357	4.5	NA
7360	4.7	NA
7361	2.6	NA
7366	4.8	NA
7369	4.7	NA
7373	4.6	NA
7376	3.6	NA
7377	5	NA
7378	3.5	NA
7379	4.6	NA
7380	3.5	NA
7382	1.3	NA
7384	3.5	NA
7385	3.4	NA
7387	4.6	NA
7393	3.6	NA
7395	4.8	NA
7396	4.5	NA
7400	1.5	NA
7401	3.5	NA
7403	3.5	NA
7405	4.7	NA
7406	4.7	NA
7407	4.7	NA
7408	3.5	NA
7409	2.5	NA
7412	3.5	NA
7413	4.7	NA
7415	5	NA
7421	4.6	NA
7424	4.7	NA
7425	4.6	NA
7426	5	NA
7429	3.6	NA
7430	3.7	NA
7431	4.6	NA
7433	4.7	NA
7435	4.8	NA
7436	4.7	NA
7439	4.5	NA
7440	3.6	NA
7442	4.7	NA
7443	3.7	NA
7447	3.4	NA
7449	3.4	NA
7450	3.5	NA
7453	2.4	NA
7456	3.6	NA
7458	3.5	NA
7460	1.5	NA
7463	1.6	NA
7465	1.5	NA
7467	3.7	NA
7469	4.8	NA
7473	3.5	NA
7478	3.4	NA
7480	4.6	NA
7482	3.5	NA
7484	3.5	NA
7488	4.6	NA
7489	4.7	NA
7490	1.5	NA
7494	3.6	NA
7495	4.7	NA
7498	4.7	NA
7500	3.6	NA
7502	3.6	NA
7510	4.6	NA
7512	2.6	NA
7513	4.6	NA
7514	4.6	NA
7515	4.5	NA
7517	4.7	NA
7518	4.7	NA
7519	2.5	NA
7520	2.4	NA
7521	1.5	NA
7523	2.4	NA
7524	5	NA
7528	4.6	NA
7529	2.4	NA
7530	2.4	NA
7531	3.4	NA
7535	4.8	NA
7536	4.8	NA
7538	4.8	NA
7540	3.5	NA
7552	4.7	NA
7555	4.8	NA
7560	3.5	NA
7562	3.5	NA
7565	3.5	NA
7566	4.8	NA
7568	3.8	NA
7570	3.5	NA
7571	3.5	NA
7574	3.6	NA
7575	3.8	NA
7578	4.5	NA
7579	2.5	NA
7584	3.5	NA
7585	3.6	NA
7586	4.8	NA
7589	3.6	NA
7591	1.3	NA
7592	2.4	NA
7593	2.4	NA
7595	3.7	NA
7596	4.6	NA
7597	2.4	NA
7598	4.8	NA
7600	4.7	NA
7601	3.6	NA
7602	3.6	NA
7604	2.3	NA
7605	4.7	NA
7607	4.7	NA
7610	1.5	NA
7614	3.6	NA
7615	3.8	NA
7617	5	NA
7620	3.5	NA
7621	2.5	NA
7623	1.4	NA
7624	3.5	NA
7626	4.8	NA
7627	3.6	NA
7628	4.7	NA
7631	3.6	NA
7632	4.6	NA
7633	3.6	NA
7635	4.7	NA
7637	4.7	NA
7640	2.4	NA
7644	4.5	NA
7645	4.5	NA
7646	4.7	NA
7650	3.6	NA
7655	4.8	NA
7656	3.7	NA
7661	3.6	NA
7663	3.6	NA
7664	3.6	NA
7671	3.5	NA
7673	2.5	NA
7674	4.6	NA
7676	3.7	NA
7679	5	NA
7683	2.4	NA
7684	2.5	NA
7685	2.5	NA
7686	4.8	NA
7690	4.6	NA
7691	4.6	NA
7693	2.5	NA
7694	4.6	NA
7695	4.8	NA
7696	3.7	NA
7698	4.8	NA
7704	1.4	NA
7705	2.4	NA
7706	5	NA
7708	4.8	NA
7709	4.8	NA
7710	4.6	NA
7713	4.6	NA
7715	4.7	NA
7717	4.8	NA
7721	4.5	NA
7725	4.8	NA
7727	4.7	NA
7730	2.4	NA
7735	4.7	NA
7736	3.6	NA
7737	3.7	NA
7738	4.7	NA
7745	3.6	NA
7748	4.6	NA
7749	2.5	NA
7750	2.5	NA
7756	3.7	NA
7758	4.7	NA
7759	4.7	NA
7761	3.6	NA
7762	3.6	NA
7765	3.6	NA
7766	4.7	NA
7767	5	NA
7770	3.5	NA
7773	3.5	NA
7774	4.6	NA
7775	4.7	NA
7783	2.4	NA
7786	4.6	NA
7788	4.7	NA
7789	4.8	NA
7791	4.5	NA
7796	3.5	NA
7797	4.9	NA
7799	3.6	NA
7800	4.6	NA
7801	4.6	NA
7802	3.4	NA
7803	4.6	NA
7806	4.8	NA
7809	1.4	NA
7812	3.6	NA
7814	4.7	NA
7815	4.7	NA
7816	2.7	NA
7818	1.4	NA
7824	4.6	NA
7825	2.8	NA
7826	4.7	NA
7827	1.5	NA
7828	4.6	NA
7829	3.5	NA
7830	3.5	NA
7831	4.8	NA
7832	4.7	NA
7833	4.8	NA
7835	4.8	NA
7837	4.7	NA
7840	4.9	NA
7842	4.8	NA
7843	4.8	NA
7845	4.6	NA
7846	4.6	NA
7848	1.5	NA
7850	4.8	NA
7852	4.8	NA
7853	3.5	NA
7854	3.5	NA
7855	3.5	NA
7856	3.5	NA
7857	3.5	NA
7858	4.8	NA
7860	4.7	NA
7862	3.7	NA
7863	3.5	NA
7865	3.6	NA
7870	4.6	NA
7871	4.8	NA
7873	3.6	NA
7874	3.6	NA
7879	3.5	NA
7880	3.7	NA
7882	4.5	NA
7883	4.6	NA
7885	2.5	NA
7886	4.6	NA
7894	4.6	NA
7895	4.6	NA
7897	3.5	NA
7901	3.6	NA
7904	3.5	NA
7905	4.8	NA
7907	4.7	NA
7908	4.8	NA
7910	3.6	NA
7911	3.6	NA
7913	3.5	NA
7914	3.6	NA
7915	3.5	NA
7916	4.7	NA
7918	4.8	NA
7919	4.7	NA
7920	3.5	NA
7922	3.6	NA
7924	4.7	NA
7928	3.8	NA
7929	1.4	NA
7930	3.4	NA
7931	3.5	NA
7941	1.3	NA
7942	1.4	NA
7943	4.7	NA
7944	3.8	NA
7945	4.9	NA
7948	1.4	NA
7952	4.8	NA
7955	4.7	NA
7956	2.5	NA
7958	2.5	NA
7960	2.5	NA
7961	4.7	NA
7962	4.7	NA
7965	4.7	NA
7968	1.4	NA
7969	3.4	NA
7970	2.6	NA
7974	4.8	NA
7975	4.8	NA
7978	3.6	NA
7979	2.5	NA
7982	3.8	NA
7983	4.8	NA
7984	4.8	NA
7988	3.5	NA
7991	3.5	NA
7992	4.8	NA
7994	4.8	NA
8000	2.4	NA
8001	3.8	NA
8003	4.8	NA
8004	3.7	NA
8007	2.4	NA
8008	2.5	NA
8009	2.4	NA
8011	4.8	NA
8013	3.8	NA
8015	3.5	NA
8016	2.5	NA
8017	1.5	NA
8019	4.6	NA
8020	4.7	NA
8022	3.7	NA
8023	4.6	NA
8026	3.6	NA
8027	4.7	NA
8030	4.8	NA
8033	3.5	NA
8034	4.5	NA
8035	1.4	NA
8036	4.6	NA
8042	3.6	NA
8043	3.6	NA
8045	3.6	NA
8046	4.8	NA
8048	4.8	NA
8051	4.6	NA
8052	4.6	NA
8053	4.6	NA
8054	4.6	NA
8056	3.7	NA
8061	3.5	NA
8062	3.5	NA
8063	2.5	NA
8066	4.8	NA
8070	3.6	NA
8074	4.8	NA
8075	4.8	NA
8078	3.5	NA
8080	3.5	NA
8081	3.5	NA
8082	4.7	NA
8083	4.7	NA
8085	4.7	NA
8086	3.6	NA
8087	4.6	NA
8088	4.6	NA
8097	3.6	NA
8098	4.6	NA
8099	3.6	NA
8100	4.5	NA
8101	3.6	NA
8102	4.7	NA
8103	3.7	NA
8106	3.3	NA
8107	3.4	NA
8111	4.7	NA
8113	1.4	NA
8114	1.5	NA
8115	1.4	NA
8116	1.4	NA
8117	1.5	NA
8118	3.7	NA
8123	3.3	NA
8125	1.4	NA
8128	3.8	NA
8131	3.5	NA
8132	3.5	NA
8133	1.4	NA
8135	3.5	NA
8139	4.7	NA
8140	3.4	NA
8142	3.4	NA
8144	3.3	NA
8146	3.8	NA
8148	4.8	NA
8149	3.6	NA
8150	3.5	NA
8151	3.5	NA
8153	2.6	NA
8154	4.7	NA
8160	2.5	NA
8164	4.8	NA
8166	4.8	NA
8167	3.5	NA
8169	4.5	NA
8170	2.5	NA
8171	2.5	NA
8172	5	NA
8174	4.8	NA
8176	4.6	NA
8178	1.5	NA
8181	4.8	NA
8182	4.8	NA
8183	4.6	NA
8185	4.6	NA
8188	4.7	NA
8197	3.6	NA
8198	2.2	NA
8202	3.7	NA
8203	4.5	NA
8204	4.5	NA
8205	2.4	NA
8207	3.4	NA
8208	4.8	NA
8209	4.7	NA
8214	2.4	NA
8218	4.7	NA
8221	1.5	NA
8222	2.5	NA
8224	2.5	NA
8226	4.8	NA
8229	3.7	NA
8231	1.5	NA
8232	3.5	NA
8234	4.6	NA
8235	4.7	NA
8236	2.6	NA
8237	4.7	NA
8238	4.7	NA
8239	1.5	NA
8240	1.5	NA
8241	1.5	NA
8242	1.4	NA
8243	1.5	NA
8244	4.7	NA
8245	4.7	NA
8250	4.6	NA
8252	3.6	NA
8253	4.9	NA
8254	4.8	NA
8255	4.8	NA
8256	3.8	NA
8257	3.7	NA
8259	3.6	NA
8260	3.6	NA
8261	3.6	NA
8262	4.8	NA
8265	4.8	NA
8268	1.5	NA
8270	3.5	NA
8271	4.8	NA
8273	4.7	NA
8275	2.4	NA
8278	2.4	NA
8279	2.4	NA
8280	2.6	NA
8284	4.5	NA
8286	3.5	NA
8287	4.5	NA
8290	3.6	NA
8291	4.7	NA
8292	4.7	NA
8293	1.5	NA
8295	3.6	NA
8297	4.6	NA
8298	4.5	NA
8299	3.7	NA
8301	4.6	NA
8302	3.6	NA
8303	3.6	NA
8308	4.8	NA
8309	4.8	NA
8310	4.8	NA
8311	2.4	NA
8315	2.4	NA
8318	3.6	NA
8319	4.6	NA
8320	2.3	NA
8322	2.3	NA
8324	2.5	NA
8332	3.3	NA
8337	3.8	NA
8341	4.6	NA
8342	4.7	NA
8344	3.7	NA
8346	4.8	NA
8348	4.6	NA
8350	2.6	NA
8353	3.7	NA
8354	4.7	NA
8357	4.6	NA
8359	3.6	NA
8361	4.7	NA
8364	4.8	NA
8365	3.6	NA
8369	4.7	NA
8370	3.7	NA
8371	4.7	NA
8372	4.7	NA
8373	3.7	NA
8378	3.4	NA
8380	3.8	NA
8382	4.8	NA
8385	4.6	NA
8386	3.6	NA
8387	4.6	NA
8390	4.8	NA
8391	3.7	NA
8392	3.4	NA
8393	2.4	NA
8394	2.4	NA
8395	3.5	NA
8397	4.8	NA
8399	4.7	NA
8401	1.5	NA
8402	3.4	NA
8403	2.6	NA
8405	3.6	NA
8408	4.8	NA
8410	4.7	NA
8411	4.6	NA
8413	4.7	NA
8414	4.7	NA
8415	4.7	NA
8416	4.7	NA
8418	4.7	NA
8420	1.5	NA
8422	1.4	NA
8423	1.5	NA
8427	3.6	NA
8428	1.5	NA
8429	1.3	NA
8432	1.5	NA
8433	4.8	NA
8436	4.7	NA
8438	2.4	NA
8439	2.4	NA
8440	2.5	NA
8442	4.6	NA
8443	2.7	NA
8445	4.7	NA
8447	3.5	NA
8448	3.5	NA
8450	3.6	NA
8454	3.8	NA
8463	4.8	NA
8464	3.5	NA
8465	3.5	NA
8466	2.5	NA
8467	3.5	NA
8468	3.5	NA
8472	4.8	NA
8473	2.5	NA
8477	2.5	NA
8478	4.8	NA
8480	4.7	NA
8485	4.5	NA
8487	4.8	NA
8488	4.7	NA
8491	1.5	NA
8495	4.6	NA
8496	4.7	NA
8497	4.7	NA
8498	4.7	NA
8499	4.7	NA
8503	4.7	NA
8508	4.8	NA
8509	3.6	NA
8510	3.6	NA
8513	3.6	NA
8515	4.8	NA
8518	3.6	NA
8519	3.5	NA
8522	3.7	NA
8523	4.8	NA
8526	4.8	NA
8527	2.5	NA
8531	1.5	NA
8533	3.7	NA
8534	4.8	NA
8535	4.8	NA
8539	2.5	NA
8540	3.6	NA
8542	4.7	NA
8544	3.7	NA
8545	3.6	NA
8546	3.6	NA
8547	3.6	NA
8549	3.6	NA
8550	4.7	NA
8552	4.8	NA
8553	4.8	NA
8554	3.5	NA
8556	2.5	NA
8557	3.5	NA
8559	4.8	NA
8560	3.7	NA
8565	2.6	NA
8568	4.7	NA
8570	4.8	NA
8573	4.6	NA
8575	1.5	NA
8577	3.7	NA
8579	4.8	NA
8580	3.8	NA
8583	3.5	NA
8585	3.6	NA
8587	4.8	NA
8591	2.5	NA
8592	4.5	NA
8595	4.8	NA
8599	2.5	NA
8602	2.5	NA
8603	3.5	NA
8604	4.8	NA
8605	4.7	NA
8612	4.5	NA
8615	4.8	NA
8616	4.8	NA
8617	2.5	NA
8619	1.4	NA
8621	2.5	NA
8623	4.6	NA
8625	4.7	NA
8628	1.4	NA
8634	3.8	NA
8638	3.5	NA
8640	4.8	NA
8641	4.8	NA
8642	4.7	NA
8643	3.6	NA
8644	4.7	NA
8648	3.5	NA
8650	3.5	NA
8652	5	NA
8653	4.7	NA
8654	3.7	NA
8655	3.5	NA
8659	3.5	NA
8661	2.7	NA
8662	3.7	NA
8666	1.4	NA
8667	1.4	NA
8670	3.7	NA
8671	4.7	NA
8672	4.7	NA
8673	2.5	NA
8677	1.6	NA
8681	4.8	NA
8682	2.4	NA
8687	4.7	NA
8688	4.7	NA
8693	3.6	NA
8694	3.6	NA
8695	3.6	NA
8698	4.9	NA
8701	4.6	NA
8703	3.6	NA
8704	4.7	NA
8706	4.8	NA
8707	3.8	NA
8710	3.6	NA
8711	2.6	NA
8713	2.6	NA
8715	4.6	NA
8717	4.8	NA
8718	1.5	NA
8720	1.4	NA
8721	1.5	NA
8722	1.5	NA
8723	3.8	NA
8725	4.7	NA
8726	3.8	NA
8729	2.6	NA
8730	3.6	NA
8731	3.6	NA
8732	3.7	NA
8733	4.7	NA
8734	4.8	NA
8735	4.7	NA
8736	3.6	NA
8737	4.7	NA
8740	4.7	NA
8744	4.8	NA
8745	4.6	NA
8747	4.6	NA
8752	3.6	NA
8754	3.5	NA
8755	3.6	NA
8758	3.6	NA
8761	4.8	NA
8762	4.7	NA
8763	2.6	NA
8764	2.5	NA
8765	2.6	NA
8769	4.8	NA
8770	3.7	NA
8771	3.7	NA
8772	3.6	NA
8773	3.6	NA
8774	3.7	NA
8776	3.6	NA
8778	4.7	NA
8780	4.7	NA
8782	4.6	NA
8785	3.6	NA
8788	4.8	NA
8789	3.8	NA
8793	3.5	NA
8795	4.7	NA
8797	3.7	NA
8798	4.7	NA
8799	3.6	NA
8802	1.5	NA
8803	3.6	NA
8804	4.7	NA
8807	4.7	NA
8808	2.5	NA
8809	3.5	NA
8810	3.6	NA
8811	3.5	NA
8812	3.5	NA
8817	4.7	NA
8818	3.6	NA
8819	4.7	NA
8820	3.6	NA
8821	4.7	NA
8824	4.8	NA
8825	3.8	NA
8826	3.5	NA
8827	3.5	NA
8828	2.6	NA
8829	2.6	NA
8831	4.7	NA
8833	4.8	NA
8835	2.5	NA
8837	3.6	NA
8839	3.6	NA
8840	3.7	NA
8843	4.7	NA
8845	2.6	NA
8847	3.6	NA
8849	4.7	NA
8850	4.7	NA
8851	3.8	NA
8853	3.6	NA
8857	4.7	NA
8860	4.8	NA
8861	4.8	NA
8863	3.6	NA
8864	3.6	NA
8865	2.6	NA
8866	3.5	NA
8868	3.5	NA
8870	3.7	NA
8871	4.6	NA
8872	2.5	NA
8874	3.5	NA
8877	4.7	NA
8880	1.5	NA
8881	1.5	NA
8882	1.5	NA
8883	1.5	NA
8884	1.5	NA
8885	4.8	NA
8886	3.8	NA
8887	4.7	NA
8889	2.4	NA
8890	1.4	NA
8891	2.4	NA
8893	2.4	NA
8895	4.7	NA
8896	5	NA
8897	4.6	NA
8898	2.5	NA
8899	2.5	NA
8900	1.4	NA
8904	3.8	NA
8905	4.7	NA
8906	3.7	NA
8909	2.5	NA
8910	2.5	NA
8911	3.5	NA
8912	4.7	NA
8919	3.5	NA
8920	4.6	NA
8921	4.7	NA
8922	3.8	NA
8923	4.7	NA
8925	3.6	NA
8927	3.6	NA
8928	2.6	NA
8929	3.6	NA
8930	4.8	NA
8931	3.8	NA
8933	4.7	NA
8935	3.6	NA
8939	4.6	NA
8940	4.7	NA
8946	3.5	NA
8947	3.5	NA
8950	3.7	NA
8951	3.7	NA
8953	3.7	NA
8954	3.7	NA
8960	4.7	NA
8962	3.4	NA
8968	5	NA
8969	4.7	NA
8970	3.5	NA
8971	2.5	NA
8974	3.5	NA
8975	4.8	NA
8979	3.5	NA
8981	2.5	NA
8984	4.8	NA
8985	5	NA
8989	3.6	NA
8990	4.6	NA
8991	3.6	NA
8993	4.8	NA
8995	4.7	NA
8997	3.7	NA
9002	4.6	NA
9003	4.6	NA
9004	3.6	NA
9007	3.8	NA
9008	4.6	NA
9009	4.7	NA
9010	4.5	NA
9012	4.7	NA
9013	4.8	NA
9016	4.7	NA
9018	2.4	NA
9020	2.4	NA
9022	4.7	NA
9023	4.6	NA
9025	4.7	NA
9026	3.4	NA
9027	3.4	NA
9032	4.7	NA
9034	4.8	NA
9042	4.8	NA
9043	4.8	NA
9047	4.6	NA
9048	4.6	NA
9049	4.8	NA
9052	4.7	NA
9055	3.6	NA
9057	3.6	NA
9059	3.6	NA
9060	4.6	NA
9061	4.8	NA
9062	4.6	NA
9063	3.6	NA
9064	4.6	NA
9065	2.4	NA
9072	3.5	NA
9076	4.7	NA
9079	4.7	NA
9081	3.5	NA
9082	3.5	NA
9084	3.5	NA
9087	4.5	NA
9088	4.7	NA
9089	1.5	NA
9091	2.5	NA
9092	2.5	NA
9100	3.6	NA
9104	4.7	NA
9105	4.7	NA
9107	2.4	NA
9111	2.4	NA
9112	4.7	NA
9114	4.7	NA
9115	3.7	NA
9116	3.5	NA
9118	4.6	NA
9119	2.5	NA
9120	2.6	NA
9121	4.8	NA
9122	3.8	NA
9123	4.8	NA
9124	4.7	NA
9128	2.4	NA
9130	4.7	NA
9135	4.6	NA
9138	4.6	NA
9143	4.6	NA
9144	3.5	NA
9145	4.6	NA
9149	3.8	NA
9151	5	NA
9152	3.5	NA
9154	2.5	NA
9157	4.7	NA
9158	3.5	NA
9162	3.5	NA
9163	3.5	NA
9164	3.5	NA
9165	3.6	NA
9166	4.7	NA
9168	4.8	NA
9170	5	NA
9173	3.6	NA
9174	5	NA
9175	4.6	NA
9176	4.8	NA
9178	3.5	NA
9179	3.5	NA
9180	1.4	NA
9182	3.5	NA
9190	2.5	NA
9191	2.5	NA
9195	4.7	NA
9197	2.5	NA
9199	2.5	NA
9201	3.5	NA
9202	4.5	NA
9203	4.8	NA
9204	3.8	NA
9205	4.8	NA
9207	3.6	NA
9209	3.5	NA
9210	3.6	NA
9214	3.8	NA
9216	1.4	NA
9217	1.4	NA
9218	1.3	NA
9219	1.4	NA
9220	3.7	NA
9221	5	NA
9225	1.4	NA
9226	3.4	NA
9227	3.4	NA
9228	3.4	NA
9229	4.7	NA
9231	4.8	NA
9232	4.8	NA
9234	4.7	NA
9237	4.7	NA
9243	1.4	NA
9244	3.4	NA
9245	1.4	NA
9246	3.5	NA
9248	3.7	NA
9251	1.5	NA
9252	1.5	NA
9253	1.4	NA
9256	4.8	NA
9257	3.8	NA
9258	4.8	NA
9260	2.6	NA
9261	2.6	NA
9263	2.6	NA
9265	4.8	NA
9266	3.8	NA
9267	4.6	NA
9268	4.7	NA
9270	2.5	NA
9271	2.4	NA
9276	4.8	NA
9277	3.8	NA
9278	2.6	NA
9279	4.6	NA
9282	2.6	NA
9283	4.8	NA
9286	3.8	NA
9289	3.5	NA
9290	3.5	NA
9291	3.6	NA
9294	4.8	NA
9296	3.5	NA
9298	3.6	NA
9301	4.8	NA
9302	4.8	NA
9304	4.7	NA
9306	3.4	NA
9310	4.7	NA
9311	3.6	NA
9312	4.7	NA
9316	1.5	NA
9317	1.4	NA
9318	1.5	NA
9320	4.7	NA
9321	4.8	NA
9322	4.7	NA
9324	3.5	NA
9325	2.4	NA
9331	4.8	NA
9332	4.8	NA
9333	4.8	NA
9334	3.6	NA
9339	4.8	NA
9340	3.7	NA
9341	4.7	NA
9345	2.6	NA
9346	2.4	NA
9347	2.6	NA
9348	4.8	NA
9352	3.5	NA
9353	3.5	NA
9355	3.5	NA
9357	4.7	NA
9358	4.7	NA
9360	3.7	NA
9363	3.5	NA
9364	3.5	NA
9365	3.5	NA
9366	4.8	NA
9372	3.5	NA
9376	4.7	NA
9378	4.7	NA
9379	3.4	NA
9381	2.4	NA
9382	2.4	NA
9383	3.4	NA
9384	4.7	NA
9390	2.5	NA
9392	3.5	NA
9396	4.7	NA
9397	3.4	NA
9398	3.5	NA
9399	3.5	NA
9403	3.6	NA
9404	4.7	NA
9405	4.8	NA
9406	3.5	NA
9409	4.5	NA
9410	3.5	NA
9411	3.8	NA
9415	1.5	NA
9416	3.6	NA
9417	4.6	NA
9418	1.5	NA
9419	3.6	NA
9420	4.8	NA
9421	4.8	NA
9422	4.8	NA
9428	4.5	NA
9429	3.7	NA
9432	4.6	NA
9440	5	NA
9441	4.8	NA
9443	2.6	NA
9446	3.6	NA
9450	4.7	NA
9454	3.6	NA
9458	4.8	NA
9459	3.8	NA
9460	4.7	NA
9463	3.6	NA
9464	2.6	NA
9466	3.7	NA
9468	4.7	NA
9470	4.7	NA
9472	1.5	NA
9474	1.4	NA
9476	4.8	NA
9477	4.8	NA
9478	3.5	NA
9479	4.7	NA
9480	2.5	NA
9481	3.6	NA
9483	3.6	NA
9484	3.5	NA
9485	4.8	NA
9486	4.6	NA
9487	4.6	NA
9491	3.5	NA
9494	4.7	NA
9498	3.5	NA
9501	3.5	NA
9503	4.8	NA
9505	4.7	NA
9507	3.5	NA
9508	3.5	NA
9509	1.5	NA
9511	4.5	NA
9513	3.8	NA
9514	4.7	NA
9518	3.6	NA
9519	3.5	NA
9520	3.6	NA
9521	4.7	NA
9522	3.7	NA
9523	3.7	NA
9527	1.6	NA
9528	1.5	NA
9533	4.8	NA
9534	1.5	NA
9536	3.5	NA
9539	4.7	NA
9543	2.3	NA
9546	2.4	NA
9547	2.4	NA
9548	3.5	NA
9550	4.7	NA
9552	3.5	NA
9553	3.6	NA
9559	4.8	NA
9560	4.8	NA
9564	3.7	NA
9566	4.8	NA
9568	4.8	NA
9573	3.5	NA
9575	3.7	NA
9582	3.5	NA
9585	3.7	NA
9586	4.7	NA
9587	4.8	NA
9588	4.6	NA
9589	3.5	NA
9590	1.4	NA
9595	3.6	NA
9596	4.6	NA
9597	4.7	NA
9598	4.7	NA
9601	3.6	NA
9603	3.6	NA
9606	4.8	NA
9608	4.6	NA
9611	3.6	NA
9612	3.5	NA
9613	4.8	NA
9614	4.8	NA
9618	2.5	NA
9619	1.4	NA
9620	2.5	NA
9621	2.5	NA
9622	4.8	NA
9625	4.8	NA
9626	2.6	NA
9628	2.6	NA
9629	2.6	NA
9630	2.7	NA
9633	3.7	NA
9634	4.8	NA
9637	3.6	NA
9640	3.6	NA
9642	4.8	NA
9647	3.5	NA
9648	3.5	NA
9649	3.5	NA
9652	4.7	NA
9654	4.7	NA
9655	3.5	NA
9658	3.5	NA
9660	4.7	NA
9661	3.8	NA
9663	4.8	NA
9664	4.7	NA
9670	4.7	NA
9671	4.7	NA
9672	4.8	NA
9673	3.5	NA
9674	2.5	NA
9679	4.7	NA
9681	3.8	NA
9682	3.5	NA
9683	3.4	NA
9685	3.4	NA
9686	3.5	NA
9688	3.6	NA
9690	4.7	NA
9693	2.6	NA
9696	4.7	NA
9705	4.8	NA
9707	4.7	NA
9711	3.6	NA
9712	4.5	NA
9714	4.8	NA
9716	4.6	NA
9724	3.8	NA
9725	4.8	NA
9727	2.5	NA
9728	2.4	NA
9729	3.5	NA
9732	3.6	NA
9734	5	NA
9735	4.8	NA
9737	4.5	NA
9739	1.4	NA
9740	4.5	NA
9741	4.8	NA
9742	4.8	NA
9743	5	NA
9750	4.7	NA
9751	4.8	NA
9754	3.6	NA
9755	3.6	NA
9756	4.6	NA
9761	3.5	NA
9762	1.4	NA
9767	1.5	NA
9768	1.5	NA
9772	1.3	NA
9775	2.5	NA
9777	1.4	NA
9779	2.4	NA
9781	4.5	NA
9782	1.4	NA
9783	1.3	NA
9785	1.5	NA
9787	1.4	NA
9790	3.5	NA
9791	1.5	NA
9792	2.5	NA
9793	3.5	NA
9794	1.4	NA
9796	1.3	NA
9797	1.4	NA
9798	3.5	NA
9802	1.5	NA
9804	1.5	NA
9807	1.5	NA
9808	1.4	NA
9809	1.5	NA
9810	1.5	NA
9812	2.4	NA
9813	1.5	NA
9818	2.4	NA
9819	1.4	NA
9823	3.5	NA
9824	2.4	NA
9826	1.4	NA
9828	1.5	NA
9830	2.4	NA
9831	1.4	NA
9832	1.4	NA
9833	1.5	NA
9834	1.5	NA
9835	1.5	NA
9837	1.5	NA
9842	2.5	NA
9845	2.3	NA
9848	1.4	NA
9849	3.4	NA
9850	1.5	NA
9852	1.5	NA
9854	1.4	NA
9855	3.4	NA
9857	1.4	NA
9858	2.5	NA
9861	1.4	NA
9862	2.4	NA
9865	2.4	NA
9866	3.5	NA
9867	1.4	NA
9871	1.3	NA
9872	1.4	NA
9873	1.4	NA
9881	2.5	NA
9883	1.3	NA
9887	1.5	NA
9888	2.4	NA
9890	3.3	NA
9891	2.4	NA
9892	1.4	NA
9894	1.4	NA
9896	3.5	NA
9898	1.4	NA
9899	1.3	NA
9901	1.4	NA
9902	1.4	NA
9906	2.5	NA
9908	1.5	NA
9909	2.5	NA
9910	1.4	NA
9913	1.4	NA
9917	1.4	NA
9918	1.4	NA
9920	1.4	NA
9923	1.5	NA
9924	1.3	NA
9925	1.5	NA
9928	1.5	NA
9929	1.4	NA
9930	1.4	NA
9932	2.4	NA
9933	1.5	NA
9937	1.4	NA
9941	1.4	NA
9944	1.4	NA
9945	1.4	NA
9946	1.4	NA
9950	2.4	NA
9952	2.5	NA
9953	1.5	NA
9954	1.5	NA
9956	1.4	NA
9957	1.4	NA
9958	4.4	NA
9959	1.5	NA
9961	1.5	NA
9962	1.4	NA
9964	1.5	NA
9965	1.3	NA
9966	1.4	NA
9969	3.5	NA
9970	1.5	NA
9971	2.4	NA
9972	1.4	NA
9977	1.4	NA
9978	1.4	NA
9979	2.5	NA
9986	2.5	NA
9987	1.5	NA
9989	1.4	NA
9990	1.6	NA
9991	1.4	NA
9992	1.4	NA
9994	1.4	NA
9995	1.4	NA
9996	1.5	NA